1
591.3583,201.3005,46.4549,36.3596
588.9255,200.7046,47.1827,35.7755
587.8791,200.0826,46.4756,35.8128
586.5303,199.5625,47.4622,37.7731
584.9529,199.3588,46.7436,38.1882
582.3358,197.7210,46.0079,39.7987
583.2992,197.6146,41.7357,43.0379
585.9008,198.5984,35.9424,48.1128
588.0118,197.3956,30.6696,52.9474
587.4483,197.4257,26.4104,57.5748
588.5309,194.9617,23.4639,58.0410
584.4028,192.0234,23.4956,52.7259
581.6079,192.3044,23.7994,50.3087
580.5783,190.9637,24.3231,49.0640
577.8477,190.9931,24.3033,47.1210
576.7805,189.0361,24.6852,45.6179
575.8088,188.4876,24.3960,44.9109
574.8858,188.3500,24.4614,45.3211
573.7348,187.9041,24.4614,46.0506
573.4589,187.5711,24.6636,45.8869
572.9028,187.0110,24.9311,46.8224
572.1838,186.1148,24.8180,46.5309
571.3326,186.3664,24.8424,46.4844
570.8823,185.5229,24.7139,46.8095
570.9053,185.8483,25.0022,46.6916
570.6492,186.4606,24.8720,46.6301
569.9164,186.1536,24.9875,47.4482
569.3181,187.3784,24.9264,47.4683
568.3408,187.0046,24.9133,47.9277
568.5443,186.9607,25.0506,48.7419
567.2883,186.4767,24.2694,49.9289
566.7429,186.3632,24.1874,49.9111
567.1603,185.8882,22.8987,51.3162
567.7448,184.6076,20.2579,56.0802
568.8323,183.0692,19.2653,57.4928
567.2858,183.3068,22.3139,56.6746
562.3527,183.7495,26.9694,55.4069
557.7745,185.4494,32.0661,55.6110
555.0648,185.6950,35.4544,56.0697
554.4091,184.9153,35.8877,56.9037
554.0244,186.2902,35.9057,57.4391
553.5937,186.9189,35.5104,57.0306
553.5604,187.8925,35.4022,57.7800
553.0952,186.3825,35.3773,58.2036
552.2959,186.9062,35.6820,58.5506
552.1887,187.5121,35.8006,59.9049
551.6904,187.5728,35.4826,61.8330
552.6981,189.1094,35.1568,65.3059
553.0027,188.2549,34.8903,65.8077
553.1306,189.3056,34.9918,66.7170
553.7425,188.5981,34.6083,65.9203
554.6423,189.8224,34.3318,65.8738
556.2916,190.9848,34.0170,65.5273
557.4897,191.3708,33.1747,66.3069
558.3649,191.1131,32.4465,66.4584
563.1004,192.6166,27.7693,71.5060
567.4708,196.4546,24.1163,77.9366
567.2432,192.0897,23.2308,75.5020
566.1302,189.1201,28.5604,69.8829
564.2007,190.5480,33.9360,64.2227
564.5180,191.6400,38.4620,59.3754
566.5476,192.7437,41.4372,54.8041
568.2713,195.4810,42.3076,54.0316
569.8743,195.9417,42.7130,53.8564
571.3528,198.0946,42.0945,53.8375
574.4932,196.0164,42.7753,52.3065
575.7581,199.1490,42.0115,52.7721
578.8613,197.3494,42.3245,51.8676
579.4674,200.4241,41.7144,51.1826
582.1810,198.0008,41.8420,51.1291
583.1503,200.9368,41.8977,51.3206
586.3860,198.5522,42.1807,51.2451
588.1708,201.1623,42.5956,51.8229
589.9883,200.4672,43.5773,51.4892
590.3381,202.6521,42.7977,52.5873
593.1500,201.1207,43.4559,51.9911
594.3736,203.3913,43.0168,52.2827
596.7963,201.0828,43.8227,51.6638
597.3320,203.4603,43.0368,52.4038
600.0381,201.9599,44.6134,51.2926
600.4051,204.9281,44.2854,52.3663
602.9209,203.4690,44.9067,52.1633
603.8747,205.6980,44.3423,53.6493
605.1530,205.2204,44.5928,53.4397
607.4133,205.3543,45.2899,52.3533
606.5983,207.5759,44.7374,53.8525
610.2112,206.0121,45.2321,52.4517
610.9256,207.5356,45.5176,52.8503
611.3289,207.0370,45.7546,52.0865
612.1337,207.4692,46.8830,53.2191
612.9773,207.4485,49.9160,51.2220
614.5659,207.0908,52.7040,47.7803
613.8182,208.7898,54.6199,45.4585
615.7118,208.5024,55.0441,43.9678
613.2634,210.1117,54.1806,43.9142
616.3107,210.1795,54.6122,44.4887
615.7007,211.2020,54.5708,44.6087
616.8176,209.4464,55.1773,44.6725
615.1614,211.4689,53.9498,45.1313
617.3766,210.1345,53.9810,44.7638
616.8087,211.0654,52.5642,44.5441
617.0387,213.7755,46.9775,48.7304
617.9946,217.0267,40.6371,55.4339
619.5416,223.5850,37.6930,59.3137
624.2765,212.3400,31.8400,62.1509
624.6384,213.4444,28.1196,64.9465
624.3467,211.5405,26.9349,65.5022
623.7212,211.3314,26.4632,66.2690
622.6382,212.2363,25.7875,66.5108
620.8230,210.4559,25.9064,66.7273
618.5760,209.0209,25.8607,67.5990
617.4343,208.6469,25.3795,67.0737
614.8001,207.7652,25.8721,69.7718
613.4551,209.3029,25.0553,77.5928
613.1783,207.3142,24.0373,82.1095
611.5714,208.2198,23.4343,88.1331
609.7680,209.0041,23.2012,95.2575
607.8649,205.9734,23.3690,99.7903
606.0636,206.6059,22.8166,100.2902
603.8235,203.5742,23.4606,104.7322
601.8257,204.1807,23.5730,105.2901
599.8044,203.1635,23.9083,108.9984
597.8301,204.4862,24.4134,112.7102
596.9926,201.5891,23.5724,108.4625
595.0394,203.8579,24.0266,110.5805
592.7621,203.1173,23.9754,113.8554
593.0051,203.1583,22.5111,120.5130
591.1967,198.1092,22.9342,121.4416
590.1866,200.4538,25.3105,115.0190
586.6972,195.0842,30.8824,105.8770
581.7017,197.8749,36.4656,97.5032
578.6323,199.7744,38.6720,96.0957
576.6279,199.3114,41.5390,91.7942
575.8453,199.7373,41.5156,89.1577
574.2751,199.6263,43.1276,87.0362
575.0634,200.2632,42.0707,89.4096
573.7588,200.3577,42.2194,88.4214
574.0597,198.5903,42.2034,87.3649
573.5823,200.4137,41.8291,88.2155
573.3643,200.9549,41.2602,88.5991
573.8891,200.6463,41.3374,88.1817
573.3439,200.4996,41.2572,88.8347
574.5629,200.9597,40.9932,88.1979
573.7439,200.6595,40.8531,88.1937
574.1971,200.5054,40.2313,88.6457
576.1027,199.7630,40.2230,87.7951
576.7450,200.4064,39.9010,86.9450
577.7299,200.0452,39.3898,85.7577
578.1758,199.9480,40.2536,82.0822
578.9821,200.7753,39.1285,81.2206
580.5817,198.6855,40.1014,79.1940
581.4127,199.9159,40.0740,79.3168
582.1266,199.4824,40.7766,77.9601
582.2015,200.6490,41.5682,75.9900
582.7595,199.5083,43.4552,73.2486
583.8909,195.9592,48.4255,67.2864
581.5829,196.1397,51.7512,61.3563
585.4052,195.6496,54.3408,57.0806
585.9689,199.4901,55.0358,55.2230
588.2154,199.0580,54.8568,54.9942
590.0090,199.0210,54.6757,54.8619
590.9249,198.5028,55.5009,55.4182
593.0902,196.7276,57.3535,53.7556
595.0950,195.7003,58.7452,52.2614
594.8787,197.4996,58.0028,51.6272
596.9482,195.0998,59.1653,53.3954
607.5875,190.4172,66.2356,59.6275
631.3340,177.5146,75.4272,62.3298
630.0241,171.7323,79.0466,59.5759
617.9634,174.1809,79.5709,60.1595
606.7125,175.8609,80.1539,65.6959
599.0546,175.1765,79.2402,66.3220
592.3757,178.5442,78.8498,71.2634
585.0164,178.9377,79.0147,72.7388
574.3901,172.7647,86.2105,64.1509
565.9586,176.4722,94.5886,58.2883
556.6107,180.5211,103.8025,63.8426
544.9390,181.8654,114.6661,63.0547
533.4257,183.3643,119.3555,61.6429
521.5576,190.6154,110.5077,60.5608
514.6696,187.9971,100.0318,64.3236
2
0
0
0
0
1
613.7844,201.5621,34.7168,48.1060
617.0964,202.2212,29.5039,53.0026
617.7259,201.4060,26.7470,54.9776
616.5209,201.2394,27.3082,55.6708
614.2803,200.9467,28.5600,55.9074
612.7007,201.5221,28.8177,56.4166
611.8812,201.7029,28.8708,57.3259
611.3077,201.0536,28.5621,57.7258
611.0645,201.2434,28.2671,57.6214
610.3844,200.4356,27.6528,57.2660
609.6001,200.4222,27.3867,57.3793
609.3405,201.6035,27.5393,57.6689
607.9500,201.4994,27.2496,57.8726
607.9599,201.2080,27.5550,58.9118
606.7944,200.7545,27.2552,59.3061
606.6350,201.8709,27.8438,60.3755
605.5190,200.9366,27.5371,61.0434
604.6541,202.1316,28.1550,61.1222
603.5225,201.6378,28.3615,61.2930
602.3269,201.8241,28.5483,60.4464
601.3903,200.8906,28.9610,60.9314
601.0692,201.4078,28.8989,61.7957
599.3790,201.7115,29.1299,60.6248
598.8980,202.1618,28.9778,60.6632
598.0867,202.1968,28.7368,59.4647
597.5295,202.7777,28.4229,59.1605
596.5794,203.1819,28.3416,58.7553
596.1663,202.6910,28.4757,58.4835
595.1271,203.0309,28.3612,57.9606
594.8029,202.8898,28.4944,58.2253
594.0381,202.8650,28.3146,57.9595
592.9960,203.4262,28.6357,57.5246
592.6495,202.8627,29.0187,57.3722
592.3092,202.7666,29.5117,57.0201
592.3116,203.7563,29.7005,56.7811
592.6308,203.9355,29.9547,57.0681
591.0831,204.0368,31.9016,55.8447
589.5844,205.6360,34.1749,53.5863
587.1998,206.1237,38.7549,52.9787
587.2934,209.2293,41.8141,55.1832
580.7211,206.7182,47.0588,54.0963
582.4916,209.5874,48.7293,54.4710
579.3226,209.8206,48.9902,55.2078
573.4846,210.0199,52.0417,51.4837
569.0397,209.3524,54.2671,49.0885
568.7582,212.5977,53.6444,48.4063
564.2004,212.0461,54.2273,47.8712
559.9273,211.9563,55.5782,46.3045
555.8322,211.2613,55.9396,47.2495
555.1526,213.0141,53.5898,50.3220
548.6651,211.1688,54.7246,48.9533
545.3743,212.8252,53.9982,49.7880
539.2803,212.5571,54.7452,48.4208
536.3735,213.7344,53.4334,48.4748
531.6493,214.1669,54.0346,48.4165
527.1168,215.6829,55.2359,47.5212
522.7288,216.7842,55.5577,47.2545
517.2828,216.5374,54.9953,46.5937
513.7243,217.3437,54.3100,46.0150
508.7364,219.4722,54.5392,45.7728
503.8466,217.8316,54.0304,45.0642
498.0742,218.3448,54.7908,44.8098
493.8069,219.1039,54.8738,44.7860
488.6521,219.2494,54.3774,44.1350
485.3479,221.7091,53.4782,44.2795
479.6403,222.3252,54.0851,44.4391
475.2169,221.7962,55.1601,45.4013
470.5956,223.5859,54.9742,46.2218
466.2342,223.5355,55.0298,45.8074
462.1529,224.3455,54.8747,45.7286
458.7490,224.3544,53.8060,44.4998
455.3486,224.5947,52.7578,43.7517
452.3889,226.3373,51.9164,44.1232
450.8328,225.5297,51.3775,43.5502
447.0342,226.5618,50.6885,42.6858
446.9971,227.2787,47.6456,41.7702
446.4674,230.1329,43.3708,42.1034
446.1560,232.3873,38.8234,42.5569
445.5446,232.1017,35.9246,42.6830
444.6634,233.2346,34.6136,41.2644
443.6768,233.4782,33.7944,39.9555
442.1184,233.4355,33.3792,39.4417
440.7388,233.9256,33.4149,39.1527
439.4272,234.5729,33.3710,39.2273
437.5681,235.0668,33.6156,39.2347
437.3421,237.0699,33.7240,39.2844
436.2697,237.7261,33.4591,39.1083
436.6585,237.8621,33.2502,38.9301
435.9916,239.1277,33.1660,38.7162
435.1373,238.8444,32.9917,38.0811
434.7315,239.5708,33.3088,38.2634
435.3729,240.7305,32.9741,38.2351
435.0831,240.7221,33.5067,37.7579
435.1071,241.3819,33.9995,38.0648
434.7046,242.7292,35.3785,38.7971
433.2550,241.2471,38.9443,39.2607
431.7423,240.1625,42.1260,38.6451
429.5021,240.1071,46.9313,38.2515
426.3963,241.1408,50.0868,37.7833
424.9665,240.8075,51.9172,37.9752
424.6080,242.3636,52.3917,38.1006
423.2378,243.1421,51.9616,37.8896
421.5344,243.4867,51.5719,37.5750
420.6889,247.1947,52.6389,38.3460
418.7018,248.6805,52.1909,38.1296
416.7414,249.7786,52.8673,37.9392
416.2015,251.4698,51.3674,38.5600
415.2777,252.8915,51.2485,38.7461
414.0068,252.9967,51.3562,38.6965
412.4660,254.2026,51.4720,38.7308
412.5573,254.7532,50.6118,39.5241
414.4750,255.9397,47.8115,40.9647
416.7136,258.0387,43.6044,41.5855
418.5305,258.4651,39.6332,41.3362
420.7205,259.3570,36.9568,41.4597
422.2275,260.3774,36.0515,40.6691
422.7529,261.2239,35.3029,39.7220
423.9957,261.5552,35.0361,39.0837
423.8741,261.9998,35.5457,37.4307
425.7502,263.0905,35.2996,38.6012
425.9332,262.8134,35.4714,37.7091
426.9732,262.7374,35.3424,38.0124
427.7696,262.8848,35.8032,37.4937
429.1857,263.1015,36.1792,37.0478
429.9724,262.6677,36.7224,36.1705
429.6503,262.9990,38.8158,36.8734
427.1796,262.1996,42.9388,36.7264
426.4194,259.5727,46.6482,36.9223
424.7171,259.7993,49.0743,37.4736
424.0243,259.4318,48.7871,38.0653
424.0519,259.3066,48.6602,39.0243
424.0392,259.5700,48.0101,39.5618
424.2679,257.8965,46.7455,38.4211
425.5779,259.2997,45.1500,38.0136
426.4931,258.3644,44.9695,39.1246
426.5062,257.8487,44.8984,39.5423
427.6659,257.9194,43.9748,40.6106
428.0656,258.1720,44.3347,40.7327
429.1944,258.2270,44.0373,40.7514
430.2015,258.4201,44.0193,40.7727
432.0834,259.8629,43.4524,40.9681
434.0009,258.8010,43.3864,41.0525
436.2134,259.4018,42.6267,41.5692
437.9108,258.7850,42.8308,41.0451
440.1139,257.6993,43.3069,41.5309
442.8075,258.7210,43.0992,42.0006
445.8942,258.6414,42.4277,41.3899
447.8319,257.4297,42.1035,40.2644
452.4965,257.5890,39.9557,40.6897
457.8610,258.3686,37.0420,41.7760
464.1127,257.1613,32.4413,43.6593
469.5528,256.5742,28.6649,46.1888
474.5538,254.0825,25.7610,47.2423
478.4533,253.6609,24.0772,48.9234
482.2731,251.7324,23.9126,48.6790
486.2943,250.9133,23.7774,47.3282
488.7133,250.2949,23.3778,47.4581
492.1608,248.6495,24.0454,46.4348
495.6270,247.5583,23.7742,45.9517
498.6311,247.1945,23.6653,45.9422
502.6912,245.1467,23.5531,45.4592
505.2738,245.0323,23.4087,45.8128
509.0356,244.7401,23.3879,45.7429
512.3875,243.1408,23.0014,45.8258
515.7927,241.6249,22.8802,45.5768
518.9941,240.8293,22.9101,45.5057
522.6942,238.5973,23.0702,45.2240
525.8335,238.2098,22.8956,45.1528
528.6774,236.5373,22.6864,44.4263
532.1047,235.3156,22.6318,44.4445
536.5266,234.3038,22.1208,45.9568
539.4712,232.6091,22.2040,46.0286
542.8821,231.2315,22.2422,46.2362
545.7344,230.7039,22.3736,46.5619
548.5980,229.4751,22.7450,46.6936
550.7192,227.4873,22.8399,46.4806
553.3500,226.5682,23.2690,46.2679
555.2368,224.8496,23.8029,45.7232
558.0975,224.1000,25.4909,47.8288
557.9892,222.1998,29.6282,48.1467
558.8329,220.1750,34.1585,47.0617
557.1240,219.9289,38.3659,45.8617
555.7817,218.5559,42.6773,46.1729
555.3983,217.7668,44.5051,47.8915
552.9859,213.4858,46.6888,47.4659
552.6908,212.7882,48.5724,47.2697
553.8071,211.3786,48.7078,47.0493
552.8536,209.8169,49.5603,46.3395
553.8318,208.4675,49.6511,46.2548
554.2521,206.2435,50.1875,45.8160
553.8386,204.0654,51.0947,45.3717
555.1398,203.0302,51.3744,45.6191
555.1219,202.6903,51.8336,45.4583
555.4138,200.5945,51.5061,45.7126
555.7750,200.2269,51.6383,45.7371
555.9006,198.4501,51.5537,45.2690
557.1248,196.7991,50.6446,45.1567
556.8150,195.9795,51.0764,45.2196
556.8419,193.2726,51.0283,45.2814
558.1178,193.2177,50.4809,45.8183
557.4361,191.2078,50.6020,45.4799
557.2146,189.9768,50.8828,45.6222
557.0467,188.4308,50.3467,45.1540
558.0725,186.2536,50.3493,44.8258
558.5829,183.7440,49.9055,44.3664
558.9897,182.5854,50.0023,45.9742
559.8555,181.2389,49.2858,46.0275
560.9605,179.2256,48.2367,46.8721
564.2155,176.6643,44.4012,46.7639
568.8421,176.8425,38.3909,48.6322
570.8535,175.9174,32.7953,53.0122
572.7898,172.3067,27.8656,57.9629
573.1194,168.0021,25.0063,51.6449
572.6336,167.3087,25.1967,47.6619
572.3000,167.0392,25.2270,46.0844
572.4296,166.2498,24.9732,45.4927
572.3439,165.1011,24.9338,44.8986
572.4943,163.7187,24.5102,44.1162
572.3742,161.9561,24.2607,44.5072
572.1795,160.8544,24.3414,44.8921
572.2548,159.8628,24.1864,44.4486
572.0971,158.5502,24.0512,44.0163
571.6445,156.8966,23.6849,44.9386
572.1960,156.6426,23.7783,45.1221
571.1187,154.7741,23.6622,45.3230
571.0865,154.4770,23.7601,45.1140
570.7390,152.8622,23.6371,45.3512
569.9299,152.1316,23.4726,45.6959
569.4084,151.2529,23.4208,45.7080
568.1086,148.8293,22.8776,46.4153
567.0672,148.3179,22.6562,46.6209
567.3115,147.1934,22.5114,47.2095
565.8350,145.9052,22.3077,47.1422
565.7512,146.4585,22.1124,47.8194
565.9297,144.3580,22.2171,47.7165
564.8648,143.4560,22.2116,48.1958
564.7070,142.5544,22.2426,47.4162
564.4321,142.8696,22.3597,47.1044
563.8716,142.7396,22.1358,46.9080
564.4570,140.6448,22.3295,47.0582
563.2211,141.5415,22.0651,47.7761
563.0571,140.5052,21.9966,47.3925
563.1327,140.3646,21.7129,47.3644
562.9360,139.0452,21.8663,47.7652
562.2150,139.1215,21.6197,48.0599
562.1524,138.5804,21.6593,48.3380
562.1353,138.2762,21.7365,47.9070
561.4776,137.7603,21.3991,48.2242
562.1614,137.0285,20.0654,51.5959
562.1763,137.7329,21.3176,52.5947
559.0764,137.5893,26.0649,51.5118
554.8726,136.9468,32.3457,49.4984
550.3654,136.4574,39.4679,48.8346
544.3307,136.4590,45.9659,46.9398
541.1959,136.9299,50.2490,46.4810
538.9039,136.6804,51.8519,47.7184
536.8417,136.2491,53.1487,46.9426
536.4752,136.4111,52.9576,47.0515
534.9335,136.8823,53.5715,46.9521
533.7836,137.3221,52.9961,47.6966
531.9781,135.7690,53.0825,47.4923
531.1598,136.4060,53.0308,47.3072
531.0577,136.9136,52.4332,47.3182
530.5319,136.7132,52.5904,47.3326
530.3068,136.3712,52.3408,47.2571
529.9074,136.8696,52.2534,47.1564
530.1405,136.2400,52.0853,46.9771
530.0289,135.0383,52.5921,47.4095
529.4704,136.2135,52.8486,47.6094
528.8741,135.2242,53.4106,47.9208
528.2734,135.9255,52.5836,47.2807
528.4239,134.2594,52.7351,47.6757
528.5214,134.5271,52.9471,47.8585
529.1256,135.0257,51.8727,47.8385
530.0221,135.2525,49.4831,48.3397
534.3137,135.9288,45.1881,48.8716
537.9526,136.9435,39.2479,50.2325
540.7382,141.0269,33.7376,55.3267
541.8365,136.4172,29.1747,59.0176
544.9949,131.7106,24.5602,59.4085
545.2946,130.9602,22.6908,57.5263
545.7145,131.8267,22.1083,54.8191
545.3939,131.7820,21.6208,52.3094
545.2662,132.2268,21.4808,50.7617
544.6918,132.2812,21.1519,48.6890
544.8317,132.6264,20.8442,47.6043
545.2105,132.7097,20.6323,47.0845
544.1527,132.9412,20.7107,47.2564
544.5851,132.2010,20.3496,47.1689
544.3961,131.7358,20.1410,47.8836
544.5535,131.8541,20.0599,48.2541
544.5657,131.9740,19.9315,49.3659
543.9907,131.7406,19.8887,50.9225
543.6553,131.1890,19.7996,52.7501
543.5361,130.0613,19.4546,55.1752
543.9893,129.4882,19.3875,56.1302
543.7528,129.4796,19.4690,57.2496
543.9729,128.6089,19.0343,58.0805
543.9100,127.8973,19.0903,58.0303
543.1691,128.4371,19.6031,58.1653
543.3234,127.3797,19.2879,58.2987
544.2549,127.3627,18.8623,57.8377
543.1177,127.8237,18.9506,57.7836
542.9235,127.1000,18.8803,57.5798
543.5078,127.4782,18.6764,56.9600
543.0507,127.4839,18.8136,56.2610
543.8274,127.3254,18.9574,55.3712
543.1505,127.1011,18.4933,55.4770
542.8693,126.9669,18.7751,55.5174
542.8976,126.8545,18.3636,56.1582
541.5477,127.2903,18.7415,55.6880
542.0584,125.8448,18.7622,54.1907
541.4978,126.0477,19.1176,53.4929
541.0724,126.0520,19.1408,53.5712
540.7873,125.8986,19.1168,53.5335
540.9026,125.8070,19.2525,53.4352
539.9272,125.5536,19.3170,53.1882
539.8348,125.8138,19.2893,53.2194
540.3906,125.6447,19.2994,52.7698
539.6462,124.6639,19.2850,52.7847
539.5258,124.1804,19.2306,52.6737
539.1610,124.0314,19.4273,52.4912
538.9385,124.2197,19.4040,52.6792
538.7383,123.8154,19.4519,52.5183
538.9235,123.6256,19.1404,52.6373
537.9871,124.3382,20.5045,49.7482
535.7885,124.6933,23.3246,47.3181
534.9048,125.0955,27.1528,46.0022
533.4915,125.0626,31.7498,44.9322
532.2693,124.6955,35.5837,44.1924
531.5585,125.1738,36.9989,44.0924
532.4659,124.6358,37.6394,44.3488
532.8240,123.9573,37.8862,44.7565
533.5925,123.1218,38.0093,45.0416
533.4151,122.6443,37.5603,44.4410
533.9550,123.1599,37.3627,44.5438
534.3179,122.2043,37.4644,45.1527
533.5751,122.0926,36.6186,45.1530
534.4243,121.0751,36.6958,45.3320
533.9761,121.5006,36.2429,45.0329
533.7964,120.6883,35.8656,45.5567
534.4434,120.3860,32.6173,47.1338
536.6323,120.8060,27.5470,49.1728
538.2531,120.5401,24.8917,52.8606
535.6460,117.8170,29.8349,50.6765
531.6105,116.6813,35.7049,49.1462
528.7876,115.7376,40.5175,48.7119
525.1664,114.5961,45.0405,48.6554
522.9650,115.3888,47.5492,49.2327
521.9792,114.8322,48.5358,50.1488
520.7061,114.9908,49.0091,50.5131
520.0005,113.6968,49.1314,50.4145
519.7684,114.1817,49.5121,50.6655
519.5558,113.5174,49.0034,50.8152
518.9661,113.6751,48.6533,50.6520
519.3505,113.6707,48.2868,50.6069
518.8427,113.9553,47.8668,50.8639
518.6893,112.8176,47.5066,51.3229
518.1999,112.5977,47.1188,50.8694
517.9085,111.3488,47.2331,50.7846
516.9492,111.4884,46.8063,50.4496
517.2651,111.7004,46.4982,50.2409
516.4846,111.6415,46.8526,50.6547
516.2161,111.5965,46.9274,50.7151
515.4454,111.3727,46.9069,50.2842
515.2156,110.3634,46.2548,49.9022
515.0930,111.6955,46.1424,49.9700
515.7746,110.4734,44.7313,49.6662
519.2199,112.2558,40.5764,52.5036
520.6896,113.1148,35.3110,59.2517
523.9564,110.7895,29.9327,64.7279
523.0111,105.2834,29.0796,56.1081
521.6307,105.8066,31.3566,50.7705
520.5790,106.1713,34.1149,47.2661
519.1320,107.5876,35.1713,45.5877
518.6418,108.0591,36.1148,44.6717
517.7276,108.3783,36.3263,44.7533
516.5381,108.0618,36.1249,44.9325
516.0495,108.0458,35.8943,45.6834
516.2015,109.0731,35.4735,46.2749
516.2488,107.9232,35.6738,46.4582
514.7166,108.8003,35.7154,46.4444
514.2032,108.2644,35.2853,45.8697
513.9998,108.6768,35.2008,45.9890
513.9564,107.8861,35.3453,45.8892
513.2222,108.3837,34.7652,45.4997
513.1145,108.5311,34.6677,45.5891
513.6174,108.5922,34.7358,45.9585
513.2651,108.4655,34.4139,45.9786
513.1812,108.7827,34.2711,46.1988
512.9725,108.4296,34.3428,46.2891
511.7574,108.5957,34.4471,46.6876
511.5473,108.3669,34.6131,47.0251
512.2858,108.7157,34.2153,46.7424
511.3663,108.5512,34.3747,47.0611
510.7053,109.0977,34.1684,47.2191
511.6071,108.3707,32.9344,47.0173
514.1110,109.9093,28.9831,47.8051
517.6983,111.7659,24.8654,53.0995
516.5499,109.3860,26.9819,54.3213
512.6660,107.2176,33.0460,51.0325
509.6841,109.2540,39.8058,49.8276
506.7849,109.0481,45.1371,49.0529
505.2693,109.9313,49.1909,50.5071
503.9780,111.2330,50.9201,50.6604
502.9550,112.1666,51.4612,51.3262
503.1374,111.7689,51.6574,51.5139
503.5796,110.6556,51.9447,52.4087
503.9569,112.7315,51.7456,53.0339
505.2127,113.4886,51.4840,54.2839
505.7614,113.7592,51.0420,53.8463
505.0701,114.0545,50.8423,53.7190
505.8175,113.6380,51.5000,54.2022
506.2498,114.0161,51.3744,53.9654
505.7103,113.3672,51.7737,54.0444
506.5132,113.4908,51.7722,54.2851
507.6518,114.5107,51.5151,54.5195
507.8820,114.5697,51.3806,54.0611
508.1082,114.6446,50.8357,53.8817
508.8753,115.3900,51.1114,54.2144
510.7072,116.2421,50.5547,54.8163
510.6037,114.6429,50.4201,54.8700
511.3588,115.8912,50.8814,55.3062
512.2885,115.7339,50.2289,54.8446
513.5461,116.7854,49.7480,54.5122
514.5099,116.4491,50.0248,54.5791
514.9930,117.1776,50.5449,54.9406
516.7473,116.4422,49.5405,55.0891
516.7976,117.6636,50.1878,56.0661
517.6836,116.6488,50.2945,56.1818
519.0599,118.2022,50.5127,56.5958
519.3793,118.8509,51.3022,57.2172
518.3905,119.6467,52.1172,58.0378
520.5320,121.5287,51.9123,60.8858
520.4933,121.6585,51.8489,61.4624
520.9295,122.1314,52.1039,63.1420
520.7968,121.9456,52.5645,65.2594
520.7131,122.8352,51.7250,67.6403
520.8946,122.4662,52.0662,67.6307
521.2388,122.2446,52.1772,66.9872
522.2335,123.0660,51.3859,66.6994
521.4271,123.4018,51.6625,66.8157
522.6514,123.5235,51.3432,66.7558
523.9348,124.5800,50.8882,66.5366
523.2366,123.1898,51.5418,66.2197
523.3345,124.0319,51.3808,66.1071
523.8499,123.0205,51.3002,62.8596
525.7860,125.1036,50.7466,62.0509
524.9323,123.4551,51.5845,61.9934
526.4791,125.4539,51.5155,61.7533
526.4924,125.1307,51.6801,62.1360
526.5499,124.5960,51.7956,61.4539
528.0050,126.9354,51.7091,61.8220
526.9437,125.5235,52.9826,63.3243
528.8347,127.2897,52.2758,64.5126
529.6161,127.3311,51.7445,65.9595
529.8229,126.9402,51.4286,66.4593
530.3209,126.8605,51.7792,66.9248
531.1941,127.0459,51.2703,66.4509
532.4681,127.0017,51.6775,66.3204
532.7131,126.8384,51.8624,66.9202
534.7907,127.8285,51.3325,66.0183
536.0311,127.3528,50.6808,65.5722
537.5024,128.7989,50.3139,65.0887
537.4810,127.9305,50.0652,64.1128
539.0174,126.2925,49.6084,61.5470
543.0110,126.8801,47.0641,58.3893
546.6915,131.3726,41.1707,65.8654
550.2328,140.9219,38.4208,71.4311
553.6740,125.8787,32.0377,72.9780
555.8945,119.3452,30.2509,62.1450
556.3474,121.7251,30.2099,53.8624
556.9146,123.9987,29.9467,48.4313
557.4185,125.0910,29.7456,45.5674
558.3297,125.3951,29.5185,44.3544
558.1469,126.4532,28.9784,44.9051
558.9258,127.0782,29.0422,44.4818
559.5425,126.8099,28.8620,44.5025
559.2562,126.8187,28.8541,44.6351
559.2153,126.8263,28.7425,44.5963
559.4107,127.0359,28.5437,44.8519
559.7706,127.2990,28.5792,44.8697
560.5877,126.4576,28.4494,44.9262
561.1409,126.7554,28.1837,44.9206
561.9199,126.3402,27.3538,45.8181
563.0398,126.3428,26.8900,46.3700
565.5804,125.7260,24.4562,49.2833
568.2366,127.0778,22.0991,54.9637
567.9701,124.8917,26.7078,52.6387
565.5922,125.3956,33.1597,51.5020
561.9197,125.1748,39.9883,50.6431
558.5082,125.4087,45.1748,49.4436
557.4178,125.3208,47.7666,51.1278
556.8274,125.4274,48.5203,51.1178
556.6847,125.4516,48.7909,51.3516
557.1315,124.7766,49.4650,51.7635
557.1320,123.4856,49.2179,51.6257
557.1703,123.2316,49.8982,52.2033
556.8561,123.8550,49.8671,52.1996
556.6444,123.3285,49.6109,52.3184
557.4137,122.9577,49.2013,51.9620
557.1808,122.9347,49.1907,51.1991
557.1533,122.1357,49.5927,51.5656
557.3242,122.6209,50.1135,51.6083
557.6201,123.2227,49.7875,51.7305
557.6547,122.7271,49.9472,51.5318
557.2565,123.3687,49.5898,51.4784
557.9350,122.4901,49.4306,51.4216
557.4775,121.8604,49.9821,51.6949
557.7872,122.8896,50.0965,52.4906
558.9877,121.3123,48.4654,51.6514
563.2958,123.9190,43.2744,56.9928
563.6575,134.9469,39.7560,63.5800
565.5432,120.5947,33.9445,65.8882
566.9518,117.3545,34.8917,58.0596
565.7476,117.3119,37.0831,51.8768
564.3047,119.5196,38.6248,48.1162
564.2454,120.3566,39.1238,46.2010
563.5869,121.0281,38.7725,45.0404
563.9923,120.8178,38.3053,44.7263
563.3362,120.5009,38.2327,44.5777
563.0066,120.8175,38.0785,44.7924
562.5577,119.8307,37.9620,45.1120
562.4134,120.7013,37.9167,45.3727
563.2381,120.3980,37.6364,45.6692
563.2206,120.1916,37.6060,45.4951
563.3293,119.8642,37.5350,45.3761
562.7566,119.9697,37.7474,45.0300
563.0797,120.2302,37.7449,45.1067
563.8542,120.5465,37.3285,45.3825
563.7824,119.5843,37.2435,45.3550
563.3116,120.2243,37.1550,45.2726
563.6876,120.0120,37.0393,45.4307
564.1057,119.3930,37.0297,45.4559
563.3362,120.2625,37.0529,45.4488
563.6926,120.2573,37.0476,46.0027
564.0608,120.3167,37.1671,45.9318
563.8102,119.9520,37.1472,45.9816
564.3568,119.6488,37.7620,46.6600
564.1580,118.9484,38.9782,46.7860
564.1238,118.9980,40.3619,46.2662
563.6060,119.5103,42.1107,45.4352
564.0881,119.7788,44.6564,45.6483
564.0342,120.0386,45.7101,45.3344
563.8956,120.3098,46.1304,45.7183
564.8705,120.4872,45.6285,46.3518
565.9147,120.1892,45.2243,46.1480
565.7975,120.3853,45.8900,47.0063
568.1721,120.3277,46.1594,46.4783
568.5671,119.7542,45.9160,45.9977
569.3728,119.5821,45.8001,45.8317
569.9081,119.3290,45.5526,45.9846
571.3973,118.9543,45.3193,45.6113
571.5459,119.3402,45.3818,45.8868
572.5837,119.0157,45.2192,45.9845
572.9901,118.5622,45.2186,46.2352
572.4673,118.3908,45.1308,46.3314
572.6528,118.2447,45.3010,46.5457
572.4782,118.5709,45.3718,46.6026
572.3260,119.0744,45.3544,46.9841
573.1624,118.2674,45.2165,46.7658
573.0463,118.6505,45.1675,47.0804
572.7128,118.6384,45.2287,46.9986
573.8770,118.1693,44.9669,46.6181
574.2810,118.2847,41.7139,46.8131
576.9777,118.7680,35.8274,48.8863
581.0576,120.8954,31.4302,54.0182
579.3992,114.4395,33.0788,50.9970
576.7646,115.6456,38.4466,49.3319
575.8635,114.8836,42.3329,49.0546
573.6100,115.4180,45.2947,48.9582
573.3196,114.9018,46.8032,50.1760
572.9775,115.5351,47.8146,51.4409
573.3367,115.5138,47.3367,51.7348
573.7871,114.8330,47.0168,51.7243
574.9292,115.7664,46.0388,52.8681
576.7986,115.3993,45.1344,54.3657
577.2638,114.4098,44.7688,54.1936
576.5425,115.6064,45.4544,54.9009
576.0444,114.2219,46.6838,54.2036
575.5754,114.2975,47.2698,53.4006
574.1592,115.3948,48.8855,53.5099
572.8614,114.5653,50.3459,53.1494
571.5176,115.5209,51.2493,53.9598
570.3801,114.7242,51.7393,53.4121
569.9140,116.7903,52.0308,53.9277
568.8668,115.3316,51.4670,53.0336
567.9807,116.2099,51.4383,53.5857
566.9654,115.6909,51.2215,53.3189
566.4409,115.4208,51.5127,53.0213
565.5887,116.7010,51.7401,52.8299
565.2896,114.5431,51.6722,52.6671
565.0659,115.5391,51.8385,53.1144
565.3554,114.9463,52.0612,53.0805
565.1324,116.0174,52.3277,53.5230
564.8630,115.1316,52.3384,53.2612
564.5021,116.2514,53.0367,53.7913
564.2067,114.7238,52.9908,54.0817
564.8463,115.0534,52.8508,54.0701
567.4866,114.8596,49.8050,54.8573
570.7325,114.8236,44.3236,57.0613
571.7230,123.1667,40.1756,63.9299
576.0562,111.3369,34.0325,68.3867
576.3742,107.8877,32.6549,60.6178
575.6991,109.7377,31.7919,54.3848
575.1940,111.7477,31.2513,50.5963
575.1672,111.8224,30.5712,49.1271
574.6762,111.8803,30.1668,48.7202
573.9424,112.2486,30.5678,49.4851
573.2109,112.4031,30.7799,48.9436
573.3016,112.2223,30.5254,48.0796
572.8842,112.1316,29.2385,47.9533
572.7767,112.3743,27.0890,50.3112
575.1643,112.9262,23.9926,56.7985
572.8334,111.3699,28.9935,55.1197
568.1598,111.6932,35.5906,53.1679
565.0287,112.0706,41.8379,51.6278
561.9492,112.3009,46.4424,50.2874
559.9454,112.4725,48.5948,49.8183
559.4783,113.1127,49.8000,51.3854
559.3721,111.5076,50.0120,51.1401
558.8168,111.8407,50.1791,50.8421
558.1631,112.0210,50.0594,50.7259
557.9930,111.8042,50.0142,50.7014
557.9892,111.7901,50.0426,51.5283
557.7150,112.0966,50.3398,51.9569
557.3157,111.4503,50.9581,52.2790
556.7919,110.2167,51.1006,52.6299
557.3424,111.0149,51.5425,53.2063
556.9488,110.9187,51.3690,53.6111
556.5936,110.9379,51.1939,53.4651
557.4129,110.4332,50.3321,52.2669
561.7143,112.1996,45.3713,55.0001
562.8437,124.1673,42.0026,61.6366
564.9688,111.2258,36.1177,65.6181
567.2109,106.6213,35.9223,57.4814
567.1119,107.8510,36.1732,51.2976
565.8831,109.4964,36.3817,48.1442
565.3240,108.6281,36.9606,47.4356
564.7884,109.6297,36.9347,47.3103
565.2637,108.9812,37.3838,46.9023
564.6776,109.6624,37.1392,46.5187
564.5140,109.3890,37.1639,46.5192
564.2404,109.1571,36.8964,46.5795
564.3240,109.5500,36.9593,46.8065
565.1139,109.0492,37.0061,46.8084
564.7840,108.9753,36.9576,46.8789
564.5408,108.7286,36.8358,46.5837
564.7456,108.7776,36.6120,46.9259
564.8392,109.1093,36.7543,46.9509
564.7808,108.5974,36.3352,46.5805
565.8961,108.5196,36.0161,46.0839
565.1497,108.1404,35.9670,46.0925
565.6923,108.6656,35.5704,45.7585
566.1714,108.0100,35.4038,46.2964
566.6095,107.9006,35.1475,46.5384
566.7972,107.8243,34.3119,46.7989
568.2009,108.0538,32.5590,47.7718
571.0968,112.5154,29.2492,52.9361
571.6339,107.8753,30.3756,53.3243
568.9434,107.5163,36.4405,50.8456
564.9863,106.9922,42.8066,48.0889
562.7545,108.8932,47.1164,49.1179
562.1711,110.2567,49.9053,51.0385
561.7961,109.1861,50.5441,50.7712
562.3438,108.7968,51.0987,51.0066
563.2013,110.1248,50.4213,51.7744
563.5255,108.6595,49.6666,50.8244
564.2176,109.6028,49.7993,51.2924
563.5915,108.0276,50.6059,51.3835
564.6132,109.5700,50.4323,51.8533
563.9008,108.9651,50.5346,51.9247
563.4426,109.1813,51.5057,52.5678
563.1850,109.6694,52.5011,53.3250
562.9044,108.3975,52.2914,52.8279
562.3170,109.2866,53.2680,53.6369
561.3551,107.6256,53.7608,52.6116
560.9708,109.9365,54.1425,52.7591
559.2557,109.2864,54.4441,52.6501
558.6297,108.2704,54.2914,52.5247
558.2268,110.0897,53.7861,51.9115
557.6907,108.3856,52.8537,51.9294
559.7312,108.8233,48.9214,53.0379
563.8770,109.0386,43.1838,56.8607
564.0637,122.1360,40.0400,63.5698
566.6471,121.1782,37.1939,69.6277
567.9724,113.1194,32.9911,76.9415
570.8761,107.2195,28.1967,84.2078
572.8408,103.5138,24.4241,90.4753
571.5570,100.7288,21.9532,92.5216
572.9901,101.3230,22.1376,96.2478
574.0694,101.0005,21.5202,99.2556
574.3047,101.5985,21.6077,105.4252
574.0612,102.6502,22.5718,111.3259
573.9127,103.5469,23.4755,121.9884
574.1599,102.7212,24.2781,128.1705
575.1508,102.0461,24.6715,131.6372
573.6007,97.5844,24.9683,132.1954
575.1424,100.5807,24.5592,132.6105
573.2997,98.2220,24.4453,131.5544
575.3330,102.6352,24.7280,130.6934
573.5684,97.0411,24.9281,130.7842
575.6806,101.6116,24.8105,128.8366
575.2678,100.3405,24.8212,132.0806
574.3906,100.7993,25.1893,132.2226
573.7574,99.8052,26.7248,125.7837
575.8337,86.2428,30.2958,116.0981
575.6202,81.6109,32.6664,109.3887
575.0119,85.0667,35.3703,102.0310
573.6581,89.2017,38.1207,93.3210
572.7603,94.8583,41.2094,83.1301
571.2446,98.6536,43.7208,72.3330
570.6089,103.7290,45.5265,62.9889
570.9147,105.9820,45.4793,55.8664
571.1053,106.7158,44.9704,51.1019
571.7699,107.9168,44.7150,49.1285
572.1170,108.2889,44.4008,47.7237
573.8210,108.6815,44.3853,47.5374
573.3441,109.5182,44.2410,46.7662
575.0207,109.3718,44.0557,46.8600
574.6792,110.0721,43.9991,46.5619
576.2797,109.2019,44.0755,46.6636
575.7357,109.6401,43.9873,46.9477
576.4127,108.8313,44.2326,46.7738
575.9716,109.9374,44.1174,46.4957
576.1130,109.6222,43.8054,46.1125
576.0797,109.9424,43.8780,46.1953
576.8195,109.8872,44.1929,46.2080
577.2998,109.3660,43.4363,46.3622
578.9695,108.5049,39.5953,47.1425
581.6428,108.9500,33.7542,50.6582
584.3356,108.5108,30.1513,54.1614
581.4058,105.8119,35.4739,49.8564
578.0234,106.8206,41.6616,48.7863
575.7788,108.0430,46.0779,49.1125
575.5724,106.9780,48.3823,51.0757
576.0542,108.5183,49.3116,52.2449
575.9642,108.4225,50.5994,53.4427
576.2530,108.1578,50.5887,53.0361
577.0221,108.2211,50.9579,53.2481
578.0678,107.9866,49.8713,52.3958
579.2855,109.2436,49.5158,53.9662
579.3794,108.1852,48.9298,53.2438
579.0924,107.7442,48.5921,53.3576
579.5872,109.2192,48.3920,53.2076
579.0967,108.3799,49.0458,53.9054
578.5166,107.4630,49.1946,53.5041
578.1826,107.7033,49.2465,53.1566
577.4203,108.2172,50.0178,52.9011
577.2817,108.4449,50.4302,53.5442
577.3379,108.3986,50.3098,53.8603
578.3622,109.4297,50.4391,53.9705
577.2548,107.4383,49.9227,52.8428
578.8161,109.2172,49.1555,53.5010
581.7076,109.0809,44.7799,54.4362
583.9017,121.3449,41.4101,61.6253
586.6340,107.1175,35.3914,62.8457
587.5199,104.1200,36.2443,54.8841
586.6878,104.4931,39.4284,49.6772
585.9885,106.9503,41.7814,48.0581
586.1353,107.3561,41.3449,47.2157
586.3694,107.4171,41.2182,46.8443
587.1652,106.5862,41.4137,46.9456
586.2732,107.0785,41.2728,47.7189
587.2283,106.6884,41.5198,47.4762
587.9243,105.8160,41.8058,47.1868
588.3739,105.9652,42.1125,46.6507
587.3325,106.4461,42.6815,47.1471
588.8221,105.6964,42.6299,47.0253
588.6979,106.2089,42.5617,47.5650
589.6276,105.9501,42.5878,47.5950
590.3295,105.5974,42.9735,47.8905
592.4249,105.1517,42.9641,45.7088
592.3666,105.4619,43.2346,45.6543
593.8439,104.9139,43.4228,45.3980
594.1786,104.9081,44.1418,45.7976
594.6251,104.8032,45.7420,44.9291
595.4808,104.0399,46.8611,44.0229
597.2670,103.5171,47.6539,43.4114
597.5398,104.2968,47.2654,43.3510
598.5066,104.5093,47.3004,43.0169
600.1554,103.8497,48.2158,42.0863
600.3698,103.8042,48.3710,42.1923
600.7280,104.1467,48.5005,42.1059
602.0095,103.4573,48.5831,41.9379
600.9636,103.6618,48.8432,42.1584
601.2827,103.9288,48.6373,42.1573
601.8466,103.5198,48.9136,42.2867
602.6864,103.2706,48.4878,41.8956
602.7746,103.9033,48.2936,41.7843
602.3229,103.8447,48.6733,42.1672
603.2189,104.2066,48.5656,42.4580
603.4499,103.7012,47.6859,43.2991
605.2011,102.7141,43.4991,45.0864
607.9626,103.9296,37.3062,49.5447
610.9174,105.8580,31.8736,55.2092
610.2531,101.1531,35.6503,50.5996
608.0795,103.6375,40.4459,48.8583
606.6874,103.8588,44.3306,48.9804
607.0014,105.2591,45.4141,50.6945
607.4479,104.3061,46.0727,51.8019
607.6391,102.9722,46.2838,52.0363
607.8984,102.9736,45.9956,51.7697
608.6592,103.9629,46.3183,52.0715
608.6169,103.3494,46.4166,51.9981
608.7180,103.8808,46.1005,51.9987
609.3967,103.7793,45.5194,52.5860
609.5417,103.6822,45.8516,53.1660
609.2587,102.7594,45.8817,53.2261
608.9855,103.8405,45.9127,53.0632
609.1364,103.3519,45.9768,53.0113
608.7476,104.1470,45.3832,53.8183
609.0444,103.9577,45.4549,54.0157
608.6251,103.9303,45.3900,54.0585
608.6262,103.5452,45.0281,52.9617
607.6663,102.5878,45.0387,51.8041
608.0899,103.9934,44.7845,51.8340
608.1867,103.9048,45.2733,52.1175
607.6094,103.3228,45.5107,51.4971
607.0843,103.1837,46.1474,52.1254
607.3130,104.0239,45.6969,51.3995
609.5727,103.2585,43.0222,52.4068
612.0225,103.7834,37.5351,56.7785
614.0947,105.9759,33.0799,62.2879
613.2084,98.3158,33.7151,54.9641
611.6346,97.1710,38.2785,49.4500
610.4626,99.2277,41.4797,46.1955
608.7552,99.0321,42.8644,45.2714
608.3586,98.7855,43.4796,45.1154
607.1538,99.0914,43.7227,45.4156
606.5200,99.2614,44.0717,45.8438
606.1932,99.0244,44.2657,45.6960
605.7233,99.4876,44.3674,45.8249
606.0830,99.2246,44.8231,45.3066
605.9899,98.9975,44.6152,45.7981
606.5451,98.4048,42.8601,46.1127
609.6050,100.6436,36.8063,49.2193
611.6893,101.2618,31.6813,55.0720
609.2399,99.6561,37.5681,51.2722
607.9594,101.1671,42.4014,51.6581
607.5229,100.1556,45.1574,51.0076
607.4095,99.5262,46.4966,50.5589
606.2040,99.5440,47.0788,50.4125
606.4248,99.8144,47.5817,50.7390
606.5341,99.8585,48.0221,50.3484
606.0925,99.3497,47.6282,49.8476
606.0961,99.2562,48.1090,50.3192
605.7911,99.4356,48.2309,50.0883
605.8001,99.9294,48.1838,50.1826
606.4148,99.6079,47.9990,50.1163
606.7493,98.7930,48.0081,49.2001
605.8383,99.3065,48.0700,49.3147
606.4374,99.5350,48.4693,49.6475
606.6490,99.6270,48.4600,49.8355
608.3279,99.6951,47.1981,50.2194
609.5378,99.5745,46.3836,49.9984
611.3543,99.5523,45.0032,51.7752
613.2878,99.7727,42.1672,51.5772
615.9163,102.3430,36.3801,57.3515
619.0710,96.6041,32.4394,53.4095
618.9008,95.6144,37.0142,48.6612
617.0131,98.1870,41.1089,46.2602
616.0873,98.2629,44.1987,46.4561
616.1882,98.3066,45.1166,46.2232
616.3608,98.6318,45.8080,46.2481
617.2169,97.5824,46.3125,46.6922
617.8399,98.0440,46.5113,46.5373
618.1393,97.9834,46.6256,46.4638
619.3988,97.9599,46.2019,45.9127
619.8041,97.2874,46.2711,45.8941
620.0439,97.5158,46.2757,45.8438
621.1399,97.4491,46.5134,45.9773
622.2252,97.2020,46.5697,45.9735
622.5314,96.6281,46.6218,46.2808
623.7446,97.4005,46.1459,45.9860
624.0706,97.2828,45.8965,45.9026
624.4671,97.2824,45.4597,45.2873
625.0302,97.3791,45.4209,45.9380
626.5205,97.6212,42.7510,46.7166
630.0159,97.7694,36.5416,49.4186
634.6263,98.8242,31.0653,53.6764
631.4995,97.9444,36.9333,50.7828
630.1340,97.3130,41.7599,48.5766
627.1800,97.5089,46.8168,47.2277
626.0740,99.3683,49.6235,47.3023
627.1720,100.0530,50.8675,48.4408
627.7197,100.6954,51.2972,48.7846
629.1758,100.1215,50.6937,48.4884
630.6586,102.0397,50.1626,51.6344
631.5881,101.2998,49.7881,52.5512
632.8738,101.1000,49.0779,52.9893
633.0717,100.2989,49.6604,53.7319
633.5936,100.9203,49.3007,53.0103
634.7834,101.8916,48.7144,52.4951
635.1416,101.7253,49.1727,52.8945
635.0998,100.8011,49.6365,53.3046
635.8065,101.2723,49.5085,53.0454
635.8182,101.3098,49.2103,52.6415
636.4646,101.0655,48.6578,52.5409
636.7249,101.4442,48.7316,52.5694
636.4413,100.9136,49.4910,52.9915
636.4968,101.5609,49.5428,53.3245
636.6751,100.4760,49.7449,52.4170
636.7528,101.1735,49.3169,52.1153
637.6417,101.6276,49.0806,52.1406
637.6068,100.7693,49.0846,51.6688
636.3319,99.8731,50.1357,51.6311
636.9012,101.4075,51.0285,52.8432
637.3703,100.5757,50.5128,52.0621
639.8450,100.6887,47.2725,51.2715
643.6141,99.5345,41.6200,53.6052
645.9089,107.9690,38.3329,58.1413
647.8525,95.8980,36.5084,53.2678
645.3560,95.7476,39.9010,48.4946
644.7131,96.5868,42.8835,46.9166
643.9672,96.4695,44.0725,46.3416
644.4113,96.9319,44.4722,46.1956
644.8075,96.8907,44.8301,46.5178
645.2392,97.4277,44.9205,46.4423
645.0348,96.8037,44.9903,46.5568
646.2725,96.9115,44.7348,46.2578
647.2905,97.1739,44.5956,46.0109
647.7665,97.2599,44.5394,45.9538
647.9695,97.9460,44.8307,46.2547
648.8654,97.6215,45.1915,46.7033
648.4450,98.4360,45.0383,46.6486
650.0014,98.5204,44.8331,46.2539
650.1667,98.0596,45.5962,47.1457
650.9556,98.4826,45.7691,47.2521
650.8483,98.0612,46.0343,47.4684
652.7426,98.2258,46.4245,46.5008
653.6755,98.2508,46.6528,45.8236
653.2203,98.4682,46.6796,46.4774
653.3413,97.4618,46.7876,46.5236
654.7682,97.9184,44.8160,47.3081
658.5402,97.1147,39.0435,49.7365
660.2335,97.3274,35.7770,50.7617
664.4011,98.2919,30.8504,55.7381
661.7223,97.8731,37.0101,51.5675
660.5186,101.0225,42.5366,50.9234
659.9130,100.4249,45.8790,50.6815
658.4014,99.1645,48.7616,49.9608
658.4308,99.4331,49.7773,50.3656
658.6250,99.4277,50.4260,51.0210
658.3629,99.8255,50.6746,51.2657
658.9899,99.6840,50.6829,51.7368
659.7638,99.7086,50.5135,51.4321
659.1053,99.6184,50.8157,50.9860
659.1813,99.8511,51.7092,51.3045
660.4874,100.4465,50.2033,51.2556
660.8008,100.5464,50.0940,51.3214
661.4018,100.8170,50.0165,50.7898
662.4590,100.5669,48.9355,49.9397
662.9595,100.3013,49.1055,49.5548
663.3878,100.3240,49.6181,49.8480
663.8820,100.4327,49.7883,49.7166
667.8070,100.3821,45.4114,48.9695
671.4744,100.8573,39.0127,54.7585
674.8751,97.0970,33.0203,57.4810
674.6710,94.4554,35.3780,51.0887
672.8604,96.2157,39.9360,47.3338
671.3500,97.2730,42.9341,45.9571
671.5458,97.9470,44.2743,45.5481
670.4244,98.9713,45.0422,45.3814
669.8454,98.5426,45.1655,45.5006
670.4289,97.8521,45.6826,46.1730
670.5565,98.2972,45.7458,46.8336
670.9498,98.2760,45.8423,46.9426
671.4547,98.3578,45.7555,46.4623
671.3148,97.5389,45.9624,46.6880
672.0918,98.5373,46.0648,46.6778
672.8470,98.4096,46.5784,47.1056
672.8840,98.8334,46.9974,47.3821
674.6199,97.9769,46.9666,47.5037
674.8671,98.7531,46.7340,47.3572
674.7737,99.4097,46.6619,47.2905
675.3255,98.7489,46.6508,47.0880
676.4769,98.5656,46.9788,47.1540
676.3752,99.0009,46.9103,47.7929
677.6426,99.1420,45.2797,46.9047
679.2227,98.9451,41.0951,47.2653
681.2875,100.8691,36.0045,52.0053
683.6278,100.8168,32.7641,51.6834
682.9654,101.1845,38.1703,50.2807
680.7513,103.0715,42.9962,49.2285
680.8564,102.2455,46.2759,49.7236
680.0354,102.8784,48.8226,50.9850
680.0613,103.1925,48.8850,51.2578
680.3655,104.2836,48.4064,52.4245
681.5634,104.2041,48.3922,53.1621
681.7084,103.7621,48.6419,53.2232
681.1798,103.2623,48.3040,53.2403
681.6561,104.3904,48.2547,53.0119
681.7684,104.0116,47.6919,52.5332
681.5363,103.9790,47.6764,52.4105
681.8423,103.7437,47.8575,51.9970
681.7286,104.1793,47.7871,51.9351
682.3857,103.3757,46.3487,52.5506
683.8839,102.1264,43.4762,53.5310
687.5932,104.7491,37.3290,60.1719
688.9405,100.0815,31.7794,58.8397
688.1451,98.0983,34.8197,52.3481
685.0273,101.1716,39.6822,48.4469
683.2148,102.8584,43.0188,46.8763
682.4042,102.1758,45.1085,45.9586
681.7876,102.6972,45.4728,45.2584
681.4643,101.6606,45.5911,45.4886
681.6315,102.5594,45.8278,45.7504
682.2632,100.7296,45.6729,45.9359
681.9891,100.8061,45.6707,46.0499
682.8568,100.5086,45.6555,46.6734
682.8446,99.6021,45.1448,46.7399
683.4114,100.3815,44.5778,46.1205
684.9999,100.1418,42.6380,47.0189
687.2737,99.5118,36.8260,48.7568
690.8904,102.5317,31.7973,53.5340
690.0459,101.6732,34.6180,52.6826
686.6500,99.7955,40.4995,48.6462
683.4318,103.5014,45.2415,47.2584
680.0068,103.0587,49.4181,45.8868
679.7479,103.9546,50.1453,46.1010
679.6252,103.3863,51.2117,47.0321
680.2509,103.9720,51.1101,48.1317
679.7529,103.5951,51.5020,48.5637
678.9861,102.5817,51.8244,48.8083
679.9718,104.1171,51.7649,48.4699
679.5630,103.8921,52.1903,48.0665
679.0513,103.7029,51.3410,47.9447
678.3969,102.9609,52.2380,48.3524
678.3486,102.6406,52.8336,48.7620
679.3972,103.0667,52.1032,48.8938
679.8900,103.7617,51.1673,49.5005
679.9673,103.9097,50.7200,49.9552
680.3688,103.8325,48.9069,49.9213
683.9426,103.8399,42.9317,52.9207
685.8509,111.1773,39.9233,57.5044
687.8607,99.9545,35.3564,51.0625
684.3382,101.5113,38.2454,47.6761
682.6447,101.4087,41.3966,46.1551
681.0739,102.0170,43.0122,45.9551
681.0041,102.3623,43.5846,46.2274
680.8031,101.4107,43.6599,45.6852
679.6507,102.4296,43.6769,45.6955
681.1687,101.6464,43.5798,46.1989
680.8637,102.3963,43.5653,46.1909
681.3030,101.7133,43.2888,45.8829
681.0620,101.3544,43.5968,46.1801
681.9407,101.1169,43.3166,46.3281
681.9745,100.7555,43.3125,45.9015
681.6169,101.2730,43.3788,45.8754
682.9517,101.8065,43.4291,46.0569
682.2631,101.3922,43.4451,46.1640
683.7312,101.3749,43.4239,45.8024
683.8532,101.9153,43.7258,45.9440
684.6764,101.5004,43.8090,45.9971
685.0737,100.7824,43.7551,45.8687
686.1863,101.1700,43.9626,45.9700
685.3028,100.9860,44.2000,45.9988
687.3927,101.3870,44.4524,45.7613
687.6792,101.5335,44.7264,45.6362
689.5927,102.1694,44.4783,45.5130
690.9291,102.0847,44.7894,45.4773
691.8053,101.7432,45.1168,44.7671
691.9222,102.8603,45.7503,44.6441
691.8633,105.0216,47.5715,43.5559
692.0235,106.4792,50.1267,41.8483
693.0208,108.2051,52.1381,40.3283
695.5488,109.7998,53.0798,39.8042
696.4520,110.6231,53.2563,39.9625
698.4055,111.0808,54.0934,40.5648
700.1519,112.3444,53.8625,40.5259
701.7708,113.2247,54.0699,40.5600
703.6826,114.3651,53.8355,40.5862
705.2263,114.5018,54.1678,40.5772
707.7969,116.3154,53.3314,40.2311
710.1660,117.4164,53.3977,40.4743
713.2174,119.1556,53.3966,40.8003
715.1099,119.9588,53.2781,41.2894
718.8773,122.1482,53.6586,40.3651
721.7803,124.1145,53.3868,40.1841
724.4382,126.4871,53.0686,39.1962
726.7128,128.4270,51.9377,38.7308
729.8441,131.1667,51.3101,39.3945
732.4196,132.6566,51.0789,39.2816
734.1779,134.5282,50.9246,39.5000
736.2396,135.7061,51.4239,39.5329
739.0777,136.5205,52.3137,39.4106
740.4035,138.6358,52.2122,39.4194
742.1995,141.0926,51.9057,39.5592
743.8728,142.3569,52.0384,39.4356
745.4869,143.7923,51.9070,39.3891
747.3969,145.1917,51.6842,39.7686
748.6311,145.0875,51.2025,39.9018
751.4598,146.5672,50.4721,39.3960
753.9680,147.5206,48.8945,39.1062
755.5492,149.4381,46.9521,37.9489
756.2612,151.3781,45.4638,37.5855
756.3745,153.1889,45.0237,38.4594
755.5988,154.7340,44.4731,38.7271
755.0869,155.1653,44.2901,40.3975
753.4628,156.0910,43.3178,43.1482
751.6254,157.2091,43.2866,44.8464
747.4590,159.2164,43.7893,47.3763
741.3546,160.4774,44.6916,48.5358
736.2106,162.0547,45.9906,48.7502
733.4359,160.5567,49.5994,50.5243
724.8158,162.5449,54.0060,53.3569
713.9633,165.3261,57.9020,54.1250
705.2570,170.1105,63.1407,53.9297
695.2600,175.6844,65.6214,55.3375
690.2592,182.7449,66.7290,53.1740
686.5143,189.8322,66.7299,50.8534
685.6478,193.3440,66.9495,51.3863
691.5364,192.1800,70.0479,51.9293
701.2603,188.4810,72.1517,52.2933
707.4452,187.2462,74.2143,52.0632
704.0919,185.0247,75.7290,53.1433
717.9296,181.7965,81.7761,52.6273
727.4383,177.8816,89.6268,53.7533
735.5263,173.6557,91.6553,55.1518
729.9537,171.5726,94.1413,58.9359
720.7935,173.9145,96.9413,67.9537
724.9139,173.0615,89.6067,75.6422
731.6651,175.2536,78.8069,86.9192
732.4966,175.0818,69.7304,99.5884
732.8073,166.2077,64.9114,106.6695
728.6140,164.1398,64.3857,106.8100
726.5250,163.5641,62.8027,111.2611
724.4239,162.7959,60.3087,116.7755
718.9628,155.8424,57.4803,119.9846
720.0550,154.3159,54.2198,112.7583
716.7990,153.1606,55.6964,109.5980
712.9445,152.2842,57.8379,109.2093
710.9215,152.5110,60.5501,114.9976
708.5378,150.7481,61.6094,117.4536
706.9033,141.0623,60.7095,110.0183
708.9307,143.0459,60.3084,101.3698
712.1188,147.3958,60.4607,93.9324
714.8964,148.9069,60.5328,93.4830
718.4210,144.0265,57.6963,89.0417
719.4120,138.1020,54.6964,92.3317
722.2698,148.9465,50.6551,102.5313
727.1130,142.7118,48.6976,103.9465
730.6846,150.7306,46.0868,106.5198
731.2951,142.8885,43.0158,105.4425
729.0898,148.0381,40.2367,110.2417
726.9714,141.6904,37.9505,111.3736
724.2052,130.2559,36.6759,107.4981
725.5565,110.7647,39.1410,96.3009
2
0
0
0
0
1
750.2592,182.1337,16.7508,49.0669
749.3920,178.6376,16.3159,50.7483
748.1386,176.2247,16.2314,49.6909
746.3704,174.6198,16.0587,49.7806
743.8083,172.1419,16.1868,50.0895
741.5386,171.1249,16.1968,49.5118
737.1038,169.3745,17.2229,49.5083
733.4514,167.9035,17.8454,47.5219
727.2206,166.2227,20.7894,46.1864
721.9385,164.9023,24.5907,44.2116
717.0967,163.9226,27.0158,43.0123
714.9834,163.4280,26.9060,42.8589
712.3159,162.9547,25.7298,42.9423
709.7039,162.2879,25.6804,43.6454
707.2323,160.7066,25.7786,44.6455
705.3117,159.6805,25.4833,44.7255
703.2262,158.8019,24.5890,45.1375
701.6513,157.9118,24.0430,45.2605
699.4442,157.1268,24.3326,45.5846
697.3081,157.3128,24.4609,45.8137
693.8890,156.9969,24.4917,45.9684
693.1930,157.7144,24.0035,47.5423
691.9929,159.8748,22.2052,48.4200
690.2243,163.1711,20.6213,48.4927
688.1525,170.5797,19.6125,48.9797
685.3915,181.2543,18.6123,48.9558
681.7458,195.1201,18.2150,47.9300
677.5841,211.8806,18.0096,50.5638
669.6505,235.1701,19.6088,51.7187
665.1074,258.0209,22.2170,47.5067
661.7672,268.4590,27.2088,43.8009
663.5616,271.4579,29.6313,40.8594
662.0695,273.1881,27.5452,38.1321
660.0974,274.4753,27.1198,35.5867
