1
698.2351,240.9513,35.8593,69.6153
694.5961,240.8539,35.8519,69.0486
691.4022,238.1268,35.1136,70.1025
689.0877,237.2068,34.7398,69.4203
686.2004,237.5807,33.5487,68.2458
684.0367,236.2135,32.8992,67.3937
682.7144,236.1524,31.4228,67.1773
681.1077,235.6712,31.0034,66.8995
678.1523,236.5502,30.4304,67.9947
676.4535,237.9513,30.8649,67.2823
675.7509,240.5708,30.1627,65.9256
672.3268,246.0232,30.5620,65.4267
667.1204,246.3828,31.2701,63.2281
663.4882,245.1761,30.1061,61.1913
660.4992,245.8489,27.4537,59.5579
655.7054,245.7578,27.4653,60.3047
652.3058,245.4046,27.7520,60.0888
648.0174,246.4007,27.5050,59.7274
643.2532,246.0041,27.5601,59.4133
640.6156,246.0551,27.5513,57.0677
637.3089,243.3965,27.8939,54.8837
631.4833,245.1113,29.7529,54.7234
628.1304,245.8967,30.7332,56.2290
624.5092,243.7220,30.6626,55.3348
620.9941,246.1127,30.4918,53.6448
617.6052,245.9238,30.4533,52.7106
614.4559,246.4474,30.2039,53.3336
611.0300,245.2194,30.1342,53.3927
609.2054,245.6588,30.4415,52.4753
604.4424,247.1876,30.1112,53.1340
601.5023,245.8684,30.0889,52.1172
598.0441,245.4727,30.3574,52.3531
596.9338,245.2426,28.8610,51.3551
595.2769,245.1852,28.3663,51.2061
592.3339,244.1592,27.5361,51.6174
588.3660,244.9094,27.3203,51.0016
585.2221,245.2692,27.2511,50.5475
582.4029,245.6695,26.9631,52.0841
581.0115,244.4210,25.7560,50.3225
577.4125,244.9519,25.0518,52.2575
574.4213,244.0594,23.9728,51.2958
570.0964,245.4589,24.6756,50.5908
567.1825,245.1988,24.6870,50.0075
563.5923,242.8598,25.2604,49.4325
561.7462,243.6518,24.5951,50.6172
557.3347,243.8104,24.7577,49.0255
552.9980,244.2872,25.7666,49.2373
549.1807,244.8556,25.8368,47.7085
545.3806,245.0701,27.1236,46.9211
545.5996,245.0454,26.3290,46.9809
542.7930,245.8563,27.1823,47.5092
541.8336,245.6827,27.3226,47.8674
541.5944,245.7062,27.6817,47.9230
541.1114,246.2095,27.3244,47.3655
539.4973,247.3660,27.5096,48.0077
539.2703,245.2491,27.8752,50.6879
538.5244,246.1351,27.5165,49.4011
538.0875,247.1234,27.3586,48.1290
536.7577,249.0036,27.0347,46.8957
536.7109,247.8009,27.2685,48.0489
536.8370,247.5373,27.4412,47.9503
536.0999,246.2066,28.2928,50.3685
535.0168,247.1266,26.8458,47.1360
533.7617,244.8879,26.4990,44.3773
532.6732,245.2009,25.8657,44.4888
531.8657,246.5850,24.6547,44.8198
532.1174,245.4293,24.7797,44.2266
530.8568,246.4746,24.9991,43.2212
530.7144,245.2805,25.3140,43.2928
530.4084,244.1583,25.4055,42.6490
529.8981,242.9940,24.9536,41.9207
529.9149,244.3643,26.1476,42.1393
528.8154,244.0774,26.7413,42.2776
529.4939,243.0751,26.6078,41.7346
530.6661,243.4564,26.9934,41.4675
531.0643,245.6044,24.9438,39.3554
531.8442,245.8036,25.3188,40.3915
534.1058,245.8082,24.4334,39.8581
535.2320,244.7504,23.6220,41.0334
537.2029,248.7457,23.7599,41.3855
537.4845,246.3074,23.7365,43.2609
540.5016,249.0226,23.7428,40.8348
542.7136,246.6361,24.1925,41.6067
545.5375,245.9411,23.6965,40.7121
548.2182,244.9866,22.3227,39.7014
550.5108,245.1879,21.6992,39.4399
550.9366,245.4396,22.6657,40.0700
554.5250,246.9543,23.3229,39.2747
556.3762,245.1614,24.7680,40.4721
559.7309,250.2714,25.0813,38.5297
562.1571,248.4774,24.8605,37.9839
565.4479,246.6382,24.3147,38.3136
569.7948,250.0032,23.7288,37.2505
572.9850,248.0734,24.2640,37.5500
574.7749,246.6501,24.6436,39.3641
576.0754,246.6138,24.6951,38.2388
577.8173,247.1414,24.8861,38.6883
581.0076,248.3371,25.0537,38.5643
582.9281,246.8315,25.7496,39.8787
584.3943,247.5396,26.3671,40.0377
585.9470,246.3165,26.7630,40.2148
588.2206,246.9072,28.4017,40.3353
589.0159,245.8163,27.8406,40.9134
590.1757,246.2577,28.8054,41.8829
591.5001,245.4826,28.6434,42.6596
593.9074,247.1318,27.9767,41.4365
596.3831,246.0900,27.8942,40.9969
596.5807,247.9713,27.2035,40.4543
597.7210,243.0748,28.5647,41.7127
598.5512,245.5186,28.6024,41.8838
600.0140,240.7729,29.2308,44.2894
600.9040,242.7925,28.6535,43.9382
599.3912,242.7596,29.0360,44.1547
597.0791,243.3918,29.5374,44.2022
594.7827,241.4807,27.9551,42.5153
590.0377,243.5032,27.5750,42.9502
584.2975,239.3314,27.3392,44.4325
579.9958,240.9862,26.4410,42.6411
572.9500,240.1684,26.7274,45.2379
566.8849,238.4112,26.5804,44.8813
560.9656,237.7215,25.5830,43.2361
553.2792,237.0587,25.9101,43.9183
546.3004,235.8447,25.8951,44.0922
539.1057,237.8959,25.9143,44.0723
530.9199,236.4911,27.4371,44.9204
522.6323,234.6536,27.7480,43.1488
514.7394,235.5815,26.6096,41.5973
510.1968,234.7232,25.7938,41.9823
500.2736,234.5034,26.7429,42.7949
490.4751,233.9240,27.9848,42.8244
480.0954,235.1639,28.2977,43.0891
470.4033,238.6474,27.3238,41.8544
458.7480,240.3721,28.3471,40.1198
451.5336,247.4077,26.9190,39.9574
434.5097,246.3749,28.8152,41.6034
423.0034,247.8432,29.9466,41.2259
410.7059,248.2222,29.3928,41.5743
399.0220,248.8962,29.1515,42.4259
385.8339,248.4259,28.4092,42.3819
368.1235,248.1923,28.4410,42.6100
355.2842,249.9670,30.1300,44.0332
334.6595,248.6726,32.3751,45.1500
307.9159,251.3438,34.0034,48.2112
289.1853,249.7513,33.8057,47.9754
271.2442,246.6196,33.2999,47.9818
248.7946,251.1656,31.6002,47.0064
231.0020,253.2384,31.3227,47.2714
213.8609,251.1032,30.5251,45.8104
194.5065,254.2272,29.3762,44.1025
175.8609,256.2381,30.9067,46.3544
157.9978,252.3586,30.7421,46.5412
144.8479,252.6257,30.1318,45.8043
134.5891,255.5717,29.5938,47.9154
121.7799,255.3077,30.8615,50.9620
105.5451,256.3580,32.0115,50.0159
93.9704,256.4873,30.5547,46.1293
86.0958,258.9978,31.4399,47.1086
82.7584,257.9976,33.3084,47.7101
80.5979,261.7346,33.4760,47.9506
81.7374,260.4272,33.2792,48.1034
82.3862,258.6254,33.9354,50.0295
83.4298,258.5656,32.4215,48.4487
84.3692,260.7209,31.8315,47.3276
88.1999,261.4165,31.9899,47.2973
91.5916,263.7579,32.6937,46.6132
93.8498,268.1066,33.6637,45.4183
94.3960,270.7277,33.7918,42.8401
94.0403,271.6974,35.7467,45.1473
94.8751,272.3544,34.9112,46.9324
92.8704,271.0353,34.0601,46.4333
93.8157,269.3183,35.1628,47.4627
95.5050,268.2904,34.7488,46.8327
97.1313,269.9078,35.9320,47.9391
97.9046,271.3451,36.7537,49.8400
102.6781,271.8308,37.0573,48.9513
107.3457,273.7703,37.3115,49.1515
113.7799,272.3613,37.4108,50.6343
119.1789,271.4368,38.1068,51.5326
128.0793,268.0699,37.9709,50.4227
138.7736,269.3674,38.3358,52.4453
148.6204,267.1136,38.1159,51.1004
158.4795,265.7359,38.3039,51.1889
168.6970,265.3888,39.0110,52.7911
180.0251,265.2337,37.3576,52.1690
189.2210,263.5783,34.4802,47.2818
197.5287,264.7634,33.1277,45.5725
204.3220,266.2345,32.8939,44.9590
213.8541,269.0286,30.5585,42.1869
220.3547,268.0583,30.4140,41.8851
227.8337,269.4640,29.3485,41.0735
234.2369,270.9885,29.6181,44.1927
241.0345,270.0647,28.4988,46.9051
247.7219,269.9415,28.0360,47.2391
255.8183,264.7863,26.7092,48.8160
262.5807,264.8574,26.9338,52.2391
268.7036,261.0919,26.4010,53.4283
277.9488,261.2881,25.6077,51.9265
285.1353,263.2711,26.1452,52.7139
292.1815,262.0078,26.2312,50.4153
302.1526,262.8269,26.0838,49.5858
309.2860,262.3532,26.2542,49.5885
317.6649,262.0937,25.8033,48.0975
325.7119,263.8560,25.5913,45.2598
332.8155,264.3520,24.8642,46.9255
340.1422,262.0209,23.7262,45.4288
346.5615,261.9930,24.0436,47.0081
354.5073,260.4494,25.4301,48.1060
362.6008,260.3669,25.6614,48.0307
370.6854,259.2997,25.7334,47.0540
376.7401,260.8405,26.5515,48.2163
383.4776,260.6945,25.9188,48.8798
391.1074,261.1621,27.3792,48.6243
395.3128,262.7599,27.4707,47.7416
403.4247,261.3144,26.8370,46.8160
410.4096,262.8691,27.8258,47.4877
419.8232,262.9077,27.4524,46.6176
428.1751,264.4680,27.1038,47.1411
435.9495,261.6264,26.4295,47.6209
443.8249,260.7174,27.0666,48.6727
450.5316,259.8939,26.8699,49.2225
456.8866,261.0043,26.2052,49.0728
462.7383,261.4346,25.7742,48.5561
470.6911,263.3713,25.9442,47.6746
478.5399,264.1256,24.5399,47.3026
482.3801,264.8544,25.0417,47.7714
486.5482,267.4055,24.1705,46.1706
486.8996,267.9707,24.5174,47.6999
489.7195,267.4134,22.8277,47.3069
492.3025,264.5333,23.3519,46.7698
494.3635,261.4553,23.3593,47.4956
494.4569,256.0764,23.6886,50.8150
494.2513,258.0601,24.0227,50.4032
493.0390,260.0606,24.5504,49.9002
492.5755,261.3103,24.8800,49.0604
491.6497,261.9818,25.1222,46.5093
492.4169,260.6266,26.5137,46.3587
492.9957,261.3616,27.4877,44.5663
494.5820,265.0592,28.5088,43.8559
495.0916,265.9774,29.1870,43.2819
494.0949,264.3671,29.4013,43.3996
489.1141,263.9796,30.8512,45.5460
479.3841,262.4673,31.9527,47.3264
466.1847,261.7059,32.5690,48.7126
452.4519,258.6292,32.3974,49.0406
434.6616,259.9880,32.5615,49.0915
420.7082,256.9835,32.1790,48.5466
403.0266,259.0636,32.4962,47.3193
387.7824,259.4535,35.3850,48.5898
375.0704,261.4955,34.8503,48.2317
360.4970,261.2855,34.8512,48.1600
348.9460,263.6617,33.4000,46.3263
334.5718,264.3101,34.1317,48.0993
321.4891,265.6813,33.9941,47.8369
310.1616,267.5203,34.6064,45.9129
301.9661,269.8814,31.8064,44.4272
292.2999,270.0891,32.9939,46.1302
287.5517,273.8867,32.3103,45.1716
283.5322,274.5883,33.5545,46.2364
278.1274,275.4499,35.3270,45.4244
275.5476,276.8726,34.0619,45.4424
267.1685,278.9691,34.9841,46.6233
261.3968,281.1335,35.3806,47.9220
258.4598,282.8885,33.9376,48.0498
249.8957,286.8929,33.5646,46.3515
239.6178,289.7235,33.3915,46.3998
227.2491,293.5184,34.8901,47.7761
216.7778,292.8383,36.0125,49.1440
207.2564,293.5813,35.2678,47.6177
196.7384,294.9121,33.9419,45.9676
185.1788,297.0358,32.8053,47.1183
173.3928,296.1183,31.6172,47.9062
165.7979,294.9779,30.9025,50.0036
160.2610,296.1725,31.8251,50.5689
163.4295,295.4168,30.2851,47.9889
166.1452,296.5222,32.2350,49.7858
165.4379,293.9120,34.8965,50.6741
172.7301,297.0371,34.2321,47.6686
183.8651,297.6122,36.7296,48.6840
170.9751,330.5595,36.6167,55.9204
168.1037,323.6112,36.5989,56.0169
197.9953,291.7931,39.0558,54.3062
203.1784,294.9204,34.4930,47.5951
211.1659,307.1062,32.2486,46.2170
215.8927,306.4195,29.9129,48.4985
222.5134,304.3919,33.5276,48.9523
230.9517,304.6037,36.0044,47.4057
234.9040,303.2406,39.8152,47.4170
237.2466,300.8676,41.9478,48.9289
236.4844,302.2859,39.0469,45.6129
238.8365,300.6514,39.8106,48.8126
242.6391,298.2731,41.1238,47.8038
245.2322,297.0373,41.3663,47.0654
250.1843,296.3966,39.9900,48.2330
257.6689,294.7837,36.8908,44.8263
262.1880,295.4379,36.0526,45.2426
267.9707,297.1857,33.3753,45.3203
274.2088,299.3716,32.9471,45.2911
280.2823,299.3566,32.5171,44.7514
286.5926,299.9978,31.5253,43.8593
293.2162,299.4102,31.8368,43.9213
298.6819,298.7803,30.9587,45.7760
303.1877,298.5617,32.1443,47.8607
307.7178,296.3502,33.5058,47.1727
314.7671,298.7303,32.3532,47.5697
322.7747,295.8049,30.4673,48.2502
329.5261,297.8010,32.2100,47.0640
337.8172,297.9282,31.6907,44.8202
344.8086,296.1748,32.9977,45.5951
347.3713,298.4315,33.8571,44.4184
353.9962,300.1591,31.9530,41.8490
359.0857,301.3124,30.3223,42.6229
359.7227,303.5667,28.8012,41.2230
363.8754,303.7805,26.2518,40.2283
368.7530,304.0339,25.8764,39.6141
370.1618,305.1765,23.8488,37.3510
370.6402,304.6341,23.3403,37.8989
369.0912,304.8024,24.0950,39.1833
370.4267,302.0703,22.9731,36.3055
371.9705,300.5860,25.7461,39.9984
370.3679,291.2832,24.7535,40.0106
374.5501,287.4754,23.7902,38.7118
380.2120,288.3704,23.7679,39.0352
383.4983,288.1949,22.7333,37.3662
383.9115,287.2361,23.9809,37.3688
385.2036,287.2706,25.5927,38.5291
386.3025,285.0731,24.3919,38.8583
388.4325,283.1500,22.7820,37.7204
388.6662,283.4091,21.5544,37.0235
391.2206,285.9026,20.8797,35.9450
390.0639,283.1593,21.5424,37.9949
388.3245,282.7434,22.3509,36.4873
388.2274,284.4866,22.9427,36.6778
387.9857,285.0595,23.7734,37.8137
389.3946,280.8297,24.8848,40.8133
389.8322,276.0651,25.1859,42.9979
391.2664,282.9395,25.1476,40.2796
392.5175,284.0636,24.7190,40.6356
394.6728,289.5137,24.0518,39.8204
395.2091,291.5957,24.6044,40.4529
391.5064,292.5877,25.4143,44.0368
389.8615,290.6892,25.9550,43.4735
381.8813,291.2821,28.3726,43.4004
376.2650,294.6655,27.1695,41.5387
379.0771,302.4282,26.1501,41.0764
363.3034,295.5684,27.1923,38.9768
363.9768,293.9334,28.5848,37.2427
362.7797,292.0009,27.6674,38.2138
364.2833,294.1661,26.0880,36.7796
359.3208,295.9916,26.9901,33.6344
357.9842,295.3361,26.8125,35.3367
354.9999,295.5503,25.7931,36.0276
351.9454,292.1031,27.1493,36.9413
345.1266,294.0526,29.5206,41.0025
338.9609,292.9308,28.6680,42.2732
327.5430,290.8661,29.1597,42.0360
318.3230,292.7180,29.4527,41.0077
305.6619,290.7838,31.3383,42.4234
292.3083,291.6575,33.2759,44.9100
278.8960,289.7287,35.5618,45.9307
269.6986,290.7046,35.8023,47.5779
254.4922,292.4072,35.3050,48.5588
247.5006,293.2428,32.4871,46.7605
237.2423,294.8201,30.8036,44.8070
226.0311,296.9832,29.8457,46.2738
218.5603,293.2162,28.2677,49.1696
209.6603,290.6761,28.5037,47.1755
202.3116,290.0206,29.5480,48.2915
193.5301,290.1781,32.5649,48.5108
182.1969,292.7971,32.7682,46.9041
172.9423,293.1349,32.0559,45.4357
164.5300,294.8343,31.7326,46.2795
156.1404,297.9240,32.7502,43.2069
150.9697,300.2375,33.9640,43.2550
147.8891,299.5248,35.0380,41.5369
144.9019,298.9754,34.6661,40.9335
141.7971,300.6106,33.3518,39.4603
139.6013,301.2372,32.4870,39.7820
136.8522,298.9806,29.0274,40.9391
136.0126,302.1357,28.6127,40.5629
139.6664,299.5979,26.9222,40.0513
142.1220,301.5325,30.2037,40.6402
141.1379,302.0310,31.1364,39.9115
140.6575,301.6330,31.3065,40.2222
139.4173,300.7374,32.0578,41.2020
138.2752,299.5171,29.6182,42.4834
137.5009,299.4340,28.3487,43.3248
137.4448,298.2294,28.1944,43.4230
138.1096,302.0728,27.9011,44.7009
136.3435,306.0893,29.6211,44.7687
133.7540,302.2071,27.0633,45.9003
129.7670,305.0887,27.0964,46.5819
125.0240,302.6358,26.8612,46.2032
123.3058,300.5082,30.3101,47.8920
128.0922,301.5155,30.7779,48.1196
134.5080,297.8747,28.8153,46.6507
137.6455,302.0164,27.6608,47.0709
139.5044,299.1460,28.6138,48.8977
142.5247,299.4351,29.1326,49.7320
143.7140,302.3528,28.2933,49.1444
141.8467,300.2361,27.8367,49.2802
136.7995,303.0549,28.6159,49.6580
