1
170.7490,25.4476,27.3632,57.8837
171.1049,26.2359,27.4908,56.9256
172.1063,22.7120,28.4558,56.5882
174.7238,18.8005,28.5801,56.9138
172.7071,19.8345,28.9930,57.8795
171.0060,19.5327,29.0072,58.9931
166.6981,19.3156,28.9273,60.2306
164.0060,20.5344,28.3464,60.6119
161.1129,21.4218,28.1012,61.8564
159.3848,21.9144,28.5078,62.6812
156.6175,19.4114,28.2719,63.6300
153.7151,19.0573,28.5695,64.5846
152.4482,19.2141,28.3554,65.3092
150.4547,21.5862,28.4953,66.2988
151.8232,24.0263,28.9659,66.9988
154.7778,26.9517,29.8844,68.3018
154.4364,27.1011,32.0086,71.1474
152.5782,26.8117,35.3216,72.4858
151.7664,28.0826,37.6376,73.0450
150.9669,27.9224,38.6613,73.1512
149.2401,31.6563,40.4165,72.3964
145.5037,34.1572,41.0057,72.4495
143.2774,38.2538,40.6793,71.9203
137.3152,41.9250,43.3950,72.3834
126.5380,43.2311,47.4772,73.6339
120.8825,43.1165,52.8635,73.3790
122.0433,45.5128,54.2748,73.8384
124.7014,52.0692,51.9872,74.0173
127.4916,55.2697,49.7751,73.8223
132.2703,63.5086,46.2377,75.3992
140.8802,69.3147,42.7480,72.0736
144.9268,73.6436,41.0270,69.7731
146.9370,79.2492,40.6299,71.3752
146.2482,90.0826,41.5779,71.2852
146.8270,93.7046,42.7948,70.5563
147.5806,96.2346,42.6722,70.1793
147.6974,102.6191,41.7502,67.6898
147.6713,109.9414,41.7002,65.5743
147.3436,112.1597,41.5536,65.2096
146.9843,117.4339,41.5247,65.1263
145.3530,120.7637,43.2929,61.6173
143.5042,126.3979,45.1248,59.5245
137.2331,128.3532,49.0585,58.5835
136.8497,127.1910,49.9477,58.5080
136.6160,128.2567,51.5904,58.9692
134.9276,129.1916,55.9920,57.5733
133.7643,129.5744,59.0632,56.8993
132.3488,129.0605,61.9242,56.5917
131.4277,128.0622,63.9789,55.4165
132.1463,124.4756,65.4708,56.0313
132.1237,122.7119,65.6341,56.3211
135.7068,114.8511,64.6125,58.1504
134.4227,109.7004,63.2313,57.8990
135.3001,102.3238,63.3858,60.1042
138.2986,97.2192,62.8456,60.9806
137.8722,92.2763,66.9241,65.0256
134.9720,88.7498,69.4219,71.6681
137.2523,85.5426,69.4590,71.7513
140.3653,82.8790,71.3273,64.2035
143.6060,90.6427,69.5664,65.7249
143.3282,79.8295,60.6624,66.0987
144.8779,87.1968,53.4770,64.2370
151.4890,94.0089,49.8018,61.8386
153.2515,99.8414,46.0520,61.9223
156.8269,94.6656,40.8127,55.7754
156.1552,93.0914,37.9332,52.4814
156.9887,93.2876,36.3343,49.8991
156.3764,89.0686,36.9719,50.4109
155.3216,88.9602,35.3870,52.2051
156.6917,82.1845,35.2529,55.5862
157.6873,80.2936,34.8876,59.0679
157.7507,79.5141,35.1190,59.7630
158.1469,75.7433,36.4338,62.4269
156.7259,72.7222,39.8358,64.2524
153.7767,78.4905,42.5105,61.5051
154.3383,78.6570,41.8475,61.9630
154.2767,82.5103,41.6459,59.9541
151.9890,82.4745,41.9929,60.7847
152.1154,82.4116,40.6565,61.2339
152.0302,81.2627,40.0749,63.3970
153.0889,77.5898,39.4289,67.1275
153.9533,75.8008,40.4514,71.4420
156.2515,72.0569,42.2091,75.1122
157.7025,70.1771,43.9434,76.1744
157.7308,70.3674,43.3560,76.5590
156.7444,71.8016,42.9705,76.4076
157.3935,71.8732,42.9405,76.4136
155.2726,72.4685,42.8199,76.4217
155.5410,73.1546,43.9774,76.0469
154.5392,70.4871,45.3940,76.9806
154.6554,70.6798,45.6698,76.6778
153.9638,69.6496,45.7742,76.9225
153.6035,70.3806,46.3981,77.6780
155.3063,71.1051,46.9935,77.1856
155.9255,71.7546,46.7417,76.5660
155.6889,72.1966,46.5044,77.0118
155.5679,71.7883,46.2920,77.2306
155.6380,72.0181,46.1890,77.7822
156.6095,72.3330,46.0791,77.9051
156.7020,71.7338,45.2833,77.3970
156.3822,72.3063,44.6292,76.1362
155.4029,71.6608,44.5407,76.6740
154.0681,72.3393,44.3065,76.1313
153.9637,72.6806,44.9355,76.8605
153.5036,72.3450,45.0739,77.2439
154.0824,73.1244,44.7626,76.9687
154.1610,72.5449,44.7170,77.5656
153.5487,74.5490,44.0470,77.3890
153.2410,74.1297,43.8883,78.1130
154.5684,73.9568,44.0078,78.0576
154.6231,74.2039,43.8372,78.2151
154.7274,73.1664,43.7288,78.5988
154.6531,73.6738,43.8974,78.9770
155.1006,72.5584,44.4262,79.3154
155.5074,72.8201,44.8036,79.0203
155.4857,72.9847,44.9089,78.8001
155.0367,73.0548,44.5915,78.6669
155.4200,72.7064,44.7451,78.6331
154.6766,72.5068,44.8436,79.0168
154.2777,72.5000,44.5218,78.8395
153.8420,73.4608,44.5771,78.8850
153.5984,73.0582,45.1469,79.6417
153.7886,72.5788,45.3853,78.9591
152.8421,72.3232,45.6304,76.9617
152.0950,72.6028,45.1487,75.3160
152.5537,72.0913,45.2258,74.8430
152.0098,71.6194,45.1534,73.5034
152.0297,71.9083,43.5428,71.3752
152.4714,70.3797,43.8530,71.1507
151.9646,68.5220,43.0635,71.9087
147.5244,67.3021,43.9979,75.5304
148.8541,67.9805,43.0713,78.4074
150.5459,67.0665,43.2020,78.6979
151.5959,66.4130,41.5749,80.4089
150.5068,65.3087,43.0189,79.3355
149.7378,66.2117,44.4488,79.4471
151.0468,71.1692,45.3876,78.0769
150.4895,71.9301,46.6209,78.8210
149.7274,72.4367,46.0754,79.4316
148.6029,72.3578,46.9760,80.2692
147.7759,72.3304,46.9437,80.9042
147.7326,73.2245,46.1862,81.2790
147.2691,72.6730,46.5393,81.9177
147.4238,73.0408,46.2767,82.2407
146.8283,73.5899,46.5070,82.7067
147.8240,73.6586,45.8104,82.3617
148.2968,74.6873,44.8650,80.6815
147.5244,76.0521,45.2267,80.2660
148.5963,77.0595,44.6654,79.8499
146.4623,77.9664,44.0656,79.8326
144.6630,80.3325,43.5991,79.7433
141.0902,84.6299,43.5565,78.8554
138.2536,86.1954,43.3458,79.5421
137.7968,84.3453,43.7263,80.2165
137.2628,82.8746,43.9211,80.7977
136.6806,83.8874,44.6167,80.7181
136.5712,84.0634,45.0427,81.5137
137.0437,84.8782,45.0887,81.2172
138.4262,84.8883,44.5440,81.5607
138.5573,84.8073,44.8436,81.3037
139.7520,84.5033,44.8455,80.7592
139.2148,83.8063,45.7362,80.2291
138.6919,83.0285,45.7324,80.2721
139.5021,81.8348,46.3391,80.3137
139.4219,79.5621,47.4370,79.1666
140.4198,78.3045,47.3377,78.0739
139.5055,76.8448,48.4739,76.9710
139.6339,76.6115,48.9986,75.7528
140.4959,75.7204,48.0148,74.2452
140.2278,75.6486,47.7418,73.9773
139.4196,75.7023,47.2631,73.1841
140.0579,74.3195,46.3495,73.0431
141.1733,74.5490,45.7085,71.6739
139.2971,73.8939,46.7799,71.2275
139.4248,72.4737,46.6995,71.8014
139.8452,73.0182,46.7687,71.0479
140.6015,69.4319,46.9148,71.1682
140.2991,65.7253,47.3604,71.3195
139.4088,61.5578,48.1046,70.8679
138.6620,59.2258,48.3747,70.9931
138.4822,57.1419,48.9041,71.3588
138.7730,58.8988,49.7185,71.0172
140.0694,61.3405,49.0258,71.3112
142.2364,60.8142,47.7455,71.2816
143.3123,61.4911,46.8968,71.6807
145.6081,61.3468,45.0180,71.7695
146.9895,58.9662,44.6282,71.8026
144.3959,57.5994,45.4237,71.5222
139.7276,56.5468,44.8743,71.8029
139.3781,61.1223,44.5818,71.1886
138.5492,62.9323,43.2955,71.5811
137.3655,62.1404,43.4403,72.2758
137.7157,60.9453,43.4893,72.3943
137.3811,60.8508,43.5392,72.2701
137.4445,62.2239,42.6171,72.2756
137.6031,63.2587,42.4716,72.1630
135.8736,64.3500,42.8055,72.0633
133.9125,63.3575,42.9222,71.9253
131.4538,64.2058,43.5262,71.9962
129.3754,67.3012,43.9812,71.6547
127.2747,70.8296,43.9540,71.6115
127.2951,69.9314,42.9474,72.0914
127.3520,70.8903,42.4504,71.1284
125.8375,72.1034,44.0282,72.5143
125.2723,71.8942,44.1424,72.5159
125.1513,70.3074,46.8424,72.8162
123.4793,67.5489,48.8552,73.4413
123.6242,67.6364,49.3606,73.2352
123.3502,66.7402,49.9681,72.9397
122.1708,65.5974,50.1831,73.1041
122.6852,64.1857,49.8965,74.2281
121.6973,62.7745,50.1006,73.7972
121.8208,62.5827,49.9080,73.6243
120.9758,62.5647,50.2607,74.2141
121.5429,61.1290,50.0407,74.5547
121.6401,62.0739,49.9696,75.0182
122.8280,60.9795,49.2255,74.9583
122.8131,59.7596,49.6813,75.9216
123.0271,59.2016,49.5820,75.6379
122.5921,58.7341,49.5019,76.1646
123.1559,56.8358,49.4737,76.0210
122.9760,56.9726,49.7121,75.8193
123.5477,55.6957,49.6074,75.7038
124.0721,55.3363,49.7494,76.0443
