1
294.1091,142.5207,44.3529,147.3782
293.7694,142.8628,44.7081,147.7036
295.7669,141.9863,44.2501,148.5742
296.3217,143.4771,44.2584,148.1370
297.1230,143.4882,44.5687,148.1906
298.3254,142.7896,44.6259,149.3286
297.8410,143.3406,44.5524,148.3673
299.0487,143.1054,43.5816,149.3730
298.3846,143.6256,43.4289,148.8155
298.2258,144.0435,43.0220,149.5447
297.5744,143.6977,43.1712,149.3582
295.2741,143.3257,42.9134,148.8049
293.3994,143.0388,42.6030,149.5755
290.7442,142.8143,41.4826,148.7055
288.9048,144.1446,41.7702,147.7531
286.7313,143.5738,41.5994,147.1658
284.1984,144.6137,41.3673,145.8143
282.9686,145.6628,41.3097,145.7945
281.1716,145.8473,41.3729,146.3550
279.9811,146.3396,41.9735,146.1469
278.1436,148.2913,42.8443,144.7307
276.5158,149.1455,43.5007,143.8876
275.6659,149.5097,43.4757,143.0041
275.4361,151.4001,44.1901,141.4361
274.3465,153.6814,44.4676,141.5361
274.2483,153.9707,43.8586,141.9145
273.3991,151.7213,44.3489,143.4434
272.8396,153.2100,42.8584,143.4099
272.7422,154.5770,42.6384,143.4992
271.4424,156.2363,41.9961,142.1993
271.1657,158.2495,40.7591,140.8661
269.8067,158.0422,40.8150,140.3506
268.5309,158.3567,41.4957,140.7562
266.3474,160.5649,41.2330,139.9555
264.8197,160.0424,41.9195,138.6885
262.5859,160.7794,42.7567,137.6138
261.7786,160.9861,42.7429,137.6147
260.7057,162.7846,41.3641,136.5997
258.4970,163.1701,41.3415,136.6981
257.0688,162.2215,40.6096,137.4179
256.7330,163.3254,39.6111,137.3397
255.0873,163.0773,40.0161,138.4712
254.0895,162.2391,40.6065,139.5267
256.7890,162.3360,41.0963,139.5860
256.0272,162.5547,41.1405,139.3329
256.5195,163.8314,40.8975,137.6069
258.9439,163.6111,40.6114,137.1570
262.5294,161.6594,38.8612,136.0609
262.2213,159.1953,38.9280,136.2094
260.6618,161.0159,39.4166,135.8242
261.5981,161.4377,38.7363,134.9853
261.7937,158.7655,37.2569,137.0014
262.0158,162.8201,36.5456,134.3516
260.8505,162.8204,35.8851,133.6775
261.5401,160.8362,34.9904,135.6451
259.7908,161.5960,34.3562,135.0186
255.6229,155.4826,36.9843,141.3449
253.4065,151.1414,38.9386,147.0416
245.1887,148.5791,45.1682,150.9678
247.3422,147.3848,46.7252,149.6708
246.2471,145.2271,48.8131,148.4369
247.1640,146.0815,47.3245,146.4075
246.2204,148.1155,45.7972,142.5891
246.8507,150.0842,43.9389,138.3961
249.2940,147.0147,42.2943,138.8633
250.9075,146.6881,40.1586,139.4939
252.0681,144.5777,38.9387,141.2108
251.9944,145.3541,39.5894,140.1671
252.4907,145.8269,40.6138,139.0584
251.4815,143.1952,41.7734,140.3063
252.4103,143.6370,42.1283,139.9183
254.1283,143.6376,41.1939,136.9736
253.9799,145.2594,40.2352,134.8907
254.6648,144.2634,41.7576,136.1109
254.7220,146.0774,41.9748,134.3510
253.5949,144.9464,40.7415,134.5703
253.4080,144.9827,42.6632,133.4534
251.5278,146.7076,42.6851,131.4399
254.3831,144.1114,42.9942,132.3582
252.6577,143.9878,42.1091,134.1956
253.5867,143.5000,41.8366,135.7214
254.2417,143.2225,41.0608,139.0289
253.7159,142.3767,41.5644,140.3700
255.8836,142.1795,41.1964,141.2099
253.6448,143.2169,41.7532,141.4067
255.9340,142.9593,40.9508,140.7775
255.9783,143.6852,41.8001,138.7123
257.9557,140.9757,41.3988,140.0241
258.0984,142.1296,40.8943,140.7590
258.9583,139.3923,40.1181,143.0652
260.1530,138.8799,40.0840,143.4664
260.6156,139.5991,39.9044,142.5148
260.7263,139.5240,41.1032,143.6635
259.7288,139.7877,42.3003,143.5111
259.6527,140.4000,42.5047,142.8691
263.9475,139.6571,42.7115,143.2176
266.2481,140.0762,41.5917,142.3054
266.4997,140.0910,41.4604,142.0887
268.3376,138.7932,41.5403,143.0327
265.8242,138.4336,42.2159,145.3557
269.3497,138.2648,42.1927,145.6398
272.9295,141.8559,42.0271,146.4942
276.6309,140.4194,41.4318,152.7727
279.6959,142.5514,39.9414,156.9093
281.6662,142.7003,39.5200,167.2820
277.1836,141.7007,44.6405,185.2776
271.8066,134.7548,52.5973,182.3115
251.0061,145.0771,60.5038,176.5292
255.0831,148.1853,70.8888,173.4904
248.6314,167.9646,82.4652,166.2247
252.1800,175.0836,93.0885,160.6068
253.1911,183.7936,99.0452,154.4794
252.1152,183.8322,101.7183,159.0016
261.4208,174.6413,102.8509,160.7170
264.1272,168.7304,99.1022,161.5693
263.5409,168.5740,103.4865,165.6567
272.9294,179.0284,103.5107,164.7797
277.9542,152.5169,98.1283,182.8303
282.6801,152.9183,99.3598,185.6875
290.8636,153.4938,98.7586,186.6966
306.2769,152.9743,99.3129,186.9323
290.4642,158.9934,95.2873,179.4710
273.5885,175.4972,87.7737,165.0174
279.4450,173.5607,77.5938,151.6267
284.5956,149.2182,67.4052,150.6025
275.8907,145.2809,56.6556,143.6848
278.7545,145.5530,49.9223,139.4775
277.8044,148.3875,46.8572,135.4515
277.3307,151.2581,45.0807,138.4861
277.7044,148.2085,46.4666,143.2067
277.3743,148.8746,47.0754,144.6617
276.4016,150.9323,47.8585,145.5264
275.5050,149.6165,48.1795,147.5431
273.9074,150.9260,47.8244,147.1865
274.7125,148.8230,47.2706,148.6506
274.4226,149.2164,46.6093,149.6469
274.9109,148.6091,46.0607,152.0502
274.2957,147.6442,45.3191,153.3175
275.6006,149.2581,44.7621,154.7253
275.6175,148.2086,44.2185,154.5353
275.1269,148.4209,43.1656,154.5976
275.7293,149.0086,42.0764,154.0771
275.1793,149.5123,40.9527,154.4051
274.8296,148.6389,40.7324,153.9630
276.8719,148.2523,40.8607,153.9874
276.6124,147.4554,40.1587,151.5050
276.0564,147.4369,42.1330,151.5169
275.6046,147.2478,43.2299,151.3802
276.9529,149.0422,43.4740,150.0045
277.6993,150.3149,44.3523,148.5793
277.7125,151.9403,45.1965,147.8947
279.6078,155.3066,45.6236,146.7844
277.6668,153.8873,46.7009,145.5242
279.4464,153.8925,46.0068,145.4101
281.0659,155.6141,46.3831,143.3824
281.0786,156.0113,45.6842,144.2190
279.8060,158.2131,45.2445,142.0340
278.9757,158.0549,45.0436,141.4573
278.8861,158.2943,44.2189,143.3432
277.3710,157.3326,43.0936,144.7202
277.1745,155.4010,41.6401,147.3851
275.3422,155.8497,40.7730,148.0910
272.7608,160.7710,42.3218,146.1454
274.4750,161.0413,42.4834,145.5294
273.5833,162.4477,44.5236,144.4091
273.1646,164.2965,46.4599,143.2878
273.1005,165.2006,48.4514,141.6688
271.9932,165.1087,49.4427,141.1613
271.7218,168.3953,51.1370,136.4574
274.1462,168.9000,52.6395,135.2389
275.2076,170.2649,51.8683,133.2262
275.1827,170.2159,51.9087,132.7860
276.2864,169.6562,51.9781,133.9039
276.4918,168.2265,49.2212,136.1163
278.7107,168.3359,47.2258,138.8770
279.6840,166.1148,45.8740,142.0861
280.4879,163.9225,44.3478,144.1591
283.7899,163.0879,43.4638,146.6857
285.3953,163.1493,42.0838,148.7212
287.8381,160.6264,39.9323,149.7601
290.9325,161.3309,39.4468,149.7887
292.2612,163.0458,39.3460,149.4031
295.8030,160.6263,38.8676,149.9570
296.6024,160.3578,40.0494,149.3641
298.2313,162.1761,38.8202,147.7004
297.8065,161.2324,38.3266,147.7060
297.6056,162.4224,37.1144,148.0735
298.7314,161.4077,37.2408,148.9073
299.3845,165.0815,36.1671,147.0175
297.6600,163.6388,36.7276,147.0766
295.5316,163.6323,39.0723,148.2190
295.4670,166.1716,39.8831,148.2701
295.3256,169.5727,39.9619,146.5415
293.8022,171.2470,41.3656,146.0783
292.8193,172.3216,44.0836,145.0313
290.1386,173.9342,45.3710,144.4419
289.1404,172.9013,45.4723,143.9245
287.8286,169.9238,46.4837,145.1826
286.9091,167.4014,48.6566,146.8966
285.9200,168.3237,49.4135,144.5363
285.7094,166.9057,50.6278,145.3874
287.7354,167.5974,50.5594,145.0859
290.0763,169.1461,52.8888,142.2846
294.7273,165.4866,50.7154,145.4602
298.1493,168.8819,49.9403,144.3162
301.2163,162.3819,49.9197,149.9454
303.4018,162.5921,50.0405,150.9497
306.1093,160.2268,48.9358,153.0821
308.1981,162.7670,47.8647,149.7776
310.3100,163.1480,47.4978,148.1472
312.6583,163.0198,45.1328,147.1423
317.4313,167.5027,45.8219,144.2750
324.0152,168.9458,48.2686,143.0822
320.4667,170.9616,47.6989,142.3170
316.0139,165.0827,51.8084,143.1740
313.0016,167.0530,56.2539,140.5986
311.8080,170.0256,57.0160,137.0864
310.8461,168.4077,58.6704,137.2877
308.7715,169.4960,59.8235,135.5869
312.9362,177.1910,62.7538,129.1571
309.7179,177.4785,60.6929,128.5220
307.5548,177.2455,60.5081,128.0875
308.9060,172.4401,59.3035,130.0449
307.1176,168.2798,57.3505,137.8136
306.3969,168.0255,58.0354,139.8638
306.0875,165.1523,56.2813,144.5068
305.9079,164.8326,57.7512,148.1709
309.2097,165.9624,56.0209,149.2334
310.9269,165.1707,54.4045,150.2829
312.0749,163.8688,53.3660,151.4825
312.8212,162.0883,50.9621,152.8193
317.3006,163.9849,47.8175,153.5145
317.6819,162.6221,47.7561,155.5318
321.1011,162.1042,46.4950,154.9593
324.4261,162.8289,45.6363,153.8612
326.0227,165.1496,44.9492,152.7500
326.7979,164.2279,45.1247,152.1708
328.1339,165.3407,45.9228,150.9565
330.0477,166.7262,45.5618,149.9682
332.4617,166.9954,47.5243,148.7222
334.4728,169.0075,49.0142,150.0282
336.0145,170.6767,50.0398,149.3236
337.6850,169.2802,52.1197,151.1459
339.1277,170.1727,52.4393,152.8091
341.1721,169.9046,52.3966,152.5971
341.8261,171.1713,54.0784,152.2086
343.1174,171.3208,53.5349,149.5155
343.8546,170.9984,54.3494,150.2855
344.8437,171.7053,53.6461,150.0959
345.8151,171.1493,53.7424,149.2839
347.2226,170.1009,54.5398,149.2557
350.4922,169.3541,55.6849,149.7683
351.8137,169.3296,56.1498,149.4230
353.8612,168.3918,56.8275,151.3031
357.5239,167.5328,56.0570,150.8901
360.2415,169.3148,56.0210,150.8200
363.7145,168.8645,56.1603,151.8174
365.9155,169.7569,56.3605,153.2646
370.9054,170.3697,55.2103,152.3586
375.2906,170.4258,53.9339,152.2595
378.5104,170.4359,53.4584,152.2847
381.6239,170.2531,53.2338,152.4136
384.1933,170.1331,52.8254,154.1160
385.5862,170.1524,51.9369,154.6817
387.8230,170.7232,49.1775,155.0224
390.8333,170.2701,46.1560,154.1079
391.7632,170.2159,44.9861,155.4634
392.7690,169.7183,45.5699,156.9309
392.4721,169.7974,44.4442,157.6708
392.5340,172.6199,44.1643,156.0309
392.5926,174.3112,46.9974,153.0948
392.9342,178.3546,50.4711,149.5287
392.8731,182.3264,54.2697,145.6264
394.2294,183.8453,58.2008,143.2189
394.6317,185.7714,60.4605,141.4827
396.0290,185.8012,62.2471,138.8372
398.9660,186.7574,64.3961,137.2011
400.9885,187.9780,64.0587,136.1956
405.1688,186.4350,63.8376,135.9330
406.7341,183.3041,63.1697,138.4600
410.7302,182.1983,61.5239,139.8723
414.3083,178.3727,57.3661,144.7376
420.3467,175.0216,53.3261,148.5469
423.5153,171.1846,51.0308,151.7058
425.4369,167.8177,48.9407,155.3053
427.8774,165.2291,47.8183,159.5212
429.6373,165.2762,46.2830,161.2832
430.5186,166.4425,48.2136,160.3828
431.8165,167.1985,52.5781,159.6779
429.6622,166.0674,53.9227,161.2853
430.0728,165.6345,55.0134,162.0103
428.6230,165.1896,56.4186,163.2443
427.8217,164.3822,56.7916,163.2008
426.5949,166.0066,56.5614,164.2702
424.8518,167.1638,56.6467,164.6531
422.0198,167.4407,57.2085,164.7543
419.9738,166.9432,57.4881,165.8222
418.1786,166.7732,57.4659,166.1420
414.8496,167.0289,57.6194,166.3130
411.5129,168.1486,57.6473,165.5194
408.4120,166.9974,56.5781,165.4256
405.9673,166.0580,54.7946,164.1412
404.6193,166.1334,53.9740,163.1218
401.1349,166.0768,52.1946,163.7265
399.5177,165.0894,52.3010,164.1217
397.5012,163.8711,52.4065,165.4433
394.0802,164.3004,52.6300,165.2022
393.0616,164.5968,53.4354,163.6228
392.7101,165.2200,52.2404,163.1294
393.4602,165.2229,52.0399,163.9035
393.4570,164.9259,51.9845,163.2548
394.3705,164.0966,51.1277,164.0392
393.6066,164.1769,51.0640,163.4933
394.8319,163.3420,51.0828,165.1447
396.4036,161.9170,50.8041,165.4725
396.3846,159.7442,51.8071,168.4085
395.9564,159.9710,53.2847,167.9751
395.5385,160.2583,54.0940,166.4789
395.8930,158.9521,54.5284,167.7727
397.2352,158.2041,53.9572,168.1390
396.9508,159.0021,55.0099,167.9469
396.7867,158.4834,53.6500,168.8046
397.7977,158.8156,53.2324,170.0267
398.0193,157.0153,52.6429,170.6400
397.9933,156.4725,52.0083,171.4886
398.2971,154.2188,51.0565,171.6364
398.9697,153.2117,53.1458,172.0540
397.2133,151.8288,51.5613,173.4745
399.5544,149.6984,48.3069,175.8063
399.4926,150.0298,49.0615,174.6014
399.5560,150.2362,48.3455,173.3000
400.3924,149.0191,49.6093,172.4100
399.8388,147.9356,49.1230,174.6335
402.5119,147.7964,48.9367,174.2644
402.3018,148.3856,49.5573,174.4918
401.1037,147.4519,50.6814,173.4701
402.5312,147.7533,52.0365,173.5212
403.2652,147.9578,52.7869,172.3158
405.0513,146.7690,51.0632,173.0097
405.2527,146.1315,50.2344,173.6612
407.8783,143.9623,49.9649,176.1139
410.0759,142.6239,49.9252,175.7507
411.9755,142.9048,50.4048,177.3720
413.4358,142.0338,50.0530,178.2576
413.2334,141.1182,50.6719,179.2102
411.5471,139.5290,49.3881,179.7879
409.4920,139.0891,47.6250,181.6955
406.1630,139.0418,47.3840,181.8007
406.7022,137.7008,47.7076,182.1210
402.7398,138.7528,47.4032,180.7467
397.8356,138.2376,49.0661,180.3517
397.4944,136.2752,49.1922,179.8850
393.1069,134.7336,49.0853,180.1850
388.4079,135.4507,50.4316,179.8957
386.9014,134.9675,51.0321,180.6125
383.3753,134.5179,52.3812,181.5726
381.1964,133.1582,52.8523,181.9693
378.3501,132.8943,53.0907,181.6776
376.2148,132.5581,52.7304,181.8440
372.7360,132.1794,52.5336,181.2766
370.5312,131.4335,52.5500,181.4153
370.5158,129.8179,51.2225,179.8437
367.9998,130.3112,51.7667,179.9739
367.4122,128.5634,51.2552,179.7791
365.4670,128.3320,50.4358,180.8710
365.5934,125.7030,50.0584,181.2040
366.1163,123.8239,48.6629,181.1352
365.1985,124.3909,48.4834,179.6091
364.9040,122.4188,49.1766,178.4951
364.1785,121.6671,50.6506,176.8056
362.0442,121.0424,51.0759,174.0041
362.4606,120.4910,53.6351,171.9213
359.8741,120.4517,53.1497,172.5426
358.9392,122.6116,53.6559,170.8975
358.2693,121.0683,54.9114,170.8234
357.3711,122.4075,54.6599,170.0611
356.1238,121.8481,55.3774,170.2913
355.8252,122.5555,55.1562,169.6758
354.3751,124.4110,55.3307,168.8333
353.0795,123.6787,56.7234,168.5811
352.1779,123.6376,56.2521,169.0702
350.6667,123.3820,56.8794,169.0052
350.4328,123.4774,57.6926,169.9874
349.3651,124.3244,56.7101,170.7996
349.4949,125.3979,55.7542,170.3652
349.8447,124.7614,53.7926,170.9015
349.0637,126.9685,52.9854,170.3353
348.5025,127.9310,51.2901,170.7200
349.1171,129.6029,49.8498,170.4396
347.7239,130.0439,49.3489,169.3279
346.7499,130.0392,49.6660,171.5275
343.1241,130.6864,50.5654,174.2000
341.6255,129.8203,50.6828,173.9672
339.8282,128.0405,51.0549,175.1292
336.8318,125.4807,51.0298,176.7127
332.9106,125.4651,50.9061,175.5714
329.9515,125.8417,51.2576,174.7960
327.2145,124.1759,51.9748,175.9370
322.8092,123.3162,52.7888,178.5070
320.5609,124.7809,52.6301,180.0191
318.7381,126.1054,51.8821,184.1702
316.9994,128.1546,50.8014,183.9358
314.1985,129.3878,50.6452,184.3060
310.0999,130.9996,51.7700,183.4098
306.4312,131.4925,52.3775,183.3434
301.2823,132.0869,53.0931,182.7651
298.5017,133.0047,53.9695,179.0137
295.2180,132.3928,53.7026,178.6421
291.6776,131.1861,54.2185,177.2382
288.1594,131.8000,55.5133,172.9413
286.9070,132.5534,57.0774,170.1615
287.0217,132.6403,57.9801,167.1463
286.9950,133.6281,60.0419,167.8018
283.2390,133.7825,63.0650,166.8145
280.8971,136.0915,63.2729,165.3778
277.8402,137.4772,64.3701,165.7769
274.7220,138.1614,65.3397,164.8104
275.0879,139.6356,64.8692,161.4421
276.4001,141.4482,62.5012,161.8591
276.2420,139.7950,57.5090,163.1494
278.5974,140.0243,55.1273,163.0159
281.1568,138.8227,51.3978,162.2227
279.0493,140.7867,48.0801,163.8078
279.3939,140.0630,49.0125,162.2889
279.2254,141.2021,50.6809,161.0191
273.5974,142.2938,49.8708,163.3271
273.4488,141.8619,51.4208,164.9104
270.4846,143.7082,54.8879,164.6677
266.9682,145.4811,58.6531,162.5833
265.7532,145.9836,64.2169,159.9323
264.1790,147.5361,65.6573,157.9666
261.3395,147.8014,66.9702,158.0530
261.0444,149.0339,66.2954,156.4610
260.1204,150.0766,65.5516,155.1936
260.2079,151.3091,63.5637,156.2515
259.8910,152.8414,61.1905,155.4675
261.0555,153.8945,58.8766,154.8937
260.9750,156.2244,57.5509,153.7442
261.7967,157.0999,56.9263,154.7607
262.4554,157.5757,57.2450,155.7761
263.3139,159.0471,57.3663,155.7397
265.3587,160.0348,56.3513,157.2622
265.3425,159.0758,57.4759,158.9689
266.0317,159.2906,57.5347,159.8923
268.0137,158.4942,57.6375,161.7632
269.4524,158.0838,56.9927,163.0554
270.7979,158.7353,56.0249,164.1614
273.9927,157.5694,56.1174,166.0422
275.2828,154.9280,54.0808,169.1994
278.4044,153.2388,53.8910,169.6923
277.9271,150.9601,53.8321,170.6630
279.7810,149.5202,53.1337,167.4509
282.0977,149.2924,49.0044,164.9575
283.3623,152.0699,48.9117,163.3450
282.3122,157.1535,48.8803,159.0284
280.5927,153.9490,50.7084,160.9185
278.1340,157.7491,52.0756,160.6003
277.7014,156.7281,51.8358,160.3601
276.1751,156.3212,50.9674,166.0376
272.0588,152.3413,51.2944,167.2094
269.8401,155.0404,53.3134,167.5292
267.2672,155.0171,57.9958,164.8138
263.4999,156.0952,57.0038,167.4985
261.5771,154.6387,58.6149,168.0562
261.0979,152.7349,57.6646,170.6653
259.0817,151.5320,55.0724,172.9434
256.3816,153.2388,52.3037,171.8609
255.8683,150.3785,52.6025,171.0838
254.8984,150.3716,53.9049,170.1405
255.1067,150.3502,56.0998,169.3658
253.6403,149.0423,56.7464,169.3679
252.8579,151.9699,56.9210,169.3320
253.7393,148.9892,58.4023,173.6751
254.2135,152.7298,56.0681,172.8943
255.3169,150.7998,56.8542,177.1098
255.1621,152.1520,56.9037,176.8424
258.0465,152.3069,55.3488,177.8739
259.2451,150.5923,54.7140,182.2608
261.9713,147.0427,53.7182,187.3579
263.2141,147.1101,54.3468,189.3305
263.5951,149.0106,54.1814,187.5741
262.2541,150.5638,55.2532,185.4966
262.4824,150.0909,54.5374,186.2676
261.2847,151.1802,56.2688,183.3801
259.4378,149.1939,56.1149,184.2032
258.5319,150.4280,56.3650,185.6690
257.7357,150.4312,55.9993,181.0436
256.0918,147.6969,56.1176,182.9275
254.0877,146.0102,56.0982,183.1167
252.0364,144.8744,56.8432,180.8827
249.3382,137.5807,58.2720,183.3925
246.8669,135.7801,57.7865,179.6530
245.0045,135.7109,56.7692,176.7222
243.6121,137.9043,57.0218,171.1678
243.3250,133.0517,55.0252,172.3831
242.8631,132.9621,53.0964,173.4947
241.6652,134.5508,51.3025,171.0811
242.6995,134.2957,52.5641,167.9300
241.5451,136.9724,51.2883,164.0672
241.6491,140.4056,50.2181,159.0841
243.9598,135.0530,49.8054,161.0340
244.7008,134.6423,52.3495,162.0304
245.1348,138.4773,53.9642,158.8438
244.3080,134.8547,55.3657,163.3528
245.4286,131.8985,56.6296,164.9357
246.6331,128.7675,57.2397,169.4066
248.2834,130.9208,56.8638,168.0046
248.4407,126.4144,58.0052,171.9180
249.5968,123.3257,59.4966,176.2811
249.4410,121.6783,58.7944,177.5897
250.1224,119.6692,57.4157,179.7952
250.3978,120.0248,56.8994,178.3468
251.6380,117.3088,57.0955,178.1384
252.4983,115.3659,57.6483,177.7021
253.3087,114.9526,58.6405,175.8945
254.0867,114.0418,57.2752,173.1068
254.4782,114.3144,56.7597,171.1918
255.7916,112.9884,54.2572,172.0961
255.0031,112.4131,55.0228,170.0710
254.2714,111.6496,55.7174,169.0069
253.0924,112.0959,56.6455,166.7046
253.6512,110.5530,55.8741,167.8110
253.7047,108.9590,55.7568,168.6706
252.9809,108.6669,54.2055,169.9026
253.1966,106.2439,54.6830,170.6830
251.8029,105.5832,53.7507,171.1432
252.4893,105.5127,53.0949,171.0983
252.2145,104.7926,51.9393,171.7762
250.9651,106.7747,53.7992,168.9239
250.7166,106.4385,51.7696,170.1373
249.5899,105.7812,51.5579,170.2170
248.8754,105.2253,51.3265,167.8960
247.2896,105.3753,50.2958,164.2219
248.5271,105.1611,50.2613,163.6476
247.0223,101.5890,51.4927,161.5085
245.8242,102.1900,53.0949,159.0914
246.6954,101.0159,53.9151,156.1804
247.2787,99.3719,54.2280,154.4469
244.7154,99.1305,57.4604,149.9445
242.7533,99.4048,57.4713,145.2293
240.7170,95.1112,57.4819,145.3370
238.6102,93.8399,58.6949,144.5170
237.0039,92.3197,58.0596,146.3370
235.7735,90.3393,57.0730,147.8161
233.9789,87.2519,55.9014,149.3525
234.8176,89.0887,55.8694,149.5876
233.5213,91.4257,54.6776,148.4888
232.6397,90.0772,55.3797,148.5369
233.6974,90.2318,54.0068,149.6979
232.8980,87.2612,54.0037,151.1139
233.7571,87.3060,54.0794,153.0214
231.9030,82.5293,54.5982,154.5174
230.8793,83.6221,54.1261,152.8666
230.9923,78.9398,55.1692,153.4820
230.7220,74.1649,54.4601,154.6331
229.8964,72.3343,54.9243,155.6856
228.5770,68.6709,56.9837,150.9652
226.9280,65.1928,56.1532,149.7046
228.1425,65.0573,55.4642,147.7677
228.8189,63.7992,54.7116,147.9417
226.7207,60.8471,54.5050,148.4024
226.7711,60.7036,54.6219,146.7723
225.1429,60.5550,53.6066,146.9542
224.9093,58.8380,53.3986,149.3343
224.7083,57.7402,52.6170,149.8957
223.6463,57.6180,51.9025,151.2584
222.6090,53.4343,54.0703,152.1202
221.3981,54.1645,53.6280,153.7549
220.9149,54.3564,53.3134,153.4565
220.3137,52.6143,52.3798,155.8995
220.8241,53.9669,51.7444,153.4755
220.1405,52.6135,51.0269,151.0683
219.7917,51.0102,50.6050,151.0338
219.5417,51.3480,50.9865,150.7897
218.9053,48.9040,51.2367,153.1231
217.9816,47.9718,50.9258,156.0945
218.9359,46.0510,52.2898,155.0351
217.9614,44.3419,52.6480,154.0087
218.6108,46.2060,52.0040,149.6135
219.1125,40.7549,52.6660,148.3451
219.1953,41.5879,54.0274,146.6751
218.9974,41.7261,54.2784,145.2146
219.0207,41.9875,53.9701,144.7703
218.7192,40.7843,54.0416,146.2202
217.5986,38.9287,55.0856,147.4689
218.0129,36.6688,54.5656,149.3575
216.4504,33.5578,54.4639,153.0610
216.0394,34.2406,53.9027,151.9823
215.2164,36.0277,56.1773,149.7870
215.0596,35.8552,56.5614,150.2011
217.2166,36.8054,56.2806,150.4724
217.9455,37.4341,56.1296,149.8579
216.7518,37.9941,56.2537,149.8405
218.2874,38.9484,55.9872,148.5480
218.7892,38.9793,56.0005,148.2720
217.7736,40.8093,55.8901,147.0122
217.3889,40.6984,55.8013,147.0502
217.7122,39.9128,54.5338,148.4068
217.9720,36.5944,52.7705,150.2424
217.5531,36.9519,52.2575,152.9280
218.0321,38.0659,52.6015,150.9138
217.9967,37.1805,53.4893,153.1867
216.6563,35.4051,53.2357,154.0556
217.1692,32.9015,52.1150,153.4366
218.3795,33.8143,51.5605,149.6668
219.4289,36.0581,49.4888,148.9041
219.8540,39.6602,49.2953,148.6449
220.6695,40.8346,47.5768,150.5782
221.1825,41.9707,47.7666,150.9167
222.4420,45.4183,47.3911,149.2018
222.8036,46.4428,48.7830,149.4280
222.5822,52.0094,49.3196,150.9552
224.7157,56.7562,49.0974,150.5505
225.9280,56.5725,50.1929,151.5560
227.1854,62.7203,50.5181,150.2612
227.4242,64.6223,52.3483,148.3098
228.0993,66.9707,51.4496,147.2619
230.5846,66.5180,51.1853,145.9810
233.3850,68.6208,49.8471,148.5023
236.6912,67.5948,50.5442,148.9565
239.5384,64.6326,53.0479,146.8578
239.2713,63.6043,52.5069,144.5145
239.5886,62.5144,53.9139,144.3115
242.0249,63.1102,54.7476,143.7574
244.1816,62.7800,55.7834,145.4317
245.5053,61.2700,57.6201,144.8847
247.2640,60.6855,55.6783,145.8407
249.9988,62.2521,55.5010,144.1058
251.5741,63.2826,54.5228,144.9204
252.1928,61.1929,57.3222,146.0324
254.6883,63.3733,59.8041,143.9786
254.6035,62.7932,59.6344,145.5619
255.8515,61.3564,58.9031,147.5385
255.9713,59.9627,55.7173,151.2250
258.8643,60.8231,55.1419,152.2592
258.1339,57.5118,56.3071,154.7408
257.0642,55.7992,57.9766,156.4980
256.9169,53.1945,56.6534,158.3494
258.3116,54.5632,54.8332,154.2561
258.7400,49.9528,54.5773,154.9364
258.8307,49.6465,50.9353,152.6261
260.0377,51.2879,49.9235,148.4814
262.2456,48.4392,49.8380,148.0997
263.1779,44.4788,48.3579,151.8567
265.2458,41.7998,49.4357,155.0458
267.7743,41.1252,51.1811,156.7567
269.7368,33.7182,51.8516,159.2763
275.9554,35.9299,52.8294,160.5869
274.8400,32.8921,51.4744,160.6590
279.0807,36.1177,49.9449,157.8616
278.7112,35.3338,45.8224,160.8624
283.8080,33.3683,45.7903,164.8310
286.1741,36.5854,45.1741,162.6187
287.6387,34.8780,44.8442,163.3447
292.8864,34.6787,41.6165,164.9159
293.3026,36.6079,40.7226,164.2936
296.8047,37.2255,40.4357,162.3778
295.7015,39.4557,41.5136,155.6036
297.8826,40.1708,40.0839,155.4874
299.3086,40.3480,40.1814,155.2173
298.4359,40.0808,42.9995,153.8997
298.4062,39.2089,44.5898,153.8197
301.6342,37.3207,45.3484,156.4336
300.4969,39.8648,46.4434,155.7726
301.2319,39.3895,46.7248,156.6001
302.8166,40.3393,45.8627,156.5508
304.0441,40.8260,45.6329,155.2647
304.2657,42.5163,44.5280,153.4119
306.0124,42.6962,45.2976,152.7675
306.4015,43.3247,45.7028,152.2178
310.7276,46.6839,47.3216,148.7714
308.9664,49.5730,48.5401,142.1813
308.7803,51.0692,49.4441,138.2238
306.8421,50.2268,49.2935,138.0864
311.0598,46.5134,48.3778,140.8788
309.3361,48.4945,49.6992,139.1664
308.7820,47.3497,51.2507,138.6553
309.9110,46.0851,53.1496,138.5614
310.2997,44.8532,52.3483,139.6932
311.7051,45.0549,50.8223,143.2081
313.0363,40.5976,49.5460,147.4054
314.0235,38.3338,48.8979,149.8641
317.4214,36.9109,49.2925,153.2692
316.9996,33.6966,47.5641,157.6342
317.3540,34.3540,47.1684,159.6195
316.9531,34.6688,48.0987,161.1427
317.8599,36.4912,47.1288,159.3371
318.1681,36.5032,47.9526,158.5687
318.7794,37.3620,47.8567,158.8741
318.9587,38.1589,50.2654,157.0013
318.5916,40.3155,53.1359,154.2917
319.7065,42.1614,55.3129,152.1912
322.0774,40.4860,55.6792,153.2318
323.7709,43.0389,56.9116,151.2134
325.3285,40.8913,56.3844,149.4882
328.3021,44.5699,56.1544,146.3911
330.9005,36.4056,57.4028,150.7098
332.0796,39.2972,58.5816,149.5273
333.3799,36.5546,59.7900,149.0207
333.9538,34.7580,59.6138,148.8866
336.5748,34.7451,59.5870,148.7841
338.5152,31.9717,57.7722,151.0951
339.9315,31.5516,56.8764,153.6356
340.8508,33.0021,55.4450,155.7642
341.4745,32.5240,53.2592,156.2126
341.7161,31.7190,52.0387,157.4677
343.7441,33.4359,50.9781,155.2457
343.0388,40.9126,50.1003,147.1828
343.2488,41.3518,49.8175,146.7006
343.9882,45.6589,50.7556,141.6163
345.5926,53.4510,48.7870,135.7775
347.8326,57.1973,46.5953,133.1535
348.2153,56.5366,47.7862,130.1802
348.5763,53.9315,46.9883,131.8186
349.2398,48.2646,47.5069,135.5019
349.5325,43.4219,52.1427,135.1352
349.2697,43.3451,52.3909,133.9051
351.6138,41.4651,50.3398,133.5217
353.0581,37.2112,47.5773,133.6718
354.2216,34.9304,46.1179,136.8495
354.9971,32.0200,45.0370,138.3121
355.1295,30.5146,43.9188,138.0750
356.0111,28.1054,43.0550,138.1719
357.9775,26.5226,41.6311,139.8288
358.8434,25.8024,41.5325,139.0755
359.6361,24.5607,41.2905,140.1548
359.1013,24.9197,41.3897,140.8381
360.3274,24.4758,40.4357,138.2161
362.4612,26.6231,39.4436,135.8520
363.4860,26.7968,38.8890,133.4267
363.5388,27.1309,39.2351,134.2122
361.4770,28.2214,40.7117,132.3426
362.2002,28.6366,40.9651,133.0275
359.9312,29.2618,42.1608,131.9178
359.8208,28.7144,42.2004,131.5836
360.3406,30.3021,41.8151,131.8812
360.1895,31.0371,42.5328,132.4319
359.2167,30.9710,42.3109,133.1545
359.4981,32.1250,41.1555,132.8976
360.2490,33.2228,40.3188,134.5019
359.9347,29.7892,41.6107,138.3220
360.1916,30.4832,42.0716,139.3705
358.8907,29.2203,42.4420,140.3589
359.5450,29.2624,43.7689,142.3634
361.3372,29.2745,43.2251,141.6175
359.1299,28.1934,44.3170,144.3601
360.7606,33.0422,44.2424,139.3106
360.2408,35.5681,43.1784,135.7638
361.1927,35.8067,42.0202,137.2004
362.0158,31.8507,40.8034,140.1231
361.8500,34.6008,40.9157,137.5177
361.8447,35.4976,40.4181,136.7754
362.2100,36.7104,40.5842,136.2919
362.1794,37.1947,40.0870,134.1373
363.0087,37.3934,39.9294,133.7982
363.1679,38.1431,39.6117,132.9275
363.2439,36.7392,39.6152,134.9586
362.2677,39.0757,39.2458,133.5281
362.3973,35.4450,39.7148,135.2154
361.6844,34.2738,40.3057,137.6820
361.2776,33.1793,40.2409,139.2236
360.8697,33.5865,40.4740,140.1048
362.3402,31.8388,40.3906,141.9087
363.4126,33.7642,40.6835,141.5491
362.9835,33.9675,40.5252,140.5493
363.0950,37.0551,39.9290,137.0337
362.9494,39.2541,39.1201,134.1156
362.4897,41.1099,37.5491,131.0835
361.2287,43.1889,36.7683,128.3405
359.6376,45.0515,35.7940,126.1698
358.1420,46.3575,34.6118,125.0351
357.4690,47.1346,34.1293,123.4733
355.4886,47.8032,34.1493,124.7623
353.5896,48.4375,33.5768,122.8739
353.1096,48.5890,33.4071,121.1658
352.6522,48.2662,33.4462,120.7814
351.0990,50.0142,33.2899,120.5364
350.6175,48.4057,33.1601,120.7697
349.9886,47.8197,33.1691,121.1016
348.0421,48.4277,33.9244,120.7082
346.3448,46.7174,34.9472,119.2819
345.3066,47.0726,35.3507,120.4024
344.4793,46.1264,34.8779,120.4338
343.1028,44.1483,34.8676,120.5192
341.2998,44.0797,34.6081,119.7557
339.3838,43.1286,34.1176,119.9614
337.6694,41.7330,33.8280,119.7909
336.7077,42.0087,33.7249,119.6652
335.3428,41.6149,32.9197,119.0499
333.2372,40.5475,32.5690,119.6357
332.2010,39.7432,32.8233,119.3297
330.6422,38.7731,33.9888,118.3943
328.8810,39.9413,34.2251,117.6714
326.4626,39.1872,34.6649,116.1046
323.4743,40.0630,35.2951,116.8168
323.4703,40.3216,34.8931,115.8145
322.0569,39.8355,35.0505,115.4263
320.2684,40.0605,34.9214,115.1128
319.5468,42.1737,35.4969,114.8291
317.1782,41.3383,35.6690,115.0248
316.9398,41.5403,35.6712,115.2602
314.3471,40.9958,36.2172,113.9845
312.9769,41.6574,36.5058,114.3720
310.5699,40.9010,37.5460,113.9799
308.5337,40.8326,38.7705,114.1933
306.3069,40.2971,38.8856,114.7014
305.7804,40.2089,38.9132,114.7043
304.4666,40.2487,38.6492,114.6556
303.7740,40.1921,38.5243,114.3544
301.6715,40.7806,36.8616,115.9680
301.3228,41.9292,36.1188,115.5483
301.1341,40.8067,35.0721,115.2830
298.4592,42.3517,34.3883,115.4892
298.4755,42.8323,33.5695,115.0702
296.3047,45.3035,33.9266,114.6337
296.3111,44.6203,33.8763,114.8333
292.7508,45.2404,34.7537,114.9055
291.3797,45.4720,34.9842,116.0848
289.9110,43.7619,34.5321,118.2131
284.3904,43.0714,35.5653,120.2623
284.0692,43.7456,35.6530,121.0766
282.2108,43.3949,36.2165,123.0175
284.2997,45.3926,36.1905,122.1891
281.9534,44.2910,37.9566,123.0508
282.5659,44.8223,39.0207,123.6180
282.1058,44.2716,39.1641,123.4744
280.9712,48.3693,40.2972,120.9066
280.2965,49.0042,39.4938,121.4260
280.5676,46.6790,39.7048,122.5868
280.3597,47.2684,38.4735,124.3677
280.8687,47.1207,37.8007,124.1639
280.4528,48.2715,36.3593,123.1480
280.9585,49.4265,36.6547,123.2150
283.6464,51.7981,36.2285,120.8453
283.1369,53.3454,35.9413,118.1268
283.2523,54.6341,35.5413,117.0169
280.9885,56.3229,35.1394,116.6521
281.3969,58.0179,33.4905,115.0644
281.5883,56.3201,32.5890,115.9437
280.9179,57.4636,32.3864,114.8408
280.6222,57.3256,31.4653,115.2650
282.1317,56.1533,31.5009,115.8733
280.9902,52.7661,32.0929,117.8992
282.6185,52.8946,31.9048,117.9512
281.2751,50.2701,32.1050,121.6661
282.5026,50.5410,31.9344,120.7891
283.2911,50.7303,32.2699,119.2783
280.8918,51.6613,33.4217,119.0976
280.2291,50.0312,34.9174,119.6813
281.3207,46.9457,35.7927,120.7472
282.6354,47.6872,36.1448,121.7628
283.0450,46.0126,37.0804,120.7981
286.2154,47.6238,36.3249,121.1012
288.0439,49.7520,36.1607,117.9668
290.9260,51.7700,36.1890,116.1317
294.8432,54.5745,35.5925,114.4141
298.3862,55.2974,33.8420,113.1503
300.9537,55.8048,32.9526,111.8369
304.4632,53.0101,32.2237,114.2475
304.9154,50.1781,32.0645,117.5554
307.9913,52.4661,31.5038,116.0488
309.9155,51.4571,30.8988,117.8706
313.0260,51.2364,30.9108,117.9456
314.9034,53.0009,30.8112,117.1010
317.6800,51.1078,31.1978,117.4911
319.6908,51.9237,31.3303,117.4080
320.9401,51.8203,31.4404,117.7223
321.3321,51.1230,33.3321,118.3806
322.5219,53.6062,34.6063,116.3506
323.6318,52.5456,35.9725,118.0835
326.0843,54.5398,35.2282,115.6916
328.5403,52.7485,35.6598,116.8712
329.9493,55.2453,36.7032,114.9217
329.7748,55.1716,37.8750,114.5288
330.8353,54.7365,36.7353,115.0731
331.0807,53.7615,36.6015,116.0074
332.9839,54.1271,36.4740,115.5614
332.9638,56.0701,38.2154,114.4919
332.7139,54.1683,38.9139,115.6083
333.4745,54.7639,39.2205,115.5456
333.3516,55.7927,40.2425,114.6764
334.0724,56.2545,39.8904,113.2361
334.7777,60.4278,37.3521,111.1420
337.6700,60.2855,35.3982,110.7119
339.0409,61.0141,33.7275,109.0981
341.2136,63.9763,31.6441,106.1761
340.3652,65.5835,31.0422,104.3909
343.0098,70.7836,29.3004,100.0046
346.9664,72.9055,28.7494,97.9051
348.1444,71.0864,29.9558,97.5052
349.5342,71.5428,32.9344,97.2372
350.3491,73.7660,32.8275,94.7156
352.2395,72.3745,32.5727,93.5412
353.0761,74.7212,32.2283,90.7054
356.9529,72.9893,30.6296,89.2839
359.1609,71.9833,30.6486,90.7548
362.9575,71.5454,30.5441,92.1287
363.5367,72.9807,30.9340,91.9254
367.5773,71.2552,30.8143,93.1344
371.0664,70.3421,30.7446,94.5208
373.7243,70.5568,30.5133,95.2352
375.8394,69.6633,30.0593,95.7461
376.8858,70.5088,30.2469,96.7359
378.8620,69.4858,29.6074,98.2852
382.2112,68.8390,29.1368,98.6261
385.4693,68.4167,28.4477,99.4349
388.8250,67.9829,28.3919,100.0579
390.0403,67.3784,28.7708,101.2023
390.5796,68.3661,29.4575,103.2305
394.3737,68.5784,29.0931,102.4085
395.4000,69.4327,30.7220,103.0086
397.4605,68.7278,30.2710,103.4118
397.5902,68.4931,30.1841,102.3357
398.1716,69.2263,31.7373,100.7003
397.6453,67.8059,33.6048,99.4385
397.9304,67.7666,33.8071,99.3133
397.8843,69.8372,34.0645,99.8852
398.9991,69.3943,33.1790,100.1942
398.1824,69.3460,32.5870,100.7531
399.0282,69.7685,32.2085,100.4364
395.8344,71.2706,31.8664,99.4933
395.6083,71.4027,30.9761,97.1792
393.8534,72.0130,31.3892,95.3045
392.4170,74.1723,32.3756,93.8949
390.7650,75.3956,33.6616,92.8440
391.0457,75.4997,31.2651,94.9612
389.9179,75.7545,31.1731,94.8517
388.5275,78.2378,31.4502,95.5651
389.5445,79.5239,31.0008,95.5909
389.3766,80.6046,31.1279,95.9708
390.2546,83.9524,31.8079,94.1859
392.5193,86.5637,30.8735,94.1380
392.6600,88.7684,31.0801,94.0414
392.1292,91.6307,30.1754,93.9073
393.2589,92.6555,29.0060,96.1013
392.2221,94.1992,29.4037,97.8488
391.8364,93.0121,29.5081,100.1298
390.9536,94.4566,30.2454,100.2309
390.0322,93.0353,30.3219,101.6733
388.8077,93.6892,30.9534,103.1628
388.2316,95.3480,31.1191,103.6984
388.0034,93.3788,32.4114,106.6574
385.9149,97.2963,33.4798,104.9370
384.7551,95.7261,35.0146,105.8403
384.2221,94.6612,36.7988,108.2665
383.9649,92.5123,37.0113,112.1148
383.8602,90.3551,36.6383,115.0704
384.0652,91.7358,35.6514,114.3826
383.5039,92.4312,36.3323,114.1799
382.4772,96.0302,35.7918,110.6781
384.1022,100.1830,35.1370,107.0111
383.6925,101.1584,36.4218,105.6272
386.8070,104.2897,35.9881,104.2917
386.2982,104.4753,36.2356,104.9204
387.9131,104.4930,36.6763,105.2516
386.6943,102.6827,36.9148,105.6254
387.8808,105.6882,36.4882,106.1566
389.1175,106.9737,36.1741,103.7617
390.3369,108.6306,35.9325,102.1621
390.4622,111.5100,35.2227,99.9199
390.9062,111.9196,34.2656,99.0410
388.7232,112.7695,34.1849,98.9423
389.0396,113.0414,34.1918,99.3728
388.0143,114.7918,34.8582,98.8735
385.9841,116.7971,35.2682,98.5268
384.5058,117.1564,36.0717,99.6981
382.2017,119.4824,36.9199,99.4059
381.4376,120.6896,36.1648,99.9629
378.7830,122.9431,35.7856,98.8518
381.9300,127.5244,33.9442,98.2212
379.7425,131.3207,34.8856,96.1629
380.3207,134.7448,34.7778,96.4010
380.4674,138.5502,34.5270,93.9700
383.3984,142.1069,33.5695,92.5599
382.4492,144.5429,33.9384,91.8064
379.7908,145.2918,32.1538,91.7559
379.7843,146.2650,32.7674,91.5683
379.2092,146.4329,32.8356,91.2181
377.4933,147.3488,32.7031,90.4612
375.3668,147.2707,33.2002,91.8517
374.5142,147.5799,35.0637,91.8569
372.6144,145.5722,34.3038,91.3263
373.6386,145.7006,35.0609,90.6993
367.4753,147.6584,36.3204,88.9181
368.9529,147.7748,36.5823,88.8801
367.1873,147.3718,36.0346,90.1328
367.4858,147.7099,37.0734,92.7684
368.1187,146.5503,35.7414,93.2424
365.9552,145.3566,34.9180,93.3322
364.3384,144.2394,36.3562,93.8867
362.1331,142.3644,38.1321,96.3923
360.0868,140.6372,38.7877,97.6415
359.3009,134.4727,41.7032,101.4569
359.3996,130.1863,44.0979,105.5161
359.7518,126.1779,45.9302,109.6127
357.4223,122.8530,47.0262,112.7441
356.5821,119.4651,48.3755,115.7015
356.7596,120.7254,49.2115,115.3847
355.3277,118.9993,50.2189,117.9392
355.9693,118.3719,49.4257,117.0821
357.4456,118.6397,47.4598,118.6772
361.3403,120.9730,45.9006,118.8921
361.2043,120.1399,46.9138,120.7933
362.0911,121.1111,47.5901,122.3276
363.6463,121.7687,47.5141,122.4317
364.1855,123.6880,47.4463,122.9883
364.6165,124.4217,48.1721,123.8639
367.3956,127.6612,49.5164,122.9545
366.5068,128.2226,48.6500,123.0155
366.9866,130.9215,49.1153,122.7707
368.7059,134.3667,48.8674,122.1160
366.9003,134.0013,48.0406,122.2563
369.7103,136.9339,48.8519,121.7309
370.0246,134.5297,48.2096,122.9983
370.9712,135.3708,48.9750,123.2551
371.7065,136.6642,49.2395,122.5223
372.9432,139.4315,48.9118,121.4826
374.6958,139.3817,48.5146,122.1369
374.2915,137.4871,49.5120,122.0237
373.2081,135.6634,49.3340,122.4501
377.8985,136.0900,49.1524,122.8170
378.1991,135.5417,49.8147,121.4691
382.0608,136.9760,49.0674,122.5229
383.0597,136.8440,49.7663,122.4607
385.0342,137.3209,49.8623,122.3702
387.8263,136.7810,50.5994,122.6517
388.6460,137.5519,52.6480,124.2658
392.3676,135.8823,52.4844,126.3766
392.5025,135.0795,52.6931,126.9412
394.8462,132.7525,53.4467,128.4618
397.9421,131.7451,54.0451,130.2010
398.6063,131.3769,54.0249,132.0401
399.2739,131.6394,53.4513,133.8418
400.5437,130.5695,54.1367,135.6242
400.0634,132.8078,54.2127,136.9199
399.2378,132.5678,54.2759,137.8133
399.0543,131.8796,53.8303,138.4107
397.3270,131.0138,54.2252,140.2393
397.8954,129.5909,53.3881,141.3050
397.6683,128.6417,53.8418,142.6152
397.2236,126.6563,54.1386,143.8184
397.0220,125.5265,54.4565,145.4406
397.0848,122.4046,55.1944,148.2765
395.4882,122.6336,54.4451,149.7525
394.9780,122.0603,58.9658,150.9992
395.5027,121.6058,58.9065,153.2009
391.2015,120.8779,59.4348,153.8580
394.7505,117.4240,60.3597,158.1600
391.1339,116.3893,59.5859,158.7587
398.6827,112.5939,56.2008,162.1413
397.7249,112.6899,59.4996,159.8878
398.3184,113.5840,60.2280,160.6158
398.6237,115.0903,60.8888,161.2187
398.1959,116.0792,60.8233,161.2702
403.2355,117.8588,60.4752,161.0726
401.0939,115.8339,62.5296,162.7030
399.5038,115.0394,64.2595,162.8981
401.3293,113.5651,63.3660,163.0207
403.0432,113.6499,64.1678,162.3542
404.7323,114.0697,64.8953,161.5823
404.5723,114.0347,63.3966,163.1376
404.9925,113.5357,65.1635,165.2845
405.6904,115.2460,62.9616,167.5797
405.9953,116.7131,62.6499,167.8663
404.0804,116.9971,62.2957,166.7776
410.0109,119.8596,59.8321,168.1843
410.2868,121.0375,58.9759,165.7900
414.1622,122.4512,58.4464,164.2212
413.4566,125.7485,60.3522,160.9135
417.6727,126.9241,60.2027,157.9481
416.3852,129.7660,60.4539,159.0211
419.5033,131.2097,58.6625,159.8992
421.1727,127.9690,58.9359,160.5545
423.8938,129.4555,58.1255,162.0055
424.5672,126.4652,56.6662,165.0732
422.8570,121.7732,57.5334,167.0992
424.3797,118.5708,58.7288,165.9861
424.5428,113.4297,58.6116,167.3317
424.4412,113.0874,59.2233,168.3889
424.6467,108.1026,60.1133,168.5037
422.1042,105.7943,60.9613,170.0410
422.0381,110.5405,62.2982,168.0969
420.1951,109.3478,62.3829,167.9846
423.5051,110.6083,59.4865,171.9547
424.0786,111.5514,58.9493,173.7661
420.3777,112.6570,59.3822,175.3484
420.4768,113.8070,59.4005,175.1002
422.1508,116.8788,61.4225,176.4813
423.3578,115.8184,61.0086,178.9868
420.7614,120.0614,61.2471,176.4714
420.5671,120.0643,60.6110,174.0090
420.7957,123.1205,59.2647,172.9341
420.5409,123.5264,56.8459,172.9756
421.1818,126.1514,56.6960,172.5307
420.8435,124.0034,57.8398,176.2617
418.3866,119.7862,59.4772,183.2759
420.0181,127.0902,57.5600,178.2333
423.7134,109.5161,56.3982,191.0053
425.1059,118.9846,58.0174,187.4392
424.4159,116.2959,58.1163,188.9082
426.3134,109.0143,57.9046,196.8092
429.3256,115.9583,56.0313,190.1024
426.9765,105.9146,58.7952,193.7966
432.7017,119.5450,57.2886,184.1079
431.8609,113.2297,54.4777,185.8931
432.2625,114.1606,52.6582,188.2975
434.0253,111.9705,52.1884,188.9085
430.9769,118.6487,51.3570,185.5575
433.2267,127.5143,54.8288,176.6817
431.7633,124.9590,55.9507,177.2039
431.0270,131.2406,57.6433,170.6511
433.6504,131.3495,55.9799,169.5364
432.3425,131.0863,55.0989,167.9093
430.7780,132.0780,53.5961,168.8217
431.1389,132.5567,52.7740,167.2249
429.2898,133.5652,52.2630,167.8970
432.9540,134.0712,51.6687,165.8124
430.0944,138.2600,51.8522,162.2324
430.1721,139.7973,51.4421,159.8155
430.1787,142.9844,50.1699,156.2847
428.8089,141.9006,49.6681,157.3741
429.0302,137.8831,50.4595,159.5290
428.3905,137.9728,49.5493,162.4186
428.2167,135.7655,48.5738,165.7044
426.7332,136.2764,47.8952,170.4561
426.2759,132.0955,47.2746,171.7867
421.5381,131.4929,50.2915,171.4760
418.6102,129.2844,46.1450,172.4380
419.2426,129.3780,47.9754,172.5444
418.6724,126.8145,47.3744,171.4053
415.0716,124.6389,47.2083,170.5270
411.0383,123.1792,46.9837,170.0152
408.9650,117.2951,47.4016,171.9793
408.4365,115.0913,46.8810,174.6804
406.7182,113.5902,46.6142,172.9642
407.5682,108.6337,46.6702,173.7571
406.2275,104.8901,47.1936,172.5806
407.3965,102.2829,48.2516,176.4527
408.2913,99.7393,48.5432,178.0046
410.6214,97.7262,50.2331,173.7493
412.3138,93.7313,51.7609,177.6340
416.6340,86.2565,47.0561,185.1281
416.1993,91.1819,46.6084,179.1192
416.4830,95.6124,46.7688,171.8421
418.7167,96.8638,46.7986,167.8471
418.9684,96.5524,46.3219,166.0047
420.5183,96.0791,45.3443,163.1174
419.3601,93.3850,45.6252,163.8473
418.1420,96.3732,47.9709,161.8427
417.8279,96.5155,47.0340,159.1724
416.7204,94.6770,46.9079,159.9932
416.4219,94.8571,46.7975,159.7152
417.2260,93.4859,46.5852,160.1610
417.4095,95.0116,45.9649,158.3192
417.7056,95.2123,45.4740,158.0393
419.0328,94.5540,45.0387,157.1752
417.9452,93.7663,45.0120,157.0487
420.0400,90.8902,44.1404,158.7971
419.8803,89.4823,44.0650,158.8054
421.7184,90.3408,44.6871,160.3304
421.8053,90.5865,44.9881,157.5795
422.0710,90.0483,46.4750,159.2764
421.7239,91.3515,47.5345,158.3379
423.5784,92.0754,47.0564,156.6507
422.2369,93.8018,46.8943,155.1322
424.2934,90.8517,46.8255,156.5438
425.7737,92.8736,46.8245,157.0177
424.1454,94.5311,45.0520,155.3863
426.0409,94.7710,43.8889,156.3076
425.3142,96.9009,45.9154,156.4697
425.8900,97.3377,45.9001,156.4215
425.8452,97.4888,46.8026,156.4987
423.7242,101.3198,47.9219,155.2517
424.5420,100.2901,47.1980,156.6148
425.0841,100.8510,46.4228,157.4757
425.2810,103.7239,46.8014,157.0649
427.4378,104.3804,45.5757,155.6635
427.1818,107.2926,46.9191,154.4888
427.1854,109.5946,47.6044,153.7868
427.5029,110.6710,47.6756,155.4098
427.3823,115.9131,48.3287,154.1090
425.8061,117.8159,50.2358,152.8460
424.9975,120.4049,49.7667,154.5896
425.1759,123.7214,49.3280,153.6541
424.7440,123.3958,49.6579,154.7756
424.1618,127.3359,50.0022,152.8093
421.8150,129.4562,50.7727,152.4019
420.2951,131.6622,50.7804,153.1846
419.8336,134.0767,50.6378,152.6773
418.8254,135.7282,50.6541,152.9469
417.7692,138.3976,51.4591,153.3010
418.3483,141.5929,51.7535,153.4888
417.1715,146.1912,51.4333,150.8296
416.6776,145.9454,51.6786,152.9430
416.2392,145.9388,51.2984,153.0451
417.5442,143.2355,50.4595,156.2678
417.2566,145.5495,51.0245,153.4958
418.0493,146.1695,50.5610,154.6765
418.8964,145.7247,50.4610,154.3860
418.6759,146.8228,50.5932,154.5987
419.3010,145.4855,50.2257,155.5685
419.9177,144.9929,50.1397,155.2245
419.1978,145.2409,50.4328,153.5945
419.9388,146.9196,50.5903,153.9843
420.1406,145.0291,51.1968,155.9976
419.5027,146.0930,51.0812,155.0920
421.3234,144.2326,49.9034,157.0817
422.0474,143.3025,48.5846,158.8111
422.3136,142.8028,47.6320,159.6753
422.0428,143.6342,46.4831,160.1524
423.8654,142.8844,46.5871,166.3286
424.3122,140.8563,45.2980,170.0478
424.5302,137.4460,46.9412,170.2370
424.0507,139.4636,47.2874,167.5210
425.5291,141.9850,45.7413,167.0488
426.5261,138.1269,46.3342,169.8310
424.4263,138.7272,46.5432,170.8553
423.6767,139.4173,46.9308,169.6249
426.5475,135.6774,46.4134,169.4629
423.6694,137.6206,46.0010,169.4975
425.4531,136.7515,47.1215,168.2883
426.0944,134.3016,46.6669,171.0876
423.0647,138.3147,46.9955,169.0464
426.3328,135.2570,47.0435,170.2375
425.2946,134.9680,45.8947,173.1227
424.2490,132.6926,46.3048,174.8829
422.7718,137.0445,46.6269,169.8153
423.5288,135.9639,46.9572,168.7527
422.2617,139.5457,45.4326,169.2287
422.2415,136.9530,47.9368,167.4854
421.3800,138.9708,49.0777,166.1223
421.0465,135.5670,48.7141,168.8542
421.2914,137.0132,44.9336,169.1828
419.5168,136.8678,45.0664,169.8063
416.5854,136.3112,46.3593,167.9684
411.4357,140.6408,50.3551,162.7247
412.4442,141.8456,51.7843,166.3714
413.8513,136.7794,52.3828,167.7266
411.9135,141.4767,53.6523,160.7153
411.8793,141.8403,55.8927,156.9662
409.7803,144.2694,59.0720,152.1176
408.4585,146.3239,60.7309,149.6169
408.1072,143.6980,63.1308,151.7437
406.8899,138.8232,66.1802,157.4643
405.6792,131.6689,72.5559,164.8577
403.0489,123.8225,78.4656,174.6455
400.4720,123.1010,83.5521,175.0917
400.8743,122.1337,88.4887,177.5282
399.9863,117.4435,90.6160,182.4121
396.8596,106.3283,97.6032,191.6929
393.3005,96.4919,101.1527,199.2885
394.5415,95.3905,102.9379,202.1212
394.2086,94.6311,104.4533,203.9144
392.0255,93.6829,106.2916,205.7281
388.3348,96.8670,107.3922,204.1541
390.1132,99.3971,107.6777,205.0240
393.9524,93.7461,102.2078,205.3109
397.0466,97.3849,93.4748,204.9462
399.6608,93.4022,87.6634,204.1356
401.0909,93.3843,83.1015,204.4302
402.7330,92.5742,79.1750,204.2547
403.4875,94.6234,76.2311,202.3479
403.7842,95.8345,73.7600,202.6075
405.2512,98.3836,73.1100,200.8366
402.9629,100.9001,71.8076,196.8257
405.6790,105.3033,69.0065,194.2694
406.1076,108.5111,67.9346,190.1496
405.3972,110.5285,65.8885,187.9901
406.0471,111.6994,67.6934,188.0028
400.9813,113.5507,67.7796,184.2684
400.3845,111.0188,66.0163,188.3327
398.4970,113.1030,66.7910,187.1835
396.3322,114.8816,63.5868,186.4632
399.4362,120.3233,60.0567,183.4048
403.7258,126.1353,55.6640,177.5880
400.9840,123.3067,60.4682,179.1684
402.6376,127.2920,59.7451,177.3117
401.0753,128.3695,57.4451,174.5293
399.5941,127.5860,56.6065,178.0952
400.4632,128.5701,57.6223,177.8102
400.4636,131.0057,57.0719,171.1173
399.7285,132.0736,56.8890,167.8028
399.5797,135.6100,57.0642,164.6451
399.3507,133.0903,57.7645,166.7996
399.0780,133.0470,59.4966,163.6753
399.5433,136.5900,61.2722,158.3911
399.8015,133.7689,63.7631,157.8187
399.7364,133.5786,66.8529,154.6961
401.6842,131.7119,68.3611,156.0267
399.1402,130.5930,68.5250,153.2167
398.2079,128.9226,68.0386,156.0928
398.3413,127.3699,67.5010,157.5451
395.4227,125.2742,67.2316,158.9911
392.1606,124.8548,70.0607,157.2417
389.8002,124.9225,70.1980,156.7336
387.8873,122.5681,70.1755,155.0524
386.5332,121.3502,71.2417,153.7726
383.8601,120.7519,71.1677,154.2586
384.6078,120.0350,72.2264,156.5787
377.8232,120.5850,78.0328,158.3049
372.7074,120.4914,80.5124,158.9777
371.8795,120.1080,79.9626,158.4861
370.7284,118.6438,75.1429,158.6124
369.7762,120.0188,68.0902,156.3604
370.3964,120.9095,66.0291,155.8391
369.3354,121.6430,65.3970,154.7550
365.8116,123.3065,63.7339,152.9268
362.9866,122.6111,63.4868,152.2452
360.6759,122.6232,61.5792,152.9104
359.9606,121.3630,61.6673,153.4322
357.2739,119.6467,61.5621,154.1776
356.5366,117.6743,59.6503,155.6711
355.2990,119.3454,59.1683,155.7915
354.6490,118.6816,58.3106,157.4734
354.3458,119.9465,57.0704,157.2878
356.8077,121.8542,56.5102,158.1685
357.9972,123.3854,55.8941,157.6767
362.8416,124.8214,52.1951,157.5420
366.3611,126.8755,50.6340,156.7534
370.3932,128.2535,50.2028,156.0497
371.1373,130.9997,51.6459,155.4623
372.4492,131.9402,53.7694,155.4851
373.3355,132.7543,54.7530,155.6424
374.2894,133.8268,55.5162,154.9465
374.2263,135.5381,55.6195,154.7548
374.4456,140.5421,55.9263,154.8070
376.1394,140.4736,54.2740,155.4925
377.2148,143.3936,52.6686,154.5687
376.3947,145.7580,52.0673,154.8059
377.0051,146.4178,51.9254,156.2681
378.0159,148.6785,50.9347,154.5540
379.2707,151.9614,51.9087,153.8078
379.2751,150.8137,51.0137,153.8469
378.4656,152.4060,51.1690,153.0096
379.6413,154.4513,50.6771,150.5528
382.5776,153.8543,50.5373,150.5959
383.7671,154.8040,50.3910,150.0127
386.4259,159.2961,50.5507,150.1505
388.6670,158.1292,50.1966,150.3464
391.2304,159.9787,49.2936,150.0594
393.9426,162.5546,50.0709,148.3429
392.3809,168.0411,51.7147,143.4571
392.7128,171.6650,52.5359,140.5257
395.9117,175.8980,51.0036,137.1843
395.7007,182.0609,50.9594,133.3727
396.9680,184.4924,53.4489,129.8519
395.1145,187.3815,55.1697,128.3730
394.0501,186.1159,55.7542,128.5945
393.0278,185.9033,56.7380,128.2282
392.6729,184.7581,56.7760,127.9798
392.2109,183.1311,56.9523,129.8543
390.7403,181.7475,57.5100,130.7028
390.8858,182.8012,57.4990,130.4715
389.5703,182.9150,57.7662,130.8777
391.0780,183.1728,57.6114,131.0936
390.7249,183.6394,58.3090,130.5694
388.8326,182.7226,58.9901,131.7366
388.5424,182.4237,58.8208,131.0839
388.7954,183.6369,58.2095,129.6788
386.3087,184.5541,59.6090,128.6661
382.1602,182.1410,63.6200,128.8650
381.7443,181.5216,65.6788,127.9054
380.0396,183.4156,70.3972,126.0203
376.7957,182.5742,74.8533,124.3454
374.5140,182.5830,76.1707,123.2081
373.7411,181.4414,75.3778,122.6612
374.1902,179.1372,75.0858,122.6467
372.2200,176.3491,73.2111,123.5413
372.8558,173.3726,72.9966,123.6643
371.9294,171.0839,71.4206,122.9032
371.9458,168.8700,69.0786,122.3925
373.9857,167.0805,65.6153,121.3023
373.3070,166.0050,63.3888,120.7563
372.9146,161.2694,58.6044,123.8395
373.7757,157.7243,56.3174,126.2242
375.6983,154.7291,53.5949,127.0949
375.4612,152.4739,50.3986,128.2803
376.7462,149.6000,48.9968,129.4026
374.0159,147.9137,49.5385,128.5485
373.6355,144.3149,51.4993,128.3342
373.8692,142.0943,51.8101,129.1506
374.3888,142.7996,51.2765,127.9283
377.5357,143.3421,47.9636,126.7905
383.6521,148.6997,45.0976,122.3818
389.8534,150.0477,40.3124,120.3377
394.9631,154.0803,37.6722,116.9596
393.5447,160.4470,36.6981,108.7771
394.7545,162.7678,36.1072,104.7784
392.5556,158.4186,42.1395,104.1544
371.2574,164.3844,52.6963,100.5015
375.8222,152.6428,51.9046,106.4194
376.0792,140.4356,50.4315,103.0793
379.6954,150.1896,52.4482,108.7878
382.1978,139.0400,54.2623,112.8014
378.7086,135.6250,52.1105,115.7936
376.0489,129.6631,49.0614,122.4477
374.5131,127.7501,49.5656,124.1649
374.9527,125.0668,48.6762,125.2470
376.2025,125.1562,48.9082,126.0839
374.6432,125.5676,49.5364,125.1840
372.6057,125.5271,50.0077,126.0889
371.2219,127.6932,53.5686,124.5756
370.2891,129.6800,54.5543,124.4504
367.8252,131.7558,52.5350,123.2536
366.8189,127.9151,50.7725,125.1284
368.2646,128.1208,47.1048,128.5091
367.6249,127.9464,46.6933,128.9244
367.3868,128.1056,45.8556,127.7357
366.3045,129.7763,44.3730,125.2774
366.1752,128.9012,44.8096,126.6462
362.5399,129.7735,45.6295,127.8731
362.3559,130.1368,46.0554,129.4403
360.5613,129.9591,46.6941,131.7070
358.6507,129.1650,46.3279,132.8600
358.9014,129.7049,46.7016,134.0912
358.0720,129.6903,46.8985,134.9581
357.7274,131.2921,46.1972,136.2977
357.0348,133.0748,46.4641,137.9699
356.9018,134.5777,46.9256,137.6197
355.3637,137.2085,47.2680,137.6421
356.1481,136.7427,48.2262,136.4008
355.0568,139.6882,48.1629,136.0430
354.0750,142.1199,47.3985,135.0122
354.9341,142.6434,46.5053,134.2449
354.1727,146.3672,45.7639,131.8700
354.4088,150.5089,44.9009,129.2649
354.2870,153.0897,44.7407,128.4903
353.6089,155.8882,44.2665,128.2587
353.9178,158.3292,43.7095,126.8452
353.0282,158.9164,42.9010,127.5879
355.0924,158.4287,43.3508,128.3329
352.8082,159.8611,44.4944,128.8003
352.5593,161.4111,44.6271,127.7566
351.9720,162.5384,44.3923,128.0093
351.8961,160.8103,44.7752,127.9344
350.8718,163.8952,45.2418,127.3560
350.7932,164.7975,45.0768,129.0760
350.3415,165.9395,43.6337,129.6369
349.4308,166.2442,43.6155,131.3862
348.5930,166.3359,43.2441,132.1819
348.9618,168.7734,42.4916,130.7513
347.6613,166.8685,43.0776,130.1870
345.9491,167.9396,42.1142,127.6770
345.4934,166.5701,42.6900,128.1662
344.6752,166.9945,42.9581,129.9486
343.4300,167.6807,42.8180,128.7957
342.5889,169.6731,42.7838,127.9037
341.2967,170.1843,43.9640,127.5884
339.8400,171.0686,44.2249,128.6724
338.0441,174.3773,44.1555,127.5454
336.2958,174.9193,44.6471,126.4785
334.2055,174.8642,44.7974,127.1183
331.8981,175.0395,46.2218,127.7693
328.3517,177.7777,46.8956,126.5448
326.8996,178.2808,46.6131,126.2245
326.6737,178.2729,46.0225,126.5217
325.2722,179.5090,44.3914,127.3134
325.2119,181.1936,44.0940,126.9551
321.9945,183.6024,43.7354,126.5369
321.1558,183.5479,43.4480,128.2782
319.3844,183.5852,43.4959,129.4339
317.9860,185.1188,42.7537,127.4354
316.8957,185.1984,42.9735,126.7581
314.3299,184.0993,44.0474,126.0338
310.6133,185.4816,44.0429,127.0016
309.4296,185.8806,43.5120,125.6156
306.3263,187.3705,43.4984,125.4283
303.9420,188.8425,43.2612,123.2701
300.8364,187.8196,43.5869,122.8255
298.7825,187.9856,43.4315,122.6494
296.2166,186.9241,44.1686,121.7593
292.2721,188.1791,43.9949,121.8682
291.6597,185.0829,43.9802,123.2895
288.1722,187.8349,44.4000,122.7196
285.7598,187.0243,44.3907,122.7073
283.6097,187.2166,44.5529,122.3702
281.0411,188.4227,44.5556,122.0598
279.0236,188.6236,44.7832,122.5651
276.4451,187.9625,44.7665,122.6525
274.6352,189.3554,44.4516,121.6479
271.0090,187.2234,44.8639,120.5604
270.2302,189.3438,42.4571,120.7858
268.9855,190.9352,41.1783,120.3504
264.9692,191.1361,41.8415,120.0074
263.7281,191.7619,41.6831,119.6783
258.6606,192.4644,42.6780,118.7474
258.1159,194.0414,41.8075,119.0493
253.8892,193.7233,42.8063,118.4276
251.4796,194.7443,43.1712,117.3693
249.1461,195.3123,44.1036,116.5714
245.2414,196.1371,44.9922,115.9964
243.6492,196.3252,44.9148,116.9253
241.8468,197.8274,44.5192,116.6048
239.6113,197.8009,44.5721,116.2694
237.9946,198.3804,45.0203,115.7176
234.7272,197.8304,45.6209,114.9877
230.8489,199.5240,45.9373,114.7962
229.1624,200.1607,46.2360,115.4112
226.5909,199.9827,45.9174,114.0460
