1
168.0568,64.5856,88.5160,64.4264
136.7123,90.2889,86.6167,70.8703
104.4110,98.2189,85.3080,78.4904
82.4519,102.5705,82.9060,79.7197
69.4922,108.2539,75.8376,77.2590
66.0448,124.9395,66.8012,75.5008
66.8090,135.0340,66.6216,75.4638
76.4268,146.8776,76.6367,77.3718
109.4043,151.8653,79.8478,69.6918
138.2056,141.2492,80.9968,69.6977
179.5307,131.6273,79.2192,72.3984
213.6334,124.0015,74.6400,72.7575
246.8250,129.9761,73.2492,72.1576
265.6559,141.9748,77.4521,73.7168
288.0092,136.9084,84.2622,70.2119
302.7671,135.0203,91.9160,74.2372
298.5916,136.3043,89.1088,82.1038
306.4536,135.0327,79.0969,80.6290
331.1345,142.8854,80.8340,82.8949
358.4043,145.3725,85.2986,84.3277
371.3241,155.4778,83.4170,80.0679
383.6306,172.4031,77.0531,73.4302
388.1551,181.4119,72.0541,69.9135
385.1984,171.6894,70.3238,71.4046
379.6569,161.4325,68.7110,71.1541
355.8916,142.9515,62.5289,71.1154
331.6304,134.3552,62.0285,66.5096
293.9057,126.6452,67.9182,70.3866
278.1372,136.1711,68.8635,64.7005
270.6526,143.6372,69.8399,60.4796
265.4539,154.1632,67.5450,54.2543
246.3908,152.6645,66.9140,51.3299
229.0213,153.0146,65.6869,55.0010
216.3493,147.3297,64.2112,56.0137
203.3985,141.2264,60.2545,58.1731
188.6082,138.8603,55.4848,58.3045
175.5497,138.9669,53.1575,56.3937
172.9416,136.6688,52.1320,55.6394
176.1159,133.1718,55.4344,54.9943
184.0333,122.9727,56.6126,51.6582
193.8987,130.7865,53.1138,45.2542
196.5598,143.6247,51.4927,42.4795
207.9932,145.3706,49.8697,44.2208
226.1388,141.2997,51.9071,46.9972
243.0606,142.3873,48.4164,43.4601
259.4948,141.4487,48.2494,45.0986
284.0476,144.3426,45.9473,46.6996
302.1804,143.5708,43.9896,48.6407
308.8810,151.7771,45.8997,46.9197
312.4482,149.2536,44.7006,45.8473
312.0491,150.1713,45.3161,45.1238
322.2061,142.5590,45.1174,43.3844
326.1645,133.3103,41.6944,46.5978
332.7091,157.1846,41.6620,45.6202
325.3748,162.3706,38.5630,44.0790
320.2046,166.0346,37.5392,39.5490
307.8668,169.9013,35.6400,36.5095
2
0
0
0
0
1
321.2871,155.9592,39.7132,45.4632
314.4138,161.6832,40.6918,45.9875
312.5265,163.9961,41.8232,45.5150
312.5341,163.2404,42.4438,46.1877
333.0187,165.4347,37.4082,43.7613
332.3436,169.5177,32.4433,43.9741
330.7878,174.2392,30.8582,43.0327
330.2684,171.0769,30.0032,43.1131
321.7063,166.8929,36.9893,45.0332
310.4568,164.5705,42.4071,47.5900
307.3403,164.2681,43.7360,47.1860
313.7560,164.1528,43.8202,47.3267
330.2315,164.1929,37.4404,46.3135
329.1935,176.4500,35.4325,46.9786
324.9456,174.4706,30.8481,44.5867
312.4071,175.0588,28.6769,47.0721
296.5415,176.2658,31.7526,51.0533
271.0371,173.8165,35.9034,49.1864
245.2256,174.5211,41.2375,50.6791
234.6984,173.8828,42.7908,47.9514
230.9348,170.1137,43.0258,48.1549
236.7958,170.1758,44.1255,48.0001
244.5192,166.6776,41.4551,48.1762
263.1818,154.1619,42.3813,49.2862
280.4690,155.8904,45.5571,45.8802
254.7446,169.8496,49.1110,52.6931
2
0
0
0
0
1
367.7958,169.7006,36.0330,46.4649
380.3539,179.3867,36.8431,43.2196
380.9321,177.9412,36.8783,40.0334
393.3072,181.4372,37.6591,41.5579
392.3863,186.9606,39.9581,48.0225
373.5901,181.3566,44.3086,52.5365
356.6237,181.9245,43.1755,52.7717
343.2920,188.3450,39.0123,54.4662
2
0
0
0
0
1
164.6383,199.1807,42.9474,61.2471
164.6001,203.8428,47.3245,62.9240
174.2663,205.3974,52.4757,66.2819
193.2792,208.3290,54.6218,68.2752
218.6372,211.7403,58.3414,73.0922
242.5730,216.5505,55.0029,74.9231
264.3966,216.6040,53.5182,74.4895
294.6387,216.9220,58.4803,71.8753
317.9822,211.9519,60.0541,67.4031
314.4525,209.1492,59.8593,66.0162
315.7715,209.9698,52.3872,68.1060
296.2688,214.8818,52.4070,69.4533
312.5362,215.6724,53.5489,69.1323
332.4580,195.9480,55.1781,72.2598
336.9958,186.6595,56.6985,73.7661
312.6646,184.7073,60.4823,80.5348
298.6347,185.4382,64.4557,77.8004
296.9498,191.5347,67.3241,82.9757
299.5112,189.3589,68.6272,84.8899
302.2995,194.0545,70.0194,86.0055
302.0991,197.6874,63.2319,86.9000
287.1440,183.5370,57.6948,80.6951
295.3487,174.1291,51.0245,72.1573
308.3571,197.9636,48.3648,73.1552
302.0529,184.7351,49.6727,75.0119
300.5799,184.7220,58.2232,77.1332
304.2352,188.1397,60.3494,77.5524
303.3271,186.3362,60.5896,77.3847
298.5035,182.3373,62.2388,76.2095
294.9578,189.2930,58.3789,73.0565
295.0648,180.2570,55.2917,72.7831
279.1077,169.8207,53.8417,70.7763
276.4304,166.0784,51.6807,68.0312
274.4543,161.9633,50.4073,65.4717
272.4398,155.6394,51.1952,65.7043
284.6754,152.1716,47.5058,66.1455
286.9964,151.6821,45.0767,63.1308
289.9916,159.8804,39.4836,58.0793
293.0651,155.7363,35.2475,55.1248
293.7689,161.0541,36.5311,52.9111
287.5986,160.1907,38.5091,51.8561
278.7854,162.6193,39.9230,51.5413
269.3330,162.6140,42.2912,51.9298
270.3339,159.3755,41.5063,51.7293
270.1832,152.0534,40.6040,53.1520
252.1412,150.9791,44.1820,52.7827
2
0
0
0
0
1
382.0898,165.3047,61.3020,52.0465
375.8008,183.7692,63.5912,53.2257
368.3103,179.4709,61.7804,50.7824
371.6462,176.0478,62.6734,51.6549
366.9150,170.9680,63.8896,54.2447
360.9384,169.4333,65.7370,57.8456
363.6508,168.4068,71.5740,61.7376
373.1002,166.4920,74.5984,64.6766
371.2011,162.7133,72.1669,68.2427
356.2193,153.4268,72.6273,71.7107
358.7983,151.7762,74.0823,70.0732
386.9356,162.1128,79.0986,77.0800
403.2618,168.4118,79.5298,78.9760
