1
1102.9116,603.5929,37.0274,52.9577
1093.0308,596.7742,41.4153,54.1311
1054.4401,611.3455,46.8791,50.8837
1057.0339,621.3759,49.7731,46.4424
2
0
0
0
0
1
874.5773,601.1913,56.7051,40.8925
862.2698,591.3170,54.4188,49.8730
848.1788,578.6746,56.9730,54.9037
838.3502,571.5978,59.5339,52.1039
835.3597,563.4502,53.1672,50.3429
827.1143,562.9428,50.5116,45.7625
818.8586,558.8904,46.8146,49.5468
810.8596,557.2947,41.9670,49.7362
802.1894,558.7432,36.9038,49.3087
797.1360,556.3303,39.6623,50.4640
788.2845,553.2297,47.4533,49.0975
781.6240,556.7321,53.2506,45.8844
779.5679,558.4366,57.9251,41.8944
782.8095,561.4479,60.5124,36.8055
781.8380,564.8461,59.2344,30.6791
786.9902,568.3314,54.2993,27.8786
790.8665,554.5144,47.2633,29.1137
797.2463,544.2028,45.9700,32.7215
799.5748,528.5170,45.1238,36.1294
797.9729,517.3027,45.1625,43.0273
798.2450,504.9848,44.4025,51.7155
799.3196,492.3174,42.7829,54.5044
798.3134,489.0280,40.1335,49.7739
792.0613,487.7812,38.8837,45.8498
785.3657,485.3276,35.5095,41.3984
777.9232,485.6041,38.7912,37.9124
769.2017,488.1145,41.8384,35.9982
755.5416,485.0926,44.1741,34.0015
741.8699,480.5554,41.2272,33.5358
731.0170,477.1636,38.5420,31.0707
713.4342,475.3478,40.4977,27.5467
692.8890,472.6246,39.8931,24.7918
674.5211,469.0912,37.2635,23.1384
654.9883,466.7073,34.5246,22.1533
632.7977,462.6887,34.1393,23.3068
610.1478,459.7538,34.0723,22.7815
586.4977,455.1010,34.6424,22.7393
559.3544,453.4698,34.9662,22.7583
531.9132,450.4630,35.6329,22.4840
502.0949,447.5148,35.4432,21.8959
471.0305,446.0498,36.2598,22.5390
440.2144,442.9464,36.3125,22.7789
406.6543,441.5373,35.4171,22.7058
372.0826,440.5557,35.4485,22.5591
336.4923,440.3755,36.2485,22.8430
296.1966,440.0177,37.0177,23.4968
255.4146,439.4280,37.3720,23.4152
213.1554,440.9814,36.2754,24.1184
171.4280,442.7021,35.6183,24.5484
135.9620,438.6769,38.6552,25.8848
2
0
