1
284.0750,250.5552,42.4058,46.6436
285.0132,250.5448,42.2625,47.5574
286.1176,250.7703,43.0462,49.0058
286.6613,251.9467,42.5619,48.0638
287.4960,256.1313,42.9997,47.4630
285.3198,255.1846,44.2315,48.7686
284.9049,257.9028,44.9311,49.3344
286.6749,260.2194,44.1158,48.0925
285.9803,262.2672,42.2825,48.6144
282.8310,265.5882,42.8528,48.4636
282.1643,261.2987,42.3392,48.9717
278.5215,264.8219,43.2390,50.1431
276.5510,263.8862,43.2709,48.4004
276.5003,266.5500,43.7336,50.4877
276.7717,266.5706,43.4720,50.7972
276.2322,267.5202,43.8952,51.6630
276.8547,267.8434,43.6346,51.9036
276.1630,267.8846,43.8381,51.7939
275.0124,272.0069,44.8823,50.8664
276.6012,271.8503,44.0937,49.6789
276.6628,271.0724,44.8452,48.7529
275.4332,270.2123,44.6399,48.3204
276.1129,270.1970,44.5440,47.6657
275.6335,269.1889,43.6095,47.4951
275.1506,268.7587,45.4430,48.5666
276.0464,269.2447,44.9090,50.5046
273.2320,271.1905,46.7280,51.4237
273.5141,271.2663,45.9274,51.7382
274.4261,269.9396,46.5179,51.6051
272.6248,269.3974,45.3775,51.5860
274.2362,276.1451,44.7916,50.8762
271.3883,276.4169,45.7904,51.2900
271.3135,274.6240,46.5179,50.5460
271.8589,276.5349,45.8524,49.8264
271.4245,275.6122,46.4496,49.3326
272.6593,276.1719,46.2607,49.8278
272.2416,278.8589,46.7391,49.6278
273.4355,274.9174,46.1865,49.4030
271.7931,275.4064,46.6370,49.7975
275.1211,274.8415,44.5044,48.0593
275.5281,275.3668,44.7773,50.9626
275.2282,271.3618,44.9833,52.7412
274.6470,269.4201,45.6863,53.6383
273.4336,267.1273,45.4132,53.9923
273.4377,269.0323,45.8669,54.3404
269.8340,264.5054,46.1643,55.6824
269.9834,264.6624,46.0367,55.5229
267.0522,264.5953,45.8764,55.6229
267.7648,266.9524,46.6353,55.6909
267.6303,267.6346,47.6611,55.7806
267.7896,265.4474,46.0301,55.3233
265.6814,267.5759,47.3486,52.7003
267.4317,267.4063,47.0611,54.7459
267.0128,268.0752,46.8122,55.4126
266.7347,267.6749,46.7491,55.9774
265.1121,267.5540,46.9312,56.4872
263.0897,267.5123,46.8832,56.5655
261.5976,267.3295,47.6362,56.6962
261.3889,267.8948,48.2361,56.6512
260.9283,267.2959,47.9253,56.4359
260.0397,267.2664,47.6633,55.8194
255.2452,267.7740,48.4612,55.8791
254.2840,268.9057,49.2281,54.9378
253.2975,269.9694,48.9016,54.7543
253.7472,269.6496,48.2635,55.6323
252.9083,271.7382,48.2843,55.3753
250.0616,270.9129,48.9457,54.7482
248.7325,269.9147,46.0733,48.6139
246.4032,271.2941,47.4150,51.6538
245.1873,271.8751,47.6627,53.6381
243.4956,269.2510,47.0181,55.2464
241.5783,269.1484,46.4905,55.2292
241.4839,269.0347,46.0647,55.7559
240.5453,269.2617,46.5325,55.3270
239.7149,267.0481,45.9380,55.8924
239.3914,269.1590,46.1236,55.6169
239.5558,267.4380,46.0833,55.7218
240.9326,269.2289,46.8422,53.5055
245.3403,274.0309,47.5966,52.0615
244.0225,269.1151,47.3126,52.6692
244.4377,268.6605,47.2212,54.0811
246.0328,268.7671,47.7247,54.7334
246.1096,270.4706,47.7960,54.5549
247.4007,270.9817,47.8182,54.9342
247.5787,270.7711,47.5003,55.8114
247.8350,270.7943,48.2872,56.6446
246.4977,270.1788,48.0188,56.0455
245.0189,270.8033,47.6936,56.3357
244.3247,270.3893,48.1795,56.2620
244.9436,270.8846,48.0120,54.5909
244.3443,269.4997,48.0341,55.6887
243.7192,269.7707,47.5559,55.7182
243.0405,269.8631,47.3092,55.4156
242.8777,270.5283,46.9822,55.7857
241.2917,268.7613,46.1797,53.4153
239.6018,267.4268,45.6224,54.5715
239.6572,266.7070,45.3175,53.4525
238.7820,263.5647,44.6204,54.0164
234.6607,267.4160,44.4700,54.6495
236.6792,268.7779,44.4330,54.0114
244.0704,288.6102,47.1182,52.6810
264.1120,309.7682,46.0270,48.4495
281.1582,320.5020,47.0109,45.9654
304.1249,332.4590,43.7715,42.9425
326.6585,338.9745,46.3381,40.8667
346.6857,344.2375,45.8722,44.9561
355.0372,333.8668,44.4449,47.7058
355.0104,332.0000,45.5300,50.6513
357.6266,331.7511,44.0640,52.1304
361.1701,326.5060,44.0367,51.3061
365.6411,316.4229,44.5901,52.0571
368.6958,317.7707,44.9840,52.5423
370.2894,318.3894,44.6125,52.0844
366.1147,315.0786,44.4371,52.0733
364.0486,317.6385,44.2988,52.4005
364.5578,320.5285,43.9786,52.7058
361.8644,321.1717,44.1141,53.6525
360.1129,322.6781,44.3875,52.4970
357.3141,323.4503,44.4653,52.6106
357.8932,324.2672,44.3889,52.4010
356.5850,325.5669,44.3208,50.9815
350.8203,326.9121,43.9269,51.2340
348.8350,325.4171,44.0985,51.1847
343.0981,322.4037,45.1948,51.0275
334.1500,317.1060,44.8378,51.8858
330.0629,314.3105,43.8390,52.7782
331.6977,317.1608,44.1976,54.1239
332.5390,319.3465,44.4548,53.5461
332.5651,316.9187,44.0036,52.4432
327.7498,316.0897,44.3488,51.8797
328.4973,316.0513,44.1631,51.7757
327.8650,317.0394,44.7585,51.4749
328.1765,315.4487,44.8818,51.1588
328.5195,310.9955,44.2811,48.0187
322.3664,305.7185,45.1179,48.5515
318.7167,305.3139,45.0274,49.9966
319.0467,307.9520,44.2619,49.9122
315.7164,312.6307,45.1067,50.0693
306.3647,315.6665,46.2704,50.3261
300.3687,318.7189,46.2164,50.5113
300.9796,318.3922,46.2021,51.4347
302.3359,317.7496,46.1339,52.1037
302.9766,316.6909,45.5881,52.6386
302.1143,315.3079,45.9760,52.6411
304.1944,311.6891,46.0369,51.7354
305.4113,306.4413,45.7282,51.7401
307.4046,303.1802,46.0442,51.7174
307.3574,297.9897,46.2543,51.9291
309.7057,291.9006,47.7135,49.4941
311.0819,291.0844,48.4738,50.4578
312.1522,290.3809,47.6765,50.8083
312.7213,291.6646,47.1418,50.6410
313.9473,292.4465,47.6780,51.1401
314.1867,292.5345,47.1464,49.6575
314.3568,288.2278,47.3976,49.9177
318.3898,288.6995,45.4860,48.5056
319.4727,285.3186,44.9240,48.7330
320.9178,282.6146,44.6896,48.3622
321.8313,281.2496,45.3949,48.5622
322.0326,281.4619,44.5608,47.1787
322.1190,273.3421,44.0718,46.5281
324.8681,276.8101,43.5429,46.4469
322.2110,272.6622,46.1532,49.3883
322.4341,272.4925,46.7796,50.3498
323.2584,270.6221,46.5768,52.1315
323.3342,269.0472,46.7514,51.9159
325.3193,267.7418,47.5969,51.0844
325.4479,268.1742,46.4231,50.0919
328.6525,266.5762,46.6570,49.8281
330.9362,269.3982,45.5812,49.1782
331.0348,269.8488,45.4841,49.4376
332.0806,270.9764,44.1679,48.3141
332.3516,271.4937,43.1635,48.6947
332.8044,268.5670,43.0677,49.2221
332.7916,267.4620,43.3460,48.7428
331.8512,264.7752,44.2360,46.8853
330.4291,264.1467,45.9195,48.5976
332.0159,257.3604,43.7859,49.9474
333.9968,251.1246,44.6190,50.0354
334.1706,250.5018,43.5262,49.3325
335.5238,246.9809,46.6314,50.6228
336.3434,247.0176,48.1220,51.2470
338.5215,243.7825,46.5623,50.6293
339.0074,245.3054,47.8301,51.1566
342.4281,245.8257,48.5570,50.8308
344.9403,247.3112,47.0388,50.5735
347.4554,246.2650,47.3884,50.9086
351.6844,243.2074,49.4027,49.0338
350.5606,246.1564,45.5076,48.7572
349.6016,247.2616,45.5930,51.1761
350.4378,243.6645,45.2060,51.9706
352.3099,242.5865,45.9179,52.9790
350.6979,242.9358,46.9406,52.2214
352.1490,242.1751,45.7634,53.2054
353.6284,242.4074,47.7629,52.5090
353.7039,240.9528,47.4806,51.6977
358.1838,240.4792,48.6787,50.7067
359.2138,240.8902,46.1239,49.0165
359.6878,242.3354,48.9806,51.0378
358.9703,240.6958,49.9582,51.9178
356.6127,241.3036,47.7534,50.1867
359.9246,238.7249,52.8571,55.0614
359.1169,235.4008,47.5909,49.4712
362.2616,237.5272,45.2716,50.5827
363.3849,237.0134,43.9889,50.4297
364.9713,239.5308,42.7712,49.2813
364.2696,242.3298,43.7793,49.4636
363.4106,243.1115,43.9414,49.6701
361.3359,244.2787,44.7229,48.2599
358.0879,249.5910,45.8399,49.8642
358.9052,246.6091,45.1066,49.2589
357.0428,251.3073,45.0960,49.1651
351.3709,252.0329,44.9739,49.5462
352.2029,249.4059,44.4681,49.3539
350.3834,244.2834,44.5895,49.2655
356.5544,241.1353,47.2025,50.0400
350.1200,241.6513,45.0760,50.3597
348.7690,244.0097,43.2102,50.2452
347.9189,245.5100,43.0901,50.1513
344.5646,243.3743,42.4115,50.0952
340.6796,242.0538,44.9324,50.6322
337.9119,240.5774,46.0071,51.7461
336.8544,239.4973,44.9369,52.2907
335.5819,237.6715,45.1000,51.9510
333.2394,239.2696,45.5472,50.5974
332.2373,238.2517,45.7443,50.3356
333.7052,240.0431,46.0005,49.3266
332.3691,237.8618,46.5421,49.3719
330.6601,237.1826,48.0395,50.2653
335.5438,233.1158,48.7607,49.2200
335.4340,231.8266,45.5102,49.3056
334.0555,230.6638,43.9604,49.1746
336.7928,229.3594,41.8491,49.7156
336.3655,227.2955,41.8077,49.9169
338.9410,225.4117,41.4839,50.4080
338.5142,226.9348,41.4829,50.5181
337.7418,224.9555,41.4564,50.1494
339.4199,224.2894,43.7821,50.7198
338.2771,224.3839,44.0549,50.9065
338.4483,227.3699,45.0411,51.1544
341.8898,221.4252,44.8616,50.2362
355.2010,209.7852,50.9224,52.9568
351.2395,223.1169,50.0879,48.7660
338.7950,218.2620,48.5985,50.0915
339.6937,217.9609,45.3624,49.3919
339.5754,216.9277,44.3623,49.8442
339.7204,214.0889,45.4616,51.0302
338.7879,215.3956,45.2427,50.7404
341.7026,213.3846,45.7648,50.6590
339.5184,213.3041,45.2597,49.8601
340.9219,213.0504,45.4989,49.2009
341.2000,211.6687,44.9540,49.4616
353.1728,205.1460,52.4149,53.7692
371.7933,205.0441,54.0180,54.8553
359.4273,211.5262,55.6430,55.6157
362.0875,214.0666,58.2761,55.6792
368.8779,211.8227,58.0087,56.9900
365.0553,210.7482,62.2491,58.2983
368.7986,220.4108,59.4450,53.7117
358.3195,235.3075,56.8973,51.9736
349.8907,233.5655,54.2922,51.1385
344.0225,233.3492,50.3541,51.1322
341.6936,234.6083,48.5867,52.4455
341.4144,233.2109,44.2984,48.1479
341.9690,239.2782,41.9267,47.8017
342.7088,242.9677,40.8125,46.1748
341.7340,243.8212,39.5577,45.9563
342.5758,244.6770,40.0627,45.1861
344.2686,245.8565,41.9211,46.1676
343.5114,239.3808,38.9758,43.3389
344.3729,242.0246,40.3955,45.8165
347.5521,241.8919,41.3648,46.8224
347.9735,242.5504,40.8610,46.4271
347.5968,243.4514,40.4020,45.2434
347.2703,241.2462,39.5621,43.2561
347.0430,244.8530,39.8311,41.9885
347.7080,239.0416,40.2960,41.9650
349.0765,241.4502,41.4290,42.0287
347.1522,237.2045,41.1032,43.1038
350.4411,239.1956,42.3058,45.0736
350.4061,232.2434,44.7405,47.2350
351.8833,237.8455,48.8707,50.9998
344.0654,236.5915,50.0467,52.0130
354.7535,233.7656,47.4214,50.1895
354.5906,237.0074,46.0856,49.5497
356.3034,237.6501,45.1301,48.9637
357.6337,240.4490,44.4259,47.5115
359.7695,239.6345,44.5839,47.2397
359.1517,238.6864,44.9180,47.5506
360.4244,241.3133,44.6868,48.1076
371.2938,240.0524,49.5059,49.5154
370.1564,237.9477,49.5312,48.4933
355.7913,243.6234,49.7166,48.5163
365.2691,239.9221,45.8166,47.0286
371.2596,240.2604,43.0538,44.5015
379.8979,245.6308,45.1516,44.6155
383.0066,243.2982,48.0954,41.0519
376.9592,235.7556,44.0840,45.3297
378.5847,239.2560,41.8836,46.5272
380.0899,235.3882,40.0344,47.5096
379.2792,236.8964,40.3217,46.6903
380.6735,235.5287,39.6755,45.5802
380.1159,238.4279,39.8576,44.9174
380.6569,237.9964,39.4770,43.4376
382.7625,237.6962,39.7057,44.1728
380.9591,236.8479,39.7003,44.1375
384.7288,233.7956,40.8480,44.6008
383.8609,231.7858,41.4541,45.1747
382.6783,233.4431,41.4097,44.6042
375.9022,235.3694,45.0171,45.0129
380.6533,230.8814,41.9248,43.5985
379.9111,236.7142,40.3427,45.9178
379.5461,235.3103,39.4088,46.6301
379.9033,235.0374,39.9186,47.2972
380.4820,234.1392,40.3888,46.2523
380.2248,233.9338,40.7325,46.3241
380.3044,234.3761,40.0681,44.7931
382.2373,235.3829,39.2963,44.4958
383.3746,235.7958,37.5832,44.0797
381.1169,236.4561,37.3946,44.5499
383.3920,234.4390,36.5207,44.5809
382.1235,232.8358,39.8654,44.6142
383.3499,227.3495,46.4984,47.8064
393.3102,229.9537,55.0048,45.8846
371.0047,227.5486,53.9271,48.3731
380.6715,228.1889,47.1051,46.3485
382.7688,225.1138,43.3782,44.1667
367.6991,232.8040,43.0480,45.9561
364.3826,235.7467,41.5759,43.9403
360.5872,236.5280,41.8896,43.5762
359.2758,237.4763,42.3754,44.1169
361.3547,238.9153,43.5747,45.1536
359.1020,241.7603,40.9162,42.3752
359.9040,242.0034,38.8165,40.2298
361.8819,244.6478,39.6735,41.0889
356.7448,239.9555,38.2477,39.6818
360.1165,237.9586,36.8258,40.7833
358.4226,243.5560,41.9357,44.0748
353.4812,231.7673,40.2201,42.3556
359.0749,234.0316,40.0578,43.3436
