1
335.3260,118.5903,17.2997,26.5352
330.8269,117.4202,17.5004,27.1609
326.2563,118.3910,16.9695,27.1518
319.8486,118.0663,18.0381,26.9253
316.4985,118.3244,18.1096,25.6864
312.5173,117.8827,17.3293,24.1160
308.6115,119.0245,19.0522,23.5285
304.8820,118.4957,17.9227,24.2225
302.1511,117.8270,17.7908,24.7443
299.0553,116.9337,17.5363,25.3704
296.7158,116.6163,17.0139,27.5538
293.5618,115.3554,16.5448,26.4730
290.9814,116.3189,16.4176,25.3182
287.1915,115.5831,16.7574,25.2873
285.1922,115.9258,16.5460,25.5587
283.1836,114.5205,16.1538,26.4386
278.9102,116.4052,17.3567,25.9226
276.0135,116.5930,17.9616,26.6431
274.1629,116.9096,17.0441,25.1587
269.7041,116.0480,16.9553,24.1891
267.3236,116.6661,17.0285,24.1048
263.5703,115.5662,15.8971,23.9652
260.9113,116.6557,15.5179,23.5050
256.5223,116.1011,15.4473,23.5364
250.6467,117.3993,17.3145,24.3059
245.9911,115.6986,17.6484,25.1987
241.3011,115.9459,17.3589,23.7485
236.7813,115.1308,16.6879,22.8525
231.7930,115.7332,16.0223,23.8824
228.1385,115.3249,15.8543,24.0948
222.0718,115.1763,15.3803,24.3421
216.8306,115.7238,16.6213,23.7545
212.1695,116.3686,17.4579,22.7915
206.7076,116.1170,18.2075,23.8290
203.9257,118.2269,18.2287,24.3110
200.3109,118.3845,18.0410,25.4696
197.0872,117.6020,17.9776,24.2303
192.4123,115.8009,16.9431,22.7746
187.3982,118.1500,17.4110,20.5960
182.2226,117.7950,17.4692,20.4335
179.2103,118.3708,17.4181,20.6860
173.1898,118.0939,17.0862,22.2298
167.7543,119.2878,16.9120,22.6614
164.4599,119.7025,17.6891,22.3147
159.7793,121.7036,18.2331,22.6218
157.6700,121.3546,18.4910,24.2425
154.0062,121.9592,18.6091,24.1082
151.7716,122.8448,19.4795,25.8709
149.9465,122.5793,19.2581,23.3816
149.8395,124.1907,18.4160,21.7796
148.5238,126.2175,18.8390,22.1968
148.6913,126.0933,18.8241,22.6223
150.8808,127.2395,17.1246,21.2039
151.5837,126.8215,16.3695,22.0942
151.3658,127.9841,16.1177,21.8271
152.8929,128.5226,16.7248,21.1543
155.3240,126.3644,17.2517,19.9342
159.4402,126.7762,15.6987,18.1421
161.3695,128.4767,14.5893,18.8175
162.1769,127.8328,14.5166,21.1778
164.2211,129.4853,15.3541,22.2880
164.3004,128.2324,16.3138,23.3755
164.5634,131.9925,16.7079,23.6202
166.6572,132.0458,17.3385,24.4879
168.2904,135.1002,18.2431,24.8450
170.8853,133.6727,18.5506,24.8594
173.4722,135.3601,17.8534,24.7206
175.8533,135.4564,17.6126,23.5439
180.3249,136.9596,17.1952,22.3222
184.8958,137.0983,16.8598,23.0126
188.1098,139.5725,17.7221,22.3742
193.3122,139.1027,18.6045,22.9186
197.3136,140.5010,19.3245,22.7007
202.2413,140.5666,20.1761,22.5204
206.8148,142.4483,20.1852,22.2911
212.9640,141.6706,20.8508,23.0525
217.1259,143.1888,22.1552,23.6583
223.5779,142.9784,22.5371,24.6259
229.2951,144.8515,22.5174,24.6232
234.4579,144.0293,23.4837,24.2351
241.0263,144.1077,21.8985,22.8531
247.7094,144.9212,22.2165,23.4450
253.6061,146.6938,21.4813,22.9403
258.2537,145.5204,22.2643,23.8491
265.8693,147.3968,19.9831,23.8165
269.1859,144.9274,20.7653,24.9801
273.0138,146.2812,21.1590,25.1059
276.9860,146.0638,20.7796,25.1064
281.7685,147.2488,20.6325,24.8779
286.1693,145.9978,19.6226,24.6883
288.9451,146.6271,19.1218,24.6186
292.0531,145.6432,17.6551,24.8269
293.9273,145.3533,17.4911,25.1802
294.7765,144.4411,17.7355,25.3831
294.6186,144.5029,18.2300,24.6696
296.6474,143.1923,17.5771,25.6141
297.3739,144.1532,17.8109,25.1179
296.6513,143.6531,18.3438,25.2876
298.1337,143.8028,17.4636,26.2576
298.8813,142.8757,17.6169,26.5145
299.1448,142.3176,17.1048,25.4735
299.5616,141.0174,17.2217,25.5744
298.1169,142.5737,18.3522,24.9415
299.4260,140.4463,17.5270,25.7040
299.0891,141.1607,17.7049,24.5241
298.6110,140.9450,18.0022,24.3614
298.0048,140.5976,18.6253,25.0956
298.4255,139.3913,18.7558,24.4700
299.8214,140.2498,18.3830,24.0375
300.6077,140.3221,18.5172,24.2675
301.6877,141.1419,18.7861,24.0310
301.2631,139.3125,19.4532,23.8889
303.1430,141.5759,19.1597,24.0641
303.1663,139.1226,19.4773,24.1027
304.9503,139.9514,18.8679,24.7213
305.6104,139.1009,18.5453,24.5800
306.1198,140.3378,17.9130,25.6952
305.6264,138.5293,18.1913,25.2632
306.1369,138.8791,17.8683,24.7827
305.3004,137.5649,18.4242,25.0163
305.7760,138.5592,18.4616,24.9437
307.5678,136.3592,17.0696,23.9599
307.2190,136.6251,17.0241,23.6832
307.9205,135.6190,17.1828,24.9919
308.2589,136.2407,16.5910,25.5675
308.9545,136.1637,16.7801,25.6571
308.5527,135.4312,17.9067,25.8405
309.7766,135.5870,17.3528,25.6995
310.7461,135.6898,17.0016,26.2668
311.1140,135.7733,16.8911,26.4922
310.6846,133.7961,16.5523,26.8433
312.5611,134.6655,16.1457,25.1285
312.3951,133.6501,15.9376,26.0234
313.2754,133.7554,15.4116,26.4694
313.5836,133.0154,16.1410,26.3262
315.1913,134.2101,14.8365,25.9385
315.6909,132.4019,14.6974,26.3073
315.5379,134.9733,14.2954,25.9807
315.8412,131.6891,14.7102,27.2623
316.4426,130.9670,14.3591,27.4399
317.5530,131.4776,14.0046,27.5768
317.2092,132.5861,13.8135,26.1061
317.4629,131.9241,13.8464,25.9604
317.4539,132.0215,14.3049,25.4555
317.8704,131.8731,13.9522,24.8338
317.8076,130.9667,13.9277,24.9495
317.5701,129.7610,14.4821,25.9078
317.4211,130.2637,14.6058,25.7042
317.3759,128.5777,14.3426,26.4930
317.4760,128.7477,14.2129,26.5572
317.7375,127.4284,14.1175,26.4872
318.0189,127.8061,13.5808,26.8739
317.4865,126.7642,13.8790,27.9690
317.8515,127.1554,13.7162,27.6852
317.0812,126.8276,14.0719,27.6856
317.3273,128.3941,14.1929,26.8733
317.5559,127.5045,13.7761,26.0731
317.6605,126.7733,13.7403,27.3466
317.5026,125.5049,13.7487,27.4019
317.6955,126.3548,13.8468,27.6376
316.9633,124.6815,13.2510,27.9196
315.3041,125.3635,14.0022,28.6545
314.3066,123.6422,14.6149,29.0785
314.4198,124.6556,14.2973,29.2066
313.6978,123.8551,14.7804,29.8075
314.5182,123.3426,14.1719,29.6989
315.2104,123.4291,13.8138,29.6287
315.2041,124.3022,13.6326,28.4684
314.7532,123.8500,13.3146,27.7776
315.8297,125.4024,13.0867,28.6703
315.2831,124.0512,13.1703,30.2730
314.7587,124.5225,13.6110,29.6915
314.1129,123.8453,13.6661,28.7439
313.6286,124.2042,14.3395,27.9735
314.1052,124.2627,14.0409,27.2417
313.7959,124.0545,14.6416,26.8874
314.1696,123.8298,14.5326,26.5030
312.8846,123.7918,14.5686,26.0018
312.4421,123.1034,15.0770,26.2302
312.0993,122.7828,14.5469,27.1007
311.7927,122.0034,15.1433,27.6796
311.1755,122.8745,15.0564,27.0646
310.8808,122.6908,15.1355,26.7017
311.2200,122.8208,15.2174,26.2444
311.1230,122.3355,15.0771,26.1675
310.3452,121.4634,15.2107,25.6098
310.7369,121.8551,15.8166,25.7487
310.7128,121.0549,15.3845,24.9626
310.9489,121.1340,16.1651,26.0919
309.9091,121.0769,16.8393,26.5547
311.8795,122.1638,15.4364,25.6494
310.2405,118.1000,15.9239,27.2463
310.9485,118.2662,16.2924,28.1934
311.6595,119.6259,15.2590,27.9708
311.4684,120.5623,15.9267,27.8536
313.6461,118.7425,14.8472,29.0317
312.9010,119.3256,14.9485,29.6741
314.3527,118.0153,14.6346,29.0217
313.9774,117.7975,14.8699,29.5982
314.4993,117.8751,15.4505,31.0491
315.2712,118.5557,15.4208,29.1104
314.4727,118.2658,15.2270,31.0929
314.6605,116.5375,14.4170,30.1921
313.7783,115.6789,14.7830,31.6300
315.4169,116.3717,14.8444,28.5920
314.0865,114.0883,14.4816,27.9001
314.6582,114.5362,14.9036,28.2702
313.4863,113.2535,14.9382,26.9426
313.4322,116.1990,14.7681,26.5190
308.1230,111.2416,13.7911,27.8955
308.4792,109.5469,13.4848,27.1210
310.1056,115.3101,13.9492,27.1489
308.8489,113.1808,13.7899,29.9927
308.6479,112.0744,13.7677,29.4017
310.1527,114.3015,12.8616,27.8458
310.5597,112.3739,12.1724,27.5888
311.1725,113.0314,11.6278,27.1043
310.3857,113.3591,12.4432,28.3119
310.6170,112.9767,13.3835,28.6619
308.7859,111.3283,13.8020,28.3298
309.6514,113.2902,13.0521,30.6591
307.9501,110.8625,13.7276,29.8810
309.5162,111.0344,13.5417,30.1255
307.7906,110.2051,13.6782,29.8324
306.4106,111.7162,13.4986,30.2387
303.8927,109.0152,14.8803,30.7284
304.7333,111.0077,14.0744,31.9656
303.7027,110.4126,14.1603,33.5711
301.1328,110.4570,13.8687,33.1980
298.1537,109.0012,14.7361,32.9258
295.7774,111.0070,15.1615,31.8669
295.6092,110.6235,15.0736,31.2097
293.4012,111.2436,15.3868,28.5895
292.3287,111.1678,15.3985,27.2380
290.9517,111.2097,14.8107,25.2849
290.9349,111.6400,15.0865,25.1087
289.5124,110.3241,14.5063,24.6008
287.2055,110.3488,14.6472,24.1093
286.5316,110.8823,13.7786,22.0097
285.6889,112.9637,14.0917,22.4299
283.7385,110.3588,13.5671,21.7365
281.5852,107.8229,13.6555,23.6232
281.0763,110.1926,13.3223,23.0658
278.9870,109.9640,14.0020,22.2695
277.8831,112.5976,14.4152,22.3511
275.5174,112.0008,14.2025,23.2584
274.4578,111.4614,13.5775,22.6615
274.5777,110.0409,13.2221,23.4917
271.6736,112.5203,14.0002,24.8772
270.3213,110.7262,14.1773,25.0503
268.9277,112.4853,13.4861,23.9558
267.4285,109.4766,13.6422,24.8904
266.3245,109.6357,14.1037,25.7163
264.3401,107.7317,15.9801,26.6887
263.6581,108.7330,14.8786,25.4487
262.2622,108.8122,14.9952,26.4631
260.4016,109.5053,13.8351,27.6321
260.2528,108.1217,14.4564,27.1893
259.0895,109.7443,14.2451,26.7459
257.2508,108.0748,14.2737,27.4911
256.6846,110.4963,13.4898,26.9108
255.5191,110.6422,13.8839,28.0866
254.5260,112.2459,14.0023,27.8231
253.0743,109.8263,14.3980,28.1668
252.5796,112.6365,14.7553,26.6670
251.4160,111.0048,14.8729,25.8150
250.7977,113.0274,14.0951,24.9317
249.5983,111.4032,14.6712,25.2607
248.5599,113.0785,14.3611,26.8441
247.3898,110.1832,13.8049,25.8319
248.1082,111.0333,13.5348,24.7701
246.7350,110.5735,14.0979,24.5442
248.6130,111.2926,13.8524,22.7228
246.2632,109.4850,13.9327,22.3454
247.4584,110.1596,13.4673,21.2230
247.3374,110.1517,13.1881,21.6375
247.6770,111.8648,12.8958,21.3517
246.2775,109.9074,13.2602,21.1335
246.6240,111.9417,12.9538,20.6140
245.3105,111.5887,13.5046,19.2748
244.7409,112.1681,13.7672,20.2095
245.6038,112.2322,12.6003,19.2978
247.2574,114.1694,11.7904,19.8812
245.9270,112.2990,12.8398,18.3715
247.0307,113.8741,12.8104,19.6848
244.8555,115.0442,12.6081,18.8437
243.5356,115.1489,13.0753,20.1014
242.6581,115.8323,12.8429,18.5285
243.5708,114.2968,13.3840,19.7899
242.3913,115.5359,13.1795,18.9141
240.8604,117.2634,12.7331,18.5411
240.3343,115.6264,13.0310,18.0381
238.5053,116.8152,13.2468,18.8562
237.3985,116.4229,13.5821,18.4560
235.4292,116.7318,13.5334,19.1110
235.1777,114.9035,13.0040,19.7284
233.3731,116.3771,13.7687,19.7107
230.7641,114.8232,15.8060,20.5884
230.4829,114.4707,15.4264,21.1417
228.9071,113.3011,15.5557,20.7007
227.2177,115.1913,16.3952,21.2811
226.0601,113.8463,16.6509,21.5932
226.7464,115.1437,15.2190,20.7722
226.6172,114.4828,13.6986,19.7429
226.9618,116.2459,13.4760,20.0964
225.7039,114.4404,13.0439,19.5035
224.3090,115.6249,13.4818,19.4815
219.6255,114.9905,14.8920,19.7553
219.2501,116.5384,15.0677,20.4940
214.1120,116.5925,15.9149,22.8272
211.1975,116.1839,16.2564,24.5482
208.2377,114.3621,16.2527,24.9525
206.3203,117.3232,16.9872,25.1571
203.0672,116.4648,17.0377,24.2413
201.2003,117.5403,17.6363,24.2494
198.1669,118.0023,17.9132,23.8232
195.1314,120.9067,17.1376,25.0004
192.2610,119.9926,16.6112,24.1816
190.9096,120.0524,17.4696,25.3340
187.6880,119.5999,18.1068,24.6149
186.0651,118.0659,18.3804,25.2492
182.1111,117.9544,18.1380,23.8058
178.6929,118.9640,18.2430,23.8636
177.0409,114.9435,19.2586,23.4029
174.1778,115.9588,19.0182,23.4980
171.0698,114.2431,19.6056,23.6160
169.2309,113.4261,19.0523,23.7818
166.8180,112.9386,19.1915,23.7764
164.9211,114.7520,18.2261,22.6005
162.0855,113.6637,17.0396,22.1123
161.0902,114.4148,17.3085,22.2863
159.5619,113.0913,16.8387,22.8288
158.6954,113.3742,16.3162,21.9637
157.1371,112.9426,18.2120,21.7351
155.3069,112.2892,18.9976,22.9768
151.3483,112.4930,19.1835,21.9870
149.5542,111.6548,19.8745,21.7215
147.3802,112.5240,19.5017,21.6977
144.7516,111.2366,19.8900,22.2246
142.9964,112.4801,19.4207,21.7057
140.7117,112.3753,19.4765,21.3518
139.5749,113.1298,18.6065,20.9989
137.8013,111.9483,17.9878,20.8966
135.4472,113.5814,17.6746,21.1285
132.8877,113.1456,17.4510,20.8356
130.2207,113.4415,17.9896,22.1219
129.9299,114.0772,16.7368,21.7568
127.2301,114.8317,15.8151,20.3213
123.9616,114.1877,14.9664,19.6793
119.7474,113.7889,14.6346,19.9241
114.4626,112.3353,14.7974,21.5747
111.0767,116.3885,14.9858,24.4894
105.9194,113.5914,15.4373,26.1214
104.9540,114.6579,15.0179,25.8887
106.5154,117.5070,14.3742,27.0742
102.8590,115.6643,13.9732,26.1377
99.0301,115.5655,14.4470,26.7073
95.0375,117.0330,15.4284,27.8969
90.1745,114.7641,16.7179,28.1038
85.7818,117.4966,17.9955,30.0595
82.3976,115.0731,18.0651,30.0973
78.1261,116.4304,18.7894,30.2375
73.7966,113.1666,18.7304,29.8720
68.8136,113.9478,19.2865,28.5367
65.0965,113.9281,21.4559,30.7667
58.6206,114.2372,21.6878,30.5022
54.6872,112.9036,22.4143,29.6069
49.6537,113.6028,22.6257,29.3661
42.9522,111.5230,24.6726,28.6101
37.8061,112.5272,25.9463,28.6065
32.9324,112.0241,25.4547,28.7812
29.3293,112.2221,25.0552,29.6025
25.1387,110.7640,24.0092,29.1119
21.7515,112.7593,24.2505,30.2716
18.0300,112.0026,24.2592,30.1315
15.0137,112.0096,22.9787,28.5873
