1
227.5130,135.7109,56.8913,72.0816
227.2066,136.3766,56.5427,74.7526
224.3995,136.7835,56.3514,76.8499
223.6024,133.5248,55.3893,74.1899
220.7819,131.0789,57.4477,74.2159
215.3601,128.5899,60.0473,73.1162
213.4077,124.0713,59.4348,70.3159
210.5252,118.1500,59.1850,68.1061
208.3084,116.1615,61.5034,71.1102
204.2443,112.3720,61.5388,73.7980
198.0207,106.2366,62.3653,70.9703
194.8121,100.4520,61.2739,67.2106
194.8284,98.6577,60.8482,67.9469
192.3186,93.3681,60.1571,68.8594
191.8366,87.9143,62.0996,67.2398
190.1109,88.6844,64.9187,69.5215
187.7238,87.5471,66.4955,72.7390
188.5895,84.9642,70.6273,74.6266
187.4550,86.3872,68.7787,72.4971
189.8044,85.8186,70.1884,70.9283
191.1722,86.2516,73.7665,71.4756
191.6206,89.1129,71.6867,70.1965
191.7686,92.4732,70.5045,69.0178
191.7061,96.8363,71.3376,69.8022
191.9375,99.2249,70.4710,72.4294
194.0530,102.1042,68.1250,72.6176
195.3674,104.0360,69.7247,74.1179
196.0048,106.4495,66.7805,75.4408
201.3823,105.4401,68.2795,72.1949
202.2619,106.3172,68.2634,69.8022
203.1034,104.8074,64.3926,69.1182
204.9038,97.3285,66.0145,69.1687
204.4627,90.6193,67.0135,70.8389
204.1882,83.7446,64.0745,73.7714
205.8976,79.2647,62.8979,73.2300
209.3848,75.8868,61.8291,71.9298
211.2028,74.3240,59.5659,71.8901
214.5371,72.7053,63.8569,70.9915
214.0029,71.7198,65.5198,71.1014
216.3320,72.6191,69.5161,71.1464
215.0913,74.8488,72.9541,72.7224
215.8345,78.2581,72.3427,71.8759
214.8629,83.0928,71.3761,70.9363
213.7310,86.4422,72.2799,71.8828
212.7368,93.2103,68.6069,71.4279
213.6771,99.2970,66.3509,71.1788
215.9296,105.4447,65.6737,71.7486
216.9561,112.1726,62.9158,71.3499
218.0551,117.6294,63.8954,72.5236
220.5439,121.8458,62.9435,73.2189
221.7173,124.7937,64.5612,74.9124
223.4667,122.6756,65.5735,74.7336
225.3474,117.0931,66.9596,76.1372
228.1698,112.3456,66.2884,76.1529
230.7701,106.7716,65.5166,76.3931
233.5810,100.7818,63.8829,74.6576
232.2965,91.6112,66.1781,78.7027
230.5481,86.0005,66.8899,76.0533
230.3869,80.2070,66.1475,73.5043
233.3297,84.0612,62.6638,69.7311
234.5259,90.1612,64.7306,68.4519
237.2661,96.0458,66.7087,69.5105
238.3622,99.9251,66.4764,68.6080
240.5845,102.8178,67.5188,69.7737
242.2194,99.9300,65.8904,67.8411
242.0988,102.5428,65.0876,66.6170
242.6640,102.6689,65.1798,66.1938
242.7622,100.7654,64.8475,66.8039
241.7358,101.5868,66.9485,70.2925
243.7800,102.8193,64.6734,72.8641
244.3265,105.1841,64.0846,74.0951
246.1664,108.9573,63.5702,73.0617
244.8473,111.4139,66.0310,76.4024
244.6236,114.2328,69.0643,75.5831
244.0676,112.1304,71.2966,75.9497
244.8405,111.0200,71.4521,79.4198
245.7163,107.2007,70.5893,79.1494
248.2548,102.0349,68.5958,81.2236
250.5097,92.3649,67.8571,81.2818
252.3826,83.7912,66.3488,86.8877
253.2959,73.6476,68.3772,84.6259
255.4464,65.0519,67.7060,82.7138
254.8506,63.0899,67.5647,76.6393
255.1883,61.5232,66.9285,74.4507
254.8406,61.6536,68.1652,75.3265
254.9984,60.7233,71.8540,80.5684
252.8744,59.3515,74.0646,83.2419
253.6786,60.0500,78.5434,91.9582
253.6620,65.9081,78.6119,98.2010
255.9748,68.9915,83.5979,101.4475
258.5212,75.5082,92.2168,102.0245
258.1646,70.2756,90.5611,102.5816
257.3110,77.5503,85.2384,109.1713
252.1428,79.5021,79.5664,106.0832
252.0461,79.2330,74.7674,99.2379
251.7004,82.2849,71.7509,92.5745
250.3759,88.7143,70.9721,83.9559
246.6242,93.5439,72.7089,80.3135
241.0484,94.2408,74.6825,79.4910
236.4385,92.8073,75.2278,81.9448
232.1892,89.1100,74.4752,88.7645
233.2628,81.2506,73.1460,97.8969
234.7952,67.9575,72.3830,93.3950
240.6722,57.0020,67.9835,89.0144
244.0485,49.9410,66.0720,86.8855
244.5434,51.3839,66.6507,79.8296
246.7529,58.3125,68.4885,82.1116
248.9386,62.0674,72.3213,86.5766
253.0145,76.7191,71.0239,85.4936
240.4814,105.1850,69.6474,83.3487
249.1513,111.3152,73.8351,80.4882
251.3530,101.0184,70.8565,80.7161
249.7446,84.2353,73.5017,85.5043
246.9975,85.5244,73.9215,82.6051
248.8335,83.7378,74.8074,80.8513
248.7367,81.6564,74.5698,81.6250
246.9795,79.8580,74.2429,81.6684
242.2132,80.1407,75.9310,84.4553
244.1299,82.8340,72.6612,87.1350
241.5398,87.6381,71.5332,86.2526
233.0305,90.3195,78.4420,91.7549
229.2963,87.0479,81.8685,92.4559
228.9054,92.1782,81.8189,96.5148
229.1224,88.2085,83.3196,99.2858
231.6989,84.0494,82.6755,104.9814
233.0346,70.3155,82.8063,106.8415
239.2263,63.8639,79.8840,106.9056
245.5155,62.6616,76.0728,111.0567
251.0345,62.6308,73.8158,111.4942
255.9200,59.1874,73.9363,103.6087
257.4575,67.1414,77.4181,93.3605
258.2694,78.4016,82.8659,91.8567
254.9007,90.2825,81.5740,90.0099
257.0468,96.5977,81.4367,90.8116
263.0030,100.2858,77.4798,86.5937
260.3854,96.2211,78.4669,80.2146
261.1147,96.3714,76.2449,75.0666
263.3591,97.9967,80.8309,74.6613
260.6060,97.6838,81.3256,76.7026
254.1248,96.1315,75.6464,79.8695
253.7188,97.2297,73.3950,83.1484
249.8925,99.4110,76.9466,82.7916
243.4538,100.1458,79.9568,85.7395
237.2880,104.0955,81.4555,87.0516
229.5045,107.2528,83.2578,93.3766
226.3268,109.7412,81.2469,95.6369
226.2902,106.5805,78.5693,102.8736
221.5062,98.7942,78.6913,109.8103
229.0721,86.1534,78.3119,116.5981
235.3226,75.3131,75.9470,118.5485
236.1192,83.3649,79.2179,131.2470
236.4687,64.6874,84.0730,124.4801
243.7946,64.7760,88.4574,119.2417
244.6201,64.2227,87.6732,110.6720
235.8923,91.5672,92.8722,111.1566
239.5827,97.4240,94.6487,112.0180
239.5200,101.9471,97.2555,110.7929
240.2139,108.3990,96.7123,110.1686
235.0391,111.7640,94.3653,112.3217
239.9246,110.2260,93.0881,111.7857
235.6673,104.5862,95.5850,111.0837
241.3937,99.3656,91.7916,104.1257
237.8872,93.5931,89.9550,100.6386
231.3452,89.6668,82.5748,91.0779
232.8758,90.9456,78.9956,90.7177
230.1578,90.1388,76.0414,90.8714
227.7434,93.3878,76.2393,96.0058
222.5079,95.3553,79.7326,96.2992
216.6175,100.5701,83.1831,96.2642
213.2242,103.3380,85.1429,96.9621
212.1105,99.7250,82.4843,96.7447
216.3072,94.0380,81.8864,102.7922
219.8749,85.6913,79.4355,110.3570
223.6176,74.7975,75.1281,107.5379
227.4804,69.2490,74.1566,108.4242
230.2063,65.3434,73.5214,109.9183
233.0172,64.3505,75.5562,110.9875
231.4095,72.8817,78.6259,111.0779
233.4186,67.3819,80.3683,108.7775
233.0253,77.9320,80.1921,100.6002
234.9136,81.4532,85.1394,95.0094
237.9187,84.5618,82.7058,86.7403
237.2931,90.0739,79.2174,81.5307
237.3637,93.8228,77.0933,79.7885
238.0068,94.2218,77.0133,81.4787
235.8550,92.5877,74.5621,81.2710
237.1741,93.6869,75.9344,78.4236
234.8834,96.5366,73.9255,76.4690
231.7746,97.8209,73.1173,78.8952
229.5624,100.3092,74.4176,80.6244
224.8297,101.4728,78.9861,84.3720
221.3989,102.5403,80.6690,85.0073
217.0323,104.7400,80.7644,87.8462
214.1541,101.8333,80.8308,87.2786
215.5442,97.8608,79.7769,90.1595
216.0517,91.9896,78.5298,95.4569
216.2512,81.3704,79.0246,100.4045
215.5059,68.7568,77.9628,102.3074
216.9945,57.5739,75.8181,104.1795
215.6315,46.8478,74.2469,96.0487
213.9890,46.2557,71.4356,92.2261
213.2366,45.4007,70.2509,86.7802
213.1951,45.8630,70.1308,84.2165
213.8323,46.6313,70.7341,82.9760
214.0771,49.0097,69.5259,81.0446
213.9174,53.6650,71.2785,80.5824
213.7327,57.0281,71.4690,79.2175
214.5896,61.1622,73.5336,81.5546
213.8448,64.0971,74.7348,81.7383
212.8921,71.1056,77.3222,80.9307
211.6598,76.5017,77.9052,79.3011
210.4738,84.2650,80.6323,82.9757
212.7035,88.3297,80.0637,83.0759
212.5759,93.5952,79.1068,82.7625
215.0874,99.2193,75.8641,82.3466
217.0079,104.6273,74.9963,81.2902
216.5497,106.8516,76.1872,80.2910
218.3152,106.5872,76.5008,78.8025
220.5666,103.9834,74.9370,77.4226
223.7621,99.0166,74.7891,81.0106
222.5984,92.2319,76.9702,80.6736
226.0180,85.9226,75.4940,81.4073
227.4997,79.3303,75.0649,80.3784
227.2161,73.1692,75.4025,80.1668
227.2494,64.7487,73.9584,77.8606
228.8405,56.9657,73.8308,79.2309
228.5753,45.4001,72.0052,77.5352
233.8133,40.0285,71.9938,79.2603
233.8961,33.5596,72.0737,79.2306
235.5799,31.4668,72.0169,78.9348
232.8381,26.7035,70.7247,77.7088
235.3814,24.4361,70.0380,77.1750
235.4326,26.6779,69.4392,76.2146
238.4033,25.2730,71.2895,76.2300
240.8289,27.7519,70.7801,75.3744
244.8747,31.6329,73.8073,78.7217
247.4904,36.8257,78.6644,79.0633
245.4942,44.0550,81.8538,82.0923
240.8562,47.1289,82.7180,80.0105
238.4189,53.8911,84.8642,81.2746
239.2417,56.4404,81.4206,81.1178
236.0700,61.1374,79.4598,82.4064
237.2752,59.0831,80.1493,82.9534
236.3686,58.0021,81.6301,81.8191
229.1918,47.7788,81.2852,81.5395
224.0474,45.4570,80.4449,78.5658
217.2584,41.0787,80.5678,73.5997
213.3020,35.5417,80.7316,71.6864
206.0412,31.4056,79.5578,71.2118
202.8037,35.0530,79.2104,68.8429
203.7451,36.8240,78.8923,70.4958
202.9306,38.6874,77.2291,71.0040
200.4391,39.1603,76.5158,74.5351
196.9647,40.1051,78.0497,77.7289
192.6765,43.3738,78.5811,78.2601
188.6359,45.9816,78.3643,79.1294
184.6857,48.6448,77.6155,78.8444
180.5355,52.6859,77.6635,79.0012
176.7530,53.4236,77.9319,78.9329
172.3108,59.9741,79.9406,80.5001
171.5600,63.1216,80.7640,81.6353
167.9201,66.8397,79.6127,84.5360
164.6029,69.9270,79.7548,84.0435
162.0796,75.8195,79.3928,82.8131
159.4460,72.8830,77.1991,80.5068
159.6130,71.2980,77.0197,80.7470
167.2827,72.2353,80.1003,80.8775
172.5754,65.4361,81.2898,82.3406
174.2277,55.5448,82.3136,83.1953
177.0289,47.4751,85.4396,86.1758
181.2512,43.0356,84.5706,85.8524
183.9600,39.4530,83.6731,84.8406
188.9783,38.0130,82.1100,81.2898
192.7610,34.1097,80.4145,79.8796
195.1731,33.1901,79.5148,76.6377
201.2763,26.2326,78.2328,76.9712
204.3058,25.2378,76.7816,79.2875
207.6797,31.5065,78.6282,80.5539
211.6319,32.4221,80.8802,82.9133
212.7921,28.0876,79.8323,81.9289
213.5615,23.0751,79.4517,81.7044
217.6572,23.5027,81.0911,81.7823
218.9229,35.7845,83.9468,83.0923
214.4457,36.6704,84.2824,85.2036
220.8631,43.7434,82.9836,85.8604
220.6048,49.2209,84.4518,87.2228
216.1235,64.2625,85.3373,82.0296
217.3463,73.9673,83.5421,85.6283
219.6690,78.7249,86.7275,87.7909
215.1368,77.4423,86.9071,88.4968
210.2881,66.0469,86.0806,89.1549
206.0643,45.5847,85.1197,91.8444
202.8675,36.9828,83.5061,88.1759
195.6615,21.3466,84.1999,86.8155
189.3369,17.4809,82.4966,82.2844
182.6246,17.0313,82.4436,78.4988
178.2581,14.3383,80.3174,73.2228
174.4781,18.7373,75.3152,77.8502
174.4090,15.2520,70.3164,82.3771
175.1917,26.2434,73.7387,88.6637
171.8210,30.6363,80.1802,89.0769
170.0802,33.8094,83.6458,93.0272
166.7009,35.9536,82.3045,96.7993
166.0533,41.4002,82.2144,91.2993
160.6549,43.8401,83.1703,88.1670
160.4866,47.7090,80.0329,85.9723
155.6734,51.4768,78.2014,84.2507
153.0007,55.7089,75.9574,83.7276
151.7826,63.1244,76.0742,84.1279
150.6100,71.4702,75.3074,82.9162
148.4669,75.6874,76.1697,80.6484
145.9479,76.8736,76.9076,77.6141
145.7045,79.8956,77.7939,75.2404
147.8335,73.5740,77.7820,75.5139
150.7301,64.7778,78.4819,77.8717
154.7205,51.5170,78.3656,81.0568
158.1239,41.7560,78.3258,86.6132
164.3218,31.6569,75.5284,86.8875
168.2948,24.8176,73.5488,88.2099
170.4383,22.8478,73.7496,86.7321
174.0722,20.4368,74.2699,86.3444
177.3208,18.8742,74.3688,86.4247
179.5429,19.9865,75.8021,85.6705
182.2916,22.4818,77.0264,82.9981
184.4048,19.7854,75.6317,84.0544
186.8691,20.6859,74.9072,85.3459
188.5161,22.0819,73.9641,87.3639
189.5751,23.6956,73.3055,89.2570
188.9856,24.8596,73.7468,90.1605
191.0023,29.8635,74.1706,90.5940
189.5288,34.4595,74.3611,87.9495
187.9752,42.5594,76.4404,89.0877
189.0120,47.6881,77.1879,90.1607
188.4220,50.3443,77.2493,90.7694
186.5330,53.9514,76.5197,92.2695
186.6322,58.1063,77.9110,90.5180
186.7024,57.8436,76.8332,90.6993
187.8288,57.1625,77.1263,91.6020
186.0908,53.6646,79.3292,94.7543
184.3780,43.5919,81.8687,94.6109
184.9243,38.3841,83.1771,92.5935
186.1071,32.9790,82.7687,92.6190
185.6677,29.2840,81.3034,90.6409
184.5021,31.2445,79.8359,91.2163
184.7204,29.7389,79.3025,91.1382
182.9280,30.4743,79.6502,90.9580
181.8368,32.0720,80.2678,91.9333
179.9702,31.1889,79.7570,93.9545
178.4072,33.4003,79.0523,93.0361
178.3207,31.1474,80.6558,95.6510
176.8596,29.8402,79.3117,95.5940
175.5747,31.5553,81.3136,97.9300
173.8814,33.4533,81.7287,97.2341
170.6910,36.3637,81.5217,93.2748
167.2827,44.8532,81.5794,93.1863
163.1486,51.1484,81.4242,93.2611
160.7345,57.6810,79.9054,91.8997
154.5168,69.4294,80.4326,93.9726
149.4097,76.6997,76.7502,89.9668
147.5281,85.8793,75.4449,88.4455
143.0644,90.5627,74.6087,85.3236
142.4175,96.0064,74.0804,85.8052
141.3405,102.3767,74.2179,86.2809
139.0564,105.6373,74.5902,90.8487
