1
150.6434,67.5937,43.5454,56.4174
150.4775,67.4264,42.9275,56.7436
150.4782,67.5994,43.0919,56.6451
150.9420,65.7914,40.1479,59.6608
150.9425,65.2017,40.1382,59.6391
150.5291,64.1405,39.9192,59.8084
150.7149,62.7842,39.7318,59.6108
150.9194,61.5923,39.6630,59.5914
151.4445,61.0779,38.3592,60.2370
152.8879,59.6588,37.3523,60.7170
156.8834,56.9337,37.1361,59.7454
159.6203,55.2732,37.4244,59.4370
161.0343,52.1631,37.4314,59.6345
163.6277,49.9353,39.3931,59.8716
165.2127,46.2206,39.0002,61.1631
167.6448,45.7460,38.6127,61.8486
171.7488,46.1316,38.3143,61.9658
176.9797,49.9257,40.2961,61.2589
180.7038,59.9103,44.1615,58.7160
182.8332,60.5753,48.7835,62.0951
187.0683,59.1357,49.3019,62.6574
195.0719,59.8563,47.4885,60.0974
205.0828,66.1284,45.1357,57.2087
209.4186,66.2245,44.9333,57.6542
213.6858,66.5264,44.3768,59.3119
217.5279,66.3033,44.2763,59.9375
219.6561,74.6783,44.0368,55.7106
217.9252,81.9521,47.6355,51.6939
221.2995,83.1986,49.3468,50.4261
221.8667,84.1593,50.9649,51.6459
223.0262,90.4218,50.5063,51.7522
222.6353,94.9272,51.1768,50.1905
222.8246,99.9016,51.6315,47.1672
220.7097,103.7414,50.6385,44.5673
213.9109,104.7183,51.6933,43.3105
212.8949,105.7935,51.3964,41.6918
200.5643,100.8108,52.1600,40.9642
183.0126,94.7330,56.8824,43.3690
173.4100,92.9394,55.8595,51.4474
170.0412,77.5327,53.8514,57.4453
163.1784,80.1527,52.1624,59.4478
166.0827,75.5648,48.7070,57.4870
157.3754,66.5814,47.7789,54.4607
146.0757,61.5975,47.4233,48.7541
133.9883,56.2458,47.6360,45.1154
129.2601,52.0331,46.2659,45.2705
120.1997,47.7032,46.1558,44.9849
113.3970,43.0483,46.5707,44.5103
104.6475,41.2560,45.6373,45.3885
96.4266,39.1162,43.4848,46.5241
89.7097,38.3478,40.9871,48.4157
83.3294,36.8411,39.5965,49.8836
78.2307,38.1597,39.0964,50.9035
73.1148,39.0010,38.3449,50.7021
68.5665,39.7669,38.0308,51.4149
64.3488,41.0298,37.4034,53.8178
61.3864,37.5041,37.6406,59.3817
54.1440,35.6764,40.6957,62.3544
46.2863,38.9053,44.8030,63.6794
43.3473,40.5872,48.1164,64.1429
43.7121,45.9701,52.0444,61.9423
43.1809,50.5505,57.3799,60.4718
52.8867,54.1004,60.4433,60.6662
66.8441,54.6797,59.1125,62.9282
87.5178,64.1302,52.9427,68.5515
102.8621,65.9903,53.1169,64.1820
127.1302,69.4412,49.9610,65.2860
144.6940,67.6850,47.5954,66.3606
156.6211,68.3267,44.5979,71.0716
169.5905,77.2320,44.1283,70.6141
175.6512,74.7816,43.8915,68.3595
180.7549,91.9479,47.7811,69.1748
184.0267,84.9452,46.8866,65.4308
197.0854,70.0704,46.2289,65.9393
212.4519,66.1090,42.5308,69.8377
214.2983,75.9364,38.4007,69.0049
214.1420,76.1366,35.8413,65.8367
206.1327,77.6481,38.8779,62.8215
201.1684,71.1759,40.5317,65.4150
193.4311,85.9745,45.8172,65.1552
192.2977,77.5360,48.7164,66.7442
184.4697,76.5507,51.1011,67.5584
176.4258,71.6395,53.3975,68.7602
166.7107,69.4105,55.1320,63.0818
153.6503,64.1436,55.5055,56.1761
144.7793,61.0445,52.3159,51.7984
134.9158,54.6200,53.7021,50.8864
126.6852,52.6455,51.2092,51.0048
119.9000,44.1316,49.5512,56.0475
113.6848,37.8877,50.8849,59.4431
109.2720,36.6819,49.8753,60.6103
106.6269,37.2133,46.5184,61.0219
105.0614,35.1216,45.0561,61.8121
108.0652,35.8025,45.1692,62.0484
114.3838,36.5063,45.9117,64.1958
124.0560,42.0912,46.8324,67.5225
130.9807,49.9491,49.6109,71.0820
143.4032,52.3063,51.1334,64.8716
153.4393,62.8380,48.5273,60.3290
172.7263,63.7210,50.7194,57.4395
185.0505,62.5120,47.7346,56.1478
195.7200,72.6683,42.9355,50.3601
204.5808,67.6068,41.0289,52.4010
214.6047,77.1229,41.2690,49.2644
217.9131,86.2270,40.8888,44.9220
216.5957,88.2370,43.8078,42.6732
220.3992,96.2697,44.2776,39.2549
226.4453,103.0304,42.4191,37.3293
228.7588,105.6276,41.1676,38.3093
232.4883,105.6777,39.5161,36.5361
233.7541,109.2630,40.1408,33.5188
234.6863,112.6525,39.7456,33.7588
233.4466,117.1916,40.5222,33.2493
231.9163,125.7756,40.1466,33.6193
231.5354,128.3703,39.2059,36.1411
233.1738,127.3944,37.9362,37.8407
225.7227,126.5971,40.2136,38.8280
223.0897,123.8501,41.9616,37.0271
220.2563,118.9054,45.7200,34.2431
218.6290,109.2437,46.7022,33.0090
216.7052,101.9381,48.2720,33.7083
201.3287,92.9464,52.3913,36.8820
181.2030,93.4995,52.9750,41.8302
176.0162,83.2825,56.0105,45.8804
156.0035,78.0952,60.7257,50.5181
149.7571,69.8391,57.1153,53.5020
145.7850,63.0803,58.5626,56.6216
140.3722,60.7192,58.6081,60.0377
134.4149,58.5303,56.1178,61.1995
131.7915,55.4326,52.9214,62.3191
123.4564,50.4970,49.3095,60.2329
114.0913,49.7371,46.7046,58.2488
105.5506,53.1615,45.7133,58.9242
99.9929,54.0284,42.8157,58.1026
94.9143,54.1927,42.4504,57.8180
93.6646,56.4289,42.0552,58.0046
94.9567,57.8147,39.5439,61.6216
99.3697,60.8900,39.0259,63.8842
108.2036,66.5902,40.5109,63.7998
116.9889,72.3216,40.7742,62.2057
125.8684,79.0548,41.4839,61.3917
136.7489,78.1597,44.7501,56.1228
158.7886,84.2124,47.4188,54.6301
173.4018,92.0521,48.8135,59.3353
174.2342,90.7278,49.5939,61.4624
201.3627,100.4072,52.9126,55.8175
219.9269,100.4968,51.2771,48.6282
222.2399,109.0644,47.9555,45.1663
221.0006,118.4507,46.3465,44.4335
215.9454,126.7852,48.7845,43.0529
211.9283,126.2576,52.8919,44.0731
217.8238,122.9037,54.1051,46.3299
210.4591,127.1317,61.6962,46.5693
220.5742,127.6026,62.7729,44.3955
218.6160,127.6443,65.8092,44.0526
219.1551,131.9146,67.6518,43.7703
214.8079,129.3412,71.5605,43.0553
210.9172,124.5877,75.7237,43.2055
208.1355,127.5589,70.8363,42.4213
201.0800,109.4047,62.8450,45.6828
191.5269,95.3369,56.6322,52.8059
181.2683,96.5992,56.5100,56.8828
184.3633,81.0925,51.8847,61.1466
179.4973,79.1398,54.7848,58.0015
172.7034,69.6067,50.3676,52.7870
167.1057,59.0202,47.5520,50.2225
166.3934,49.2422,44.9561,47.2631
167.3150,45.5911,44.6917,42.7593
168.8548,43.6085,44.2620,40.6398
175.2917,42.8994,42.5047,38.6843
183.5948,39.2165,41.1046,37.0676
192.0672,42.3315,40.6612,36.2124
201.5618,47.3383,40.3143,35.9108
212.3292,52.2225,38.4760,36.6921
220.4948,55.8633,41.2591,34.6237
231.8862,61.3461,39.7463,34.9246
234.9331,65.0274,42.7088,35.9885
238.1840,72.0149,42.5110,34.5775
242.7011,76.3992,41.9695,32.4703
243.2933,76.9654,40.9059,31.4651
239.6192,73.7022,41.0831,31.7516
233.1078,67.6915,43.4432,34.1844
231.7548,65.6256,41.8610,34.5349
230.3903,62.4631,38.4129,34.8477
226.6135,60.7277,38.3112,33.5840
222.8380,58.3327,37.2607,32.6489
218.8527,56.6400,35.9486,33.1737
210.9590,52.2595,35.7916,34.5917
199.9019,48.8626,37.8545,33.5465
189.9019,47.0861,37.9538,33.6679
181.1741,46.5176,36.9382,33.1800
164.9251,47.9772,39.5782,35.2761
152.9412,46.3456,41.0217,37.1569
142.2592,44.5294,40.8763,38.1667
129.1126,43.4608,41.4644,40.1383
122.6440,43.9667,39.2633,42.0289
112.9848,41.8789,38.3906,42.8758
103.1818,43.2550,36.3053,45.6787
94.2679,41.3690,35.0401,48.4367
84.2102,40.7844,33.9640,51.4131
76.9696,41.7099,32.3667,53.6972
71.4153,40.7802,31.0182,55.0708
67.5965,40.5404,31.5138,54.2365
63.0469,45.0298,32.1424,52.3021
60.2810,47.8159,33.1989,52.7646
59.6690,53.6319,34.6972,53.8377
61.1543,59.8187,37.3598,52.9117
64.7517,68.5777,39.0367,49.6929
68.2801,77.9911,41.0215,47.6337
75.1165,92.1727,43.0585,46.8013
82.4713,99.0561,42.1006,50.2078
86.9458,107.5518,41.9397,53.9644
94.6202,115.4286,42.1868,54.2982
92.3300,126.0971,43.0988,51.3667
94.9730,132.4778,40.7098,48.2394
96.5290,134.5275,40.2509,47.7331
97.9912,130.6108,38.2413,49.1439
97.3585,124.1792,38.9056,53.6168
96.7094,119.0087,39.8888,57.4217
99.6919,116.6826,39.5292,59.0113
102.9045,116.7835,39.9427,59.2074
106.1522,116.5374,39.7077,60.5477
112.1151,117.3392,39.3408,59.9488
113.3795,119.5722,36.7018,59.9440
117.6881,118.5581,35.1711,60.4822
120.0232,120.7900,33.4016,60.7418
121.9265,119.2364,33.3845,59.8885
119.7454,116.0109,36.0174,61.4757
117.5968,113.8493,39.1029,60.9378
116.7726,111.5249,41.1653,60.7549
118.7056,109.4168,41.7302,60.3314
118.7342,106.4137,41.0567,59.8757
120.9813,104.9790,41.4330,57.7412
123.4473,103.3726,42.1096,55.7644
127.3339,102.0628,42.1722,54.2800
127.4636,101.2443,42.9354,53.1747
129.6801,98.9237,43.6897,53.2451
135.0941,98.4791,44.9033,51.6277
136.8481,96.2201,45.8837,51.1618
141.3126,94.0709,46.5724,51.5268
145.1909,92.6631,46.5879,51.9386
150.4622,87.0178,46.3578,54.8727
154.8838,81.2076,44.8540,59.4264
157.7155,78.7741,43.7567,61.1687
157.9928,78.2966,43.2404,60.4179
156.8810,78.3980,43.4953,59.9802
153.9980,78.0565,44.5277,59.7315
150.6156,76.1229,44.6846,60.4029
144.1740,71.7665,44.3932,60.1053
135.1672,70.7337,48.0884,58.5646
126.1234,69.4128,51.5091,56.7997
116.7592,69.6890,52.2489,56.7419
110.5331,69.9909,49.8859,57.2816
105.6766,70.0309,48.8412,57.1128
100.4056,70.4056,49.4266,56.0338
97.7044,70.0778,49.4339,55.8889
96.8200,69.2959,49.9358,55.3602
96.2648,69.9334,50.4303,54.8604
97.9074,71.3651,50.9227,54.7859
99.6512,70.6481,49.4989,55.2725
101.7209,70.3271,48.2865,55.7192
104.6099,69.9509,46.5013,55.9573
106.8572,70.1716,45.2414,55.5999
107.4234,70.2021,46.1630,55.3315
108.5116,70.4502,46.0061,55.1365
108.8519,70.0819,47.1572,55.4067
