1
72.6077,125.5894,30.9070,24.8867
73.6847,125.3565,30.7699,25.0042
74.8127,125.6977,30.6813,24.7146
75.5589,125.4240,30.3873,25.1529
76.4037,123.8121,30.5996,25.7919
76.6004,124.5672,30.6379,25.3553
78.0037,124.2994,30.7942,25.5618
78.5304,124.6225,31.0602,25.4490
79.0678,124.9916,30.7783,25.1733
78.8783,124.8143,30.7352,25.1481
79.0201,123.7590,30.6256,25.5937
80.4792,123.9584,30.7283,24.2444
81.0898,123.3148,31.0634,24.4030
81.6562,123.1330,30.6038,24.1126
82.8506,122.1082,31.0277,25.0054
83.9776,121.9468,30.3261,24.3899
82.0582,121.8174,32.0793,23.9627
84.1615,122.1514,31.8731,23.8978
83.7238,121.4890,31.6494,23.6122
84.0765,121.9361,32.0953,24.4325
84.7585,122.2464,32.7901,23.5356
85.9643,121.7221,32.2222,23.9430
87.0598,121.7813,31.3579,24.0040
86.2021,121.9311,31.9648,24.3592
87.9923,122.0716,31.2526,24.9904
88.0926,121.8594,30.4521,24.1999
88.8867,122.9942,30.1636,24.7759
89.7237,121.8387,30.6011,25.9950
88.9627,122.5843,31.3072,24.9520
89.6370,121.7882,31.6989,25.1646
90.2399,121.5823,31.1556,25.3127
90.1407,122.0678,31.5724,25.6816
89.9114,121.6626,31.5188,25.6941
90.3297,121.4387,31.6917,25.6317
91.3041,121.9130,31.0828,26.1841
91.3816,122.0996,30.7695,25.2823
91.5466,121.9290,31.3725,25.4077
91.2728,122.8048,30.8640,25.1040
92.0436,123.2818,31.1388,25.2852
91.3254,122.7120,30.9328,24.8965
92.6947,124.1640,30.6824,24.8849
92.6818,124.8747,30.9570,25.7256
92.3810,124.8683,31.5789,26.7282
93.2092,125.0045,31.6108,26.5779
92.5191,125.9978,32.1337,26.1022
92.2677,125.6492,32.0786,26.1464
92.2585,126.4708,33.3751,25.4777
93.9787,126.7110,33.0911,25.6433
93.5011,126.4890,33.0416,25.6560
93.0277,126.9760,32.9726,25.3112
93.9410,126.1563,32.5917,25.2517
94.5053,127.1215,31.5162,25.5678
94.6401,125.5688,31.3708,25.7012
95.1475,126.7322,31.5374,26.2376
96.0994,126.0258,32.1869,25.9231
95.5249,126.5078,31.4743,25.8871
97.2794,126.9483,31.1364,25.4970
98.8462,127.2982,30.6996,24.7486
98.4694,125.3034,30.5773,24.9253
97.7368,125.2849,30.6627,25.5695
98.2339,125.1704,30.8070,25.5767
98.7405,125.1472,29.6880,25.2078
99.1099,125.2024,29.4709,25.4394
99.3238,124.8667,29.9358,25.6880
98.5187,124.4311,30.5080,25.5109
98.6410,124.3807,30.3669,25.5313
99.4587,124.9948,31.0368,24.5141
99.2427,124.0215,31.9085,25.1244
99.4089,123.7030,31.8092,25.2955
99.4222,124.5439,32.2278,25.3916
99.1878,123.9310,32.6151,25.5501
100.2617,123.9386,32.1152,25.3740
100.1432,123.9314,32.1369,25.7266
99.5288,124.5151,32.4141,25.9035
100.0995,124.9009,31.8861,25.6288
99.9752,123.7657,32.7260,25.7187
100.8085,124.3459,32.6331,25.1870
100.9098,124.9526,32.7806,25.2944
100.7815,124.1608,33.1855,24.9698
101.2649,124.6933,32.8642,24.5910
100.9060,124.8017,32.8974,24.5433
101.3790,125.2276,32.5198,24.2844
101.4080,124.8755,32.0344,24.6629
101.3381,124.6851,32.2137,24.8444
101.6540,124.7502,31.5891,25.4477
102.4780,125.9442,31.0362,24.4347
101.5091,125.0668,31.6665,24.8299
101.9649,126.0703,32.1094,24.3750
101.5665,125.5867,31.9608,24.5424
101.7040,125.1926,31.4168,24.8028
102.1788,125.4309,31.4258,24.2847
102.0028,124.7670,31.9784,24.7344
101.9612,124.7578,31.9562,24.7632
101.9149,124.2629,32.3142,24.9321
101.6585,124.8655,32.5395,24.9834
102.0337,125.3447,32.4242,24.7117
101.9229,125.1199,32.8713,23.9618
101.3621,124.9487,33.6775,24.5226
101.7254,125.5339,33.5021,24.2506
101.7074,125.6416,33.4538,23.8963
103.2890,125.0126,32.4089,23.9180
103.3511,125.2371,32.7631,24.2637
102.4049,124.4445,33.5455,24.8316
103.5519,124.5996,32.8172,24.8883
102.8561,123.9791,32.9161,25.1513
104.1052,124.4320,32.4335,24.7209
102.9169,125.2709,33.1192,23.8605
103.5611,124.3743,31.9941,24.8891
103.0927,125.0362,32.9802,24.7327
103.2347,124.4003,33.2657,24.7378
103.6706,125.0811,31.9518,24.4358
102.4515,125.4622,32.2409,24.2120
103.0808,123.7061,32.1821,24.4875
102.9130,125.3848,32.4759,24.3318
102.5654,124.0328,33.2767,24.5463
101.9804,123.5549,33.9312,24.5343
103.1394,123.3434,33.4382,24.8482
102.4390,123.1071,33.5171,24.8635
103.1312,122.6389,34.0935,24.5402
102.4055,124.1105,33.5669,23.8308
103.3770,122.9153,33.4241,24.1303
101.9798,123.7250,33.8508,23.9436
102.9254,123.5487,33.6776,23.8426
102.9803,123.3580,33.4175,24.1580
104.2474,123.0551,32.3796,24.4916
104.3159,122.5348,31.9142,24.5504
103.7751,123.2691,31.4580,24.0862
103.6062,122.1438,31.7805,24.6618
104.6208,123.3497,32.2751,24.6837
104.1536,123.2735,33.1691,24.2931
102.7144,123.9584,33.3013,24.0106
103.8963,123.7146,32.2141,24.1146
103.9543,123.5546,31.9649,24.3188
104.5752,122.9954,31.4443,24.4998
103.2512,123.7265,32.0908,24.2572
104.8422,123.1419,31.3939,24.7708
104.3630,123.2070,30.7482,24.2714
104.2305,123.1453,31.3246,24.3331
105.0604,123.2421,31.0965,24.2217
104.3205,124.0592,30.8692,24.3819
104.9518,123.5112,30.7856,24.3410
105.2324,122.5010,30.5912,24.4782
103.9347,122.3914,30.7415,24.5463
105.4377,122.0061,29.8202,24.6420
104.9202,123.6088,29.7032,24.4263
104.4095,122.5980,30.3447,24.3635
104.4638,123.3508,30.7095,24.3925
105.0816,122.6057,30.5447,24.1169
103.9027,123.4657,30.3756,23.3539
103.7063,123.1577,30.4836,23.4272
104.6917,124.2704,30.6503,23.0501
104.2162,123.7726,30.3703,23.4231
103.9146,123.4952,30.3887,23.4218
104.5319,123.0987,29.8223,23.2512
105.3655,122.9973,29.5048,23.3332
104.4797,123.9380,29.3284,23.1541
103.7727,122.8510,30.0904,23.4252
103.0974,123.5677,31.4121,23.1816
104.8529,123.6213,30.9771,22.9096
103.7136,123.4128,31.3069,23.3902
104.8301,123.5035,30.5919,23.3757
103.9586,123.6749,30.8703,23.3793
105.2499,124.7207,30.5833,23.6582
103.4945,123.4397,31.2490,23.6195
104.9170,123.4085,30.0433,23.9263
104.8893,124.2111,30.5620,23.2496
103.8700,125.3243,30.3992,22.6849
104.7286,124.7161,30.4958,22.6021
104.6648,124.3985,30.5441,23.2134
105.2278,123.5738,30.2922,23.3834
104.4841,124.4176,30.6012,23.3239
106.4691,123.1728,29.9488,23.7376
104.6393,123.3811,30.0216,23.6003
104.8378,123.2995,30.3236,23.2478
105.4767,124.1901,30.2358,23.4222
105.1798,123.6878,30.0412,23.0666
105.3144,124.4932,30.6089,23.1964
104.8085,123.0157,30.4027,23.3382
105.4377,123.9956,31.3957,23.4097
104.3861,123.5748,31.9324,23.8011
106.1567,122.8775,31.5751,24.2026
106.6642,123.9439,31.3051,23.9147
104.8158,123.3863,32.0102,23.6874
104.3198,123.3603,32.7119,23.6916
106.0714,124.3340,31.9935,24.0498
104.2326,124.3848,32.2191,23.8263
105.1630,124.5814,32.9275,24.3143
104.8916,124.1446,32.7027,24.5328
103.7142,124.8788,34.1671,24.5265
105.0362,123.5935,34.5010,25.1549
103.5143,123.7182,35.3614,24.7647
104.7499,124.3645,35.7874,24.1779
103.8861,123.9824,36.1609,24.4186
103.4939,123.8628,36.4225,24.3370
103.6289,123.0380,36.5075,24.2977
104.4342,124.6543,35.4578,23.4188
106.7749,123.9428,35.1356,23.7147
105.4759,123.7470,36.1200,23.8057
105.5725,124.1260,37.2360,23.0644
108.9311,123.1074,34.0079,24.0035
107.4200,122.0980,35.0307,24.9622
109.0648,122.3077,34.2943,24.9992
108.5299,122.4876,32.7360,25.0165
107.7067,122.6327,33.1470,24.6394
109.4706,123.4950,32.1368,24.6544
108.9231,123.0549,32.5826,24.7041
109.6312,121.8876,32.7521,25.6271
109.3240,121.9809,33.0563,24.9675
110.6211,122.6494,32.9416,25.2338
108.0453,122.1716,34.8015,24.8784
110.7143,123.5718,32.7697,24.8742
109.6824,121.5935,31.8351,26.0027
110.7988,122.4877,31.5651,26.0608
110.3003,123.5425,32.7217,24.9314
110.5095,123.0986,32.8545,25.0213
110.6935,124.6364,33.2217,24.5888
110.5602,124.1531,34.4510,25.2880
110.9074,125.0874,34.6938,24.8935
111.0444,124.4595,34.5098,25.0100
110.6013,124.4107,35.6213,25.3748
111.0951,124.1839,35.7569,25.1249
110.8644,124.6705,36.5359,25.3251
109.8180,123.9366,38.9622,25.3849
112.1375,123.9751,36.9792,25.5300
111.1714,123.8963,37.1525,25.1815
110.7523,123.9885,38.0882,25.9101
112.2124,123.6416,38.1300,25.7632
111.7521,122.9066,37.1771,26.6665
110.5861,122.4661,38.6590,25.8537
112.8184,123.4170,37.5744,26.2393
112.1947,122.8056,37.9911,25.4453
116.2509,122.4290,37.1804,25.0260
113.2811,123.0182,39.2140,24.2791
116.0599,123.1229,38.7858,23.9258
115.1373,122.5978,37.7068,24.2404
115.6862,123.6906,38.0282,24.0867
116.4086,123.8529,36.4375,22.8360
116.0382,125.2262,35.0236,22.1760
117.3149,123.8526,34.6990,22.8816
117.2872,122.8815,35.2772,22.5601
119.3791,124.3854,34.2669,23.0935
116.8098,123.9578,35.8443,23.6699
116.7087,124.5247,36.8807,22.9427
116.7372,124.5835,36.9741,22.8037
116.8484,125.8637,37.3921,22.0477
118.7819,125.1747,36.5706,21.6628
120.9838,125.3063,34.7538,22.0922
120.5265,124.8089,34.3388,22.4449
120.6599,124.6516,33.7462,22.2401
122.0651,125.4770,33.3256,22.1144
121.3793,124.1303,33.1251,22.3676
121.8389,124.3529,33.4267,22.9251
121.8823,123.5243,34.7314,22.9952
122.7942,123.1722,35.1195,22.8580
121.4196,123.2240,35.6752,23.4203
120.6065,123.5680,37.4015,23.0702
123.2300,123.8746,36.8708,23.6103
116.2705,123.2607,40.6280,23.7313
114.6812,123.2251,41.4456,23.7022
118.5259,122.0593,41.1874,24.1478
115.4195,122.4286,43.2626,23.8432
121.2696,121.0727,41.4870,23.6946
118.6860,121.6853,42.0379,23.7789
120.4945,122.4863,41.9573,24.0387
123.3306,122.0909,40.9693,23.7902
120.4500,122.5795,42.7979,24.3117
127.3890,122.8828,40.9663,23.3103
124.7057,121.7737,40.8839,23.6468
120.6000,123.1362,41.6340,22.7549
124.1769,123.9479,41.4591,23.4745
128.3244,123.4310,42.4117,23.2342
123.6410,121.2709,43.0150,22.9008
129.5962,123.6026,40.6318,22.6351
130.0806,120.9784,40.3394,23.1874
127.5071,118.1009,40.6267,24.2765
131.2702,117.5582,40.2409,24.5042
133.2024,117.6004,38.6549,25.3473
134.8154,117.8592,35.6478,24.6460
136.4325,116.4315,34.2485,25.7836
137.5823,116.3295,33.3479,25.6730
139.6815,115.7866,31.6799,26.3436
140.6400,116.3117,29.1646,26.0116
141.3671,116.4782,31.4813,25.6021
138.0847,117.4261,32.5795,25.2975
138.8797,117.5487,32.1331,24.4132
141.9954,119.2785,31.0536,24.1209
141.4385,119.3651,31.0917,24.0277
143.1246,120.1998,30.3313,23.7658
144.1561,119.8747,29.7786,24.2875
143.6431,119.9519,30.7599,23.4635
144.6206,119.0105,31.1171,24.0128
144.7394,118.8020,31.7154,24.2402
146.3134,119.4121,31.5946,24.2065
142.5870,117.4653,33.3929,25.1153
143.3498,117.5737,34.0940,24.9136
145.3389,117.9066,31.7311,24.3804
145.3536,117.9823,32.7020,24.6550
146.9920,119.2817,29.6573,23.5990
147.7645,119.2258,29.6160,23.9813
148.9343,117.5081,29.8146,24.1620
150.7735,118.6047,27.9114,23.4976
150.0484,118.4325,28.9402,23.6596
149.0432,117.5307,29.3974,23.6603
149.5677,118.9176,29.7825,23.4445
150.3018,118.4151,29.6559,23.2505
150.4893,117.7343,29.6090,23.9658
148.5757,119.3100,30.3765,24.2658
150.5653,119.7292,30.1593,23.6423
150.8321,120.7000,29.0804,24.4723
149.9995,122.6310,29.6184,24.3167
150.2588,121.8736,30.8508,24.9630
149.0978,122.0465,31.7271,25.4492
148.1184,122.6563,32.0137,25.2058
148.6350,125.0533,31.3709,24.5241
147.8076,122.9790,32.3689,25.0973
147.8134,123.1887,33.7950,26.5267
147.4124,123.5740,32.4194,26.2948
148.9436,123.5213,32.4594,26.3551
145.1008,122.5572,33.3419,26.5017
147.7084,122.3389,34.0187,25.6919
146.4174,121.0767,33.2874,25.7055
143.9744,120.8121,35.0856,25.9551
145.7697,118.8474,35.8890,27.2090
143.7233,119.1798,33.9477,26.2709
144.9299,117.7855,34.8043,27.0679
144.2899,115.9843,36.6915,27.8067
143.8422,114.5935,36.7928,28.9725
143.5439,114.6661,37.0729,29.5072
142.9271,114.2362,36.2449,29.5671
142.3364,113.7946,35.8339,29.4911
142.7074,113.7225,34.9290,29.5671
141.2888,114.5355,34.7791,28.7808
140.1356,115.2569,35.5410,29.3995
139.9885,115.3082,35.2556,29.2286
137.8375,115.5124,35.4294,29.3560
136.7095,115.0912,36.6390,30.4238
134.1557,117.1197,37.6551,29.8589
135.6731,116.3545,35.4714,30.9959
135.2372,116.2456,35.4240,31.3673
133.4483,119.3106,34.9411,29.4471
130.8545,121.2613,34.6255,29.7911
133.4096,116.8814,34.0817,31.2695
133.0600,119.9128,32.9282,29.6458
129.5943,122.7889,33.8899,29.0716
131.1582,119.6409,32.7824,31.0148
128.8072,122.0093,33.5586,30.2103
128.6733,122.0943,34.1286,30.2189
126.4685,124.8548,34.0902,29.2118
123.9188,123.2926,35.6855,30.4730
121.6736,124.0348,37.0771,30.5316
122.5692,122.4916,36.2399,31.9737
118.9880,121.2325,35.1997,33.4851
119.6250,122.4699,35.4980,32.8357
113.3251,121.9952,39.3990,32.3998
116.3681,123.3929,38.5465,31.7852
110.8543,121.8728,40.0008,33.0437
115.9542,122.6845,37.6585,32.9108
115.7561,120.6559,36.1389,34.5168
114.4915,122.8361,35.1474,33.6642
111.0574,121.3201,36.2554,34.6744
110.0660,117.3311,37.0650,36.8091
111.8924,121.1663,35.6872,34.4690
109.4335,121.2668,35.6617,34.4843
106.7009,119.0713,37.3730,35.0844
107.2987,119.6502,36.1721,33.9689
105.2718,121.0124,36.5083,33.3661
104.2384,118.8559,36.7952,35.3110
103.8916,115.8658,36.5098,36.5807
100.8975,120.3927,36.6216,34.8056
102.0494,120.7063,35.9057,34.7216
101.4749,119.3517,35.2399,35.7247
101.2607,119.5202,35.1483,35.4024
99.2880,121.3367,35.6321,35.3754
97.0211,122.9328,36.4096,35.0979
94.8295,121.1405,37.7343,35.7826
93.2439,121.9772,37.7698,35.7867
89.4422,119.4522,38.9472,37.6549
90.3642,118.7486,38.7284,38.5185
87.5335,119.4646,39.0812,38.5782
84.7904,117.4138,40.2026,39.7195
84.9144,116.6335,39.6989,40.7721
77.2435,116.4789,44.2664,41.8194
77.5550,115.2109,45.1643,42.9275
74.3557,114.8239,46.6060,43.2796
75.3195,115.4962,45.5006,42.6420
72.7591,115.6511,46.5910,41.9832
73.7450,116.2291,44.3552,42.5177
72.0443,115.2617,43.8560,43.2693
72.9204,114.8214,43.6781,44.6303
71.7150,114.7461,43.1823,44.4829
70.1209,115.6551,44.0429,44.4461
63.8216,115.3810,47.7713,45.1691
