1
232.2048,160.9789,33.4881,65.4358
235.4663,164.0564,31.6016,65.9374
230.5865,163.1208,30.4175,66.1422
232.5992,169.0266,30.2510,66.4467
233.3520,173.0648,29.8315,66.1004
231.1237,182.0464,29.6396,66.0046
220.4954,187.9090,30.1849,64.7571
228.0979,204.1562,30.6963,59.1824
244.5859,234.9930,29.4455,61.0111
266.9556,266.5303,31.9613,62.5418
261.2704,285.2075,33.0101,60.6513
245.4020,296.8532,40.0765,56.6098
236.3515,295.6871,43.4874,56.8905
208.7686,307.5276,51.3116,56.7961
185.1208,298.5725,58.6538,52.0140
166.0767,291.4328,64.7595,49.2725
155.5132,280.4005,65.9184,48.5117
138.8094,274.0005,63.7422,48.0790
139.2904,275.0078,60.2521,45.6679
127.4465,266.0186,55.8450,46.7009
2
0
0
0
0
1
2
0
0
0
0
1
250.1258,273.8775,54.7084,46.7264
255.6602,276.5329,54.0285,45.9172
269.2767,281.8019,53.5965,46.2269
276.0202,283.9635,53.4707,46.2385
292.1076,286.8231,53.1899,46.0422
313.3806,294.1096,53.5071,46.1176
330.3120,297.0948,53.9285,45.8404
342.4917,304.3715,53.3027,46.4958
342.4220,308.5575,54.3452,47.5178
337.8825,311.1373,55.5738,48.6679
354.4877,319.2782,56.6080,50.0278
379.4367,335.7861,59.1023,51.3126
374.3545,333.2933,59.6443,53.0286
370.4613,324.0176,59.8411,53.7292
380.8432,328.5160,60.0477,55.4196
400.3751,335.3050,61.5561,57.1258
416.0549,339.2091,62.5188,58.1305
429.7384,339.0896,63.4249,61.0304
442.8541,355.1593,64.8628,63.1866
445.0701,356.6333,66.1842,64.5225
418.5637,346.9187,65.9466,65.1563
395.8186,327.6802,64.6512,65.4544
386.0460,306.2625,61.9282,62.5975
373.7016,293.5555,61.5057,60.1841
365.5832,282.7911,59.1251,57.3780
347.2021,277.3972,58.8969,55.4852
330.0315,271.3105,59.8083,54.1752
313.7253,268.0793,58.7576,52.7104
295.1345,264.8255,58.3210,52.2698
287.0291,255.3476,58.5770,52.5581
271.1721,244.1012,59.1897,53.1396
249.2014,229.6199,59.6192,53.4967
234.4138,217.8048,61.0949,53.5501
223.4131,208.3670,61.4245,53.9163
203.5474,201.4109,61.8642,55.1145
176.6550,186.8763,62.5814,56.4222
156.7555,172.9072,63.6190,57.3339
134.8447,165.7436,64.2778,57.8088
128.1994,159.0052,63.0225,58.7738
119.6646,146.0410,63.2710,58.6054
108.0328,138.7426,64.6551,60.0308
96.8831,146.4935,65.4933,61.4457
109.6407,162.0118,65.7549,64.0308
128.2757,192.8685,63.6007,63.5069
126.7895,190.4682,64.1220,63.1386
123.9657,175.3851,65.4070,62.7410
120.8916,175.4204,66.3921,62.8260
126.2050,189.1650,65.5556,62.5352
125.6527,208.0126,67.5836,64.6314
141.3031,224.6856,68.6081,64.4348
169.7064,238.2662,69.0284,64.7527
197.7641,234.8197,65.9848,70.0964
2
0
0
0
0
1
148.2961,70.5212,41.1785,71.6838
144.5943,67.6081,47.7011,69.0812
152.7398,73.5542,50.4309,67.2323
159.3517,77.4050,49.6266,65.0538
158.4991,78.6574,49.4467,64.8343
161.6935,80.3092,48.4612,63.6595
170.4920,81.1148,46.6362,62.4242
189.4503,81.3880,45.5813,64.2928
197.0733,75.6486,43.1716,64.2828
192.5846,70.9100,41.3348,63.6878
185.8554,68.5027,40.0519,63.3929
179.7546,72.3689,39.4044,61.1924
177.6428,68.7356,38.8906,61.4946
160.2139,73.1472,39.0338,60.4203
141.0137,80.5358,40.1425,58.3663
131.0656,86.1982,41.9880,60.2080
126.1006,95.6235,43.4561,58.6357
116.6815,108.4560,43.9661,59.5926
106.3249,117.5497,47.4623,61.9690
99.2943,116.2759,49.3635,62.9708
96.1932,115.9989,50.2346,63.7664
97.7032,132.2914,51.6373,64.3408
98.5513,136.2304,52.3297,65.2079
99.2246,140.6768,52.0696,66.0329
109.8165,138.2557,50.7207,66.2090
118.3152,129.0313,49.5573,66.1755
113.2318,123.1306,50.5707,64.2757
107.5103,118.6947,49.8295,62.8838
104.7821,106.2273,47.4816,61.3721
