1
293.0353,145.9488,44.6412,140.6956
292.8731,147.5395,46.0036,138.7277
294.2994,148.3224,45.8290,137.9586
295.3118,148.9639,46.0601,138.1567
295.6991,148.9435,46.2050,137.1864
297.0499,148.7664,46.1036,138.0141
296.8527,149.3080,45.5816,137.4639
297.8896,148.8402,44.7906,138.1101
297.9624,149.9630,44.8261,138.3791
296.5184,149.3424,44.7742,138.1138
295.2657,149.8015,44.7507,137.8939
293.2146,150.1618,44.6097,136.7549
290.8274,149.8410,44.9023,137.9300
288.4113,149.2237,44.6288,137.4752
286.2398,150.3645,44.2210,137.1312
284.3395,150.9890,43.6899,135.6964
281.8565,151.6567,43.7669,135.6386
280.3184,151.9183,43.9137,135.9085
278.4629,153.1041,44.2269,134.7919
276.0629,153.5265,44.9759,135.1439
274.2495,154.0026,45.5089,134.4334
271.7804,154.6896,46.4680,133.3333
272.4047,156.4794,45.9626,131.7144
271.7105,157.9501,46.7145,130.8459
271.1932,158.7104,47.1005,130.8716
270.7724,158.3527,47.3979,130.9735
270.3650,158.8209,46.7369,131.5777
269.5228,158.7040,45.8783,132.1526
269.6260,160.0508,45.7955,131.9770
267.7825,161.9301,43.8630,131.5370
267.3654,163.0654,43.0447,130.5729
266.4688,165.0563,42.9459,129.5276
265.9264,165.6304,42.9633,129.1443
263.5830,167.1910,42.6171,129.0983
262.5450,166.4120,43.3460,128.2504
260.7461,166.9738,43.1663,127.0951
259.4156,167.4186,43.7142,127.0942
258.0264,169.4861,43.6208,125.9994
254.6975,170.4032,42.9146,126.1236
254.1078,170.1750,41.3058,124.9298
254.3987,170.6181,40.5890,125.3688
254.4321,169.6534,39.9242,126.0996
252.4999,169.8350,41.5744,127.4325
253.2844,169.7868,41.6663,127.3879
254.0372,169.8535,42.0490,128.1664
253.1891,171.5751,42.4265,126.6076
256.5200,170.4053,42.0901,126.0471
259.9348,167.4951,41.2978,126.1693
259.7164,165.7597,40.3847,126.7083
260.2389,168.0401,39.7379,124.6288
260.0092,167.8217,38.9458,125.6625
259.1062,164.0396,38.7029,127.5438
256.7446,168.4762,37.5925,123.7146
258.0365,166.2351,37.4398,124.0480
256.1700,162.6821,37.5896,128.0436
257.2647,161.6652,37.2596,127.3629
253.5840,157.9423,38.8294,131.0852
251.0034,156.7153,41.4481,133.1612
245.2548,154.4562,46.3589,136.0784
245.8235,153.3177,49.3976,135.9422
242.8350,151.6066,50.6136,135.2270
244.4451,153.2077,48.6405,131.5421
245.6099,154.9334,46.8704,128.8221
247.7110,154.1309,44.1934,125.7165
245.3762,152.9344,44.3625,124.7997
246.1167,152.0765,44.2322,124.0518
246.7568,151.0824,44.0236,124.1354
246.3928,149.3329,44.1699,123.7048
245.9050,149.3027,45.8113,123.3659
243.9457,148.7810,47.3354,123.9576
244.1182,149.3493,48.6870,124.2702
246.0523,149.8244,47.5200,122.1103
247.8714,151.1008,47.4008,122.3272
249.4306,149.3934,46.6222,124.0209
250.8444,151.2250,46.1649,124.1884
248.3416,150.4072,44.1298,124.5709
250.4202,149.2189,44.0762,125.3812
249.8341,148.8323,44.9932,126.4257
249.7606,147.5023,44.3065,126.4000
249.2140,148.6021,43.8558,125.8237
248.1914,146.6164,44.8712,128.6769
249.0604,148.2344,44.3999,128.5093
248.7273,148.6595,44.7447,130.1708
249.4385,148.9946,44.9710,130.8689
250.0206,149.2078,45.8579,129.3870
246.7547,149.3039,49.4390,129.2817
244.4699,148.9513,52.2103,127.6609
243.9856,147.9799,52.4081,126.2627
245.9720,146.5598,51.9685,127.5660
247.9476,145.3867,51.2398,127.9188
247.2943,146.0178,51.4770,128.8709
249.1707,146.5302,50.8862,128.3264
247.9957,145.5011,52.2092,129.7709
248.0933,146.6939,52.1703,129.0886
249.9687,146.6669,52.4127,129.4484
250.3574,145.6175,52.4894,129.5888
250.6092,147.5859,51.7660,128.6477
252.0171,147.1649,51.3172,127.1476
253.3652,146.4215,51.9460,126.9758
256.4292,147.4953,51.4961,128.2978
262.4547,148.4080,46.6528,128.6620
268.5173,147.1791,43.6403,130.0284
275.6564,150.6367,40.8402,129.3272
279.4426,146.9603,38.1711,134.1723
266.2404,119.3305,45.2807,158.6044
228.2052,95.9661,51.8332,177.5645
247.5631,90.2270,59.5491,191.5455
245.6272,89.3837,70.4636,204.9302
255.6098,96.1741,75.1499,205.7089
255.2565,89.0097,78.3765,207.4995
260.4081,92.3671,81.8871,208.9293
265.6955,98.1413,84.0698,209.6112
266.5838,102.4378,87.8843,210.8483
268.1066,101.1306,91.7519,213.6034
273.3405,105.2233,96.1475,208.5797
275.8432,102.7878,96.7440,208.4574
286.1993,107.2194,98.2296,205.2556
290.7845,111.5033,100.7190,204.1974
298.6243,107.8695,101.4467,208.0828
305.1714,105.6179,100.0056,206.5782
313.2471,104.5375,98.2118,204.1901
327.0752,110.9958,97.3957,195.1516
2
0
0
0
0
1
278.2382,158.2331,45.2185,131.6037
278.4106,158.0379,45.2676,131.5945
278.5377,157.4778,46.0096,133.1219
277.8184,156.5224,47.0004,135.5239
275.4149,156.1632,47.3395,137.4567
273.8323,156.2055,47.7566,138.6923
272.8710,156.1076,47.9239,139.7434
272.6331,157.2508,47.1672,140.0592
272.5426,157.7970,47.1665,140.0302
271.7543,157.3580,47.0600,139.8628
272.0818,158.4592,46.9058,140.0227
271.6270,158.6271,45.6801,139.5234
271.4808,156.8723,44.8854,139.0813
271.9424,158.8210,43.3016,137.6511
272.8131,156.7225,42.5955,135.7580
273.2756,155.6499,42.5523,135.6407
274.0492,154.7315,42.6079,135.7494
273.6508,154.7526,43.0778,136.7910
274.4258,153.0473,42.9716,135.6173
275.0129,153.5415,43.7878,136.9902
274.9567,153.2747,45.0753,138.4256
276.0372,156.1065,45.6430,136.8738
275.6454,156.0005,46.7483,136.1964
276.4652,157.0561,46.3697,135.1339
277.0563,158.0914,46.8429,134.2096
279.0440,159.4390,46.7183,133.8630
280.1484,159.1459,46.5752,133.6451
279.5408,160.5412,46.8280,134.4658
278.6846,160.6236,46.2562,132.7868
278.4525,161.5789,45.6711,130.9441
277.3557,162.0798,45.6759,129.4873
274.5725,164.4489,45.7092,129.4434
274.6004,161.3576,46.5523,132.2343
273.6723,162.5809,47.7238,131.5911
271.3142,163.7852,52.4080,131.3002
271.0065,166.3276,50.5617,129.9563
271.9896,168.2013,54.3485,132.3293
269.6712,169.1807,54.3828,131.3339
271.2385,169.8217,56.7261,128.9942
269.7694,172.4848,59.3934,124.1767
269.8862,174.7069,63.6379,120.6154
271.9789,175.1197,64.2887,118.8015
271.4876,175.8155,63.6653,117.1563
273.1376,174.5759,63.3958,118.9987
273.0169,172.9944,61.9464,121.3217
274.7514,173.3794,58.6949,121.5983
276.2399,171.5999,57.2335,123.9415
277.2909,170.3967,57.3322,127.1580
277.5098,170.3160,57.0594,128.1662
278.5077,171.0867,52.4248,131.1031
281.9679,168.8969,47.8566,135.1296
284.6531,168.1167,44.4408,135.2634
287.4267,169.2449,41.5613,134.3258
289.6373,169.8135,41.6278,134.3891
294.4422,169.1076,42.0111,134.2794
295.8576,168.8734,41.2578,133.7769
297.1475,168.0626,40.6116,133.9228
294.9394,168.7325,40.4796,133.3660
294.6497,170.0310,39.7566,134.3053
294.2676,169.1646,37.6853,136.1893
298.1403,170.6730,38.6626,134.9039
294.7315,169.9879,36.8803,132.9823
296.1534,171.5365,42.6352,134.4513
293.4763,173.2863,43.1554,136.0124
292.5841,176.1643,42.8456,135.5118
293.0537,177.6497,47.8261,135.5734
290.8858,179.1564,50.9877,134.4449
288.5476,178.5579,52.8266,134.6823
284.7663,176.8103,50.3061,133.0046
282.8162,175.9199,50.9250,132.8875
281.6153,174.0028,54.5231,132.9445
280.4824,172.5108,55.8977,134.2280
283.4580,166.8623,57.1919,137.7712
282.6519,159.9141,58.0917,140.3876
287.8771,158.9371,63.4716,142.1353
291.2396,155.5947,65.2313,143.3141
296.2084,162.2731,66.8256,139.8039
300.0019,157.0161,65.3343,143.5242
300.8607,161.9021,62.2067,143.5563
300.4337,161.7686,56.8594,141.1313
302.8892,167.2277,51.5087,138.0374
304.5439,167.5049,48.7681,132.3530
310.0733,165.9172,47.8351,130.9952
313.1366,166.5151,46.4822,131.0760
316.6994,168.7070,46.5556,131.7085
314.7419,169.2276,44.1746,132.1655
316.5921,171.0387,48.9638,131.6603
311.0457,170.3468,55.5249,130.1713
307.7230,169.0074,60.6462,129.2576
308.7289,168.3138,60.3472,132.5352
309.7277,170.9025,60.7627,130.9737
311.2033,173.7667,61.8998,130.2159
308.3725,176.2724,59.3779,127.5430
310.8631,176.5639,56.8267,125.2171
311.0549,176.5508,55.6318,125.0633
308.8624,173.5737,57.2681,129.4978
307.3397,173.0469,56.0901,131.1012
307.4773,171.2694,56.0068,133.8972
305.7548,172.1582,56.7318,136.6258
308.7699,174.2933,57.3047,137.1208
309.7951,174.1996,56.9677,136.6685
309.3152,172.7514,56.3844,137.9098
311.1488,172.5613,53.1715,137.7446
312.0049,171.2708,48.4455,137.4976
312.8640,172.3683,47.7467,136.9053
317.1519,171.6070,47.0134,136.6955
321.1288,173.5605,44.5205,136.9099
322.4479,174.6223,46.9462,136.0825
324.8967,175.7325,46.9130,135.0818
327.6452,176.0397,46.9350,134.7505
329.6023,177.7321,46.0942,132.3552
330.3866,177.6137,48.4610,132.2953
333.3510,178.0121,50.5819,135.3395
334.3659,179.7433,50.8101,136.3740
335.8741,181.3581,51.1467,135.8086
338.0799,180.9677,53.5568,137.8400
339.1261,180.7639,55.4441,140.1465
339.9790,181.2297,56.0361,139.2741
341.0210,180.6519,54.9262,139.3846
343.5239,180.6103,54.3071,139.9966
342.4601,178.5610,53.7822,140.8209
343.6815,178.9141,52.9813,137.7509
345.0448,179.3930,53.0296,137.7787
348.2834,179.6534,53.8188,135.8030
349.5984,180.2061,54.7978,136.0640
353.8880,179.6770,55.1802,137.1909
357.6512,179.2682,55.5202,138.4581
360.5403,180.4664,55.2171,138.1304
363.2819,179.1193,55.9435,139.9340
365.4484,178.3608,56.7397,142.2638
369.1571,178.0872,56.5239,144.0350
373.9961,178.3601,55.0776,145.4272
376.4412,177.3375,54.6881,146.1630
379.7322,176.8919,53.4881,146.2943
383.0338,177.5090,52.7237,146.0011
385.3860,176.0999,52.1089,145.2523
385.8000,178.2758,50.6288,144.9236
388.4875,176.3054,47.3267,142.6479
390.6298,177.7182,46.2997,140.4469
392.5959,178.9008,46.7548,140.5399
392.3722,179.4030,46.1709,142.0236
392.7899,181.7687,48.3991,140.0368
392.8742,183.0497,53.3845,138.2889
392.2356,186.9687,58.0526,133.3853
392.2928,188.4609,62.5616,131.8448
392.7213,190.2379,66.6897,130.8894
390.8246,191.5815,70.1363,130.3227
390.9503,191.3465,68.9160,127.9571
394.3838,191.9744,71.5074,125.7974
395.7523,193.7662,71.4870,124.0113
399.9917,191.6931,72.0032,124.4281
402.9905,191.0179,68.1768,127.1452
408.1835,187.1945,68.8446,130.3744
410.7102,184.8260,61.0118,133.1864
416.5899,181.8808,55.8880,136.5925
421.6173,178.7975,54.0272,139.1547
425.2438,178.3466,54.4071,139.2598
426.1370,176.2373,49.8108,139.4112
426.8469,175.4664,49.8372,139.3775
429.9940,174.5097,52.2918,140.5836
429.9150,174.0056,55.4652,142.6712
428.2213,174.5879,54.5532,144.1198
428.9513,174.1519,56.2669,145.2548
426.9276,174.9805,58.1925,147.3926
424.6529,173.5961,61.9946,152.1179
423.4851,175.3993,62.0770,152.1324
419.6360,176.0613,62.6340,153.3017
417.8451,175.3268,62.5418,154.5245
415.0379,176.1892,63.9653,157.0164
411.5750,174.8943,63.2641,157.4029
410.5274,174.7740,62.8776,156.2425
408.0371,176.1893,63.1287,154.7019
404.2154,174.9075,61.9640,153.8802
403.1953,174.7328,58.5384,148.3930
401.2953,173.7779,55.9604,148.1722
398.8368,172.9621,55.1605,149.5576
395.6303,171.5411,55.0883,147.7302
394.4431,171.9025,56.1666,146.7796
392.0674,172.6216,56.2575,146.9686
391.1054,171.0207,57.5163,146.5250
391.3340,171.4250,57.5045,142.6995
390.5132,173.3555,57.4805,142.2185
392.1126,172.1029,58.3266,141.1452
392.2300,171.5166,58.2926,141.6143
389.9840,171.2168,56.8674,142.7405
392.1947,169.5320,54.1195,145.4003
393.8894,168.8732,52.6972,147.5635
394.2297,166.8172,53.7039,150.4225
394.3356,166.8976,54.9973,150.2339
395.2262,167.9199,56.0774,149.4080
394.6960,167.3733,56.7059,149.6385
394.5517,167.1255,55.7078,149.8301
395.3598,165.6054,54.9319,151.1976
394.5176,165.1615,54.7430,150.9845
393.6294,164.1959,52.2326,150.4781
393.0977,166.0095,50.2119,148.4674
393.3958,165.7794,47.5161,150.1820
395.8829,163.5881,47.4903,151.7180
395.2731,162.8174,47.6801,151.6396
394.7057,160.7933,47.2688,152.8384
395.0265,159.2655,44.8409,153.4989
397.0080,159.7091,45.3208,152.0358
396.9314,158.5435,44.3175,154.1617
398.5065,157.8139,43.8739,152.1918
399.9357,156.7696,43.3996,153.7020
400.7843,155.9761,43.8268,157.5385
401.3299,154.9803,45.1188,158.1559
403.2488,157.1763,45.3098,152.7523
402.4472,155.9921,46.5344,154.4966
404.2314,157.6376,46.7157,153.0356
405.7508,154.6018,46.1597,155.7547
406.1407,155.6238,45.7950,154.8443
406.7835,152.4335,46.6305,157.7346
409.7436,153.7291,48.9208,159.4754
410.0419,152.3738,48.4313,158.8693
411.6884,151.6647,45.5347,159.1040
411.4190,150.3470,46.7523,161.4797
409.9958,148.9211,46.9674,162.2547
408.9625,148.9163,46.8735,162.4572
406.9717,149.8544,49.8041,163.2285
403.5913,149.8975,49.5712,163.1707
402.6396,148.6290,52.8713,164.4908
395.9863,147.8378,53.8896,163.8740
396.1859,146.3184,55.6184,165.2727
390.9601,145.9591,55.2961,164.0805
386.8521,145.5117,53.8314,164.6178
386.1816,143.9663,55.4681,166.1959
382.2373,144.6448,57.1663,166.4384
378.7398,144.6941,58.9801,166.4237
374.4510,144.3715,59.5908,166.4142
372.9465,141.8669,58.2810,166.4987
370.8331,142.9682,59.3193,166.2848
367.8940,142.2245,59.2869,166.1635
366.4966,139.7120,57.5435,165.4224
365.8094,141.4237,58.0142,165.5211
364.4774,138.2289,55.9500,164.5078
363.2214,138.0263,55.1530,164.3831
363.1690,134.6411,52.4130,164.1812
362.9030,133.9820,50.3967,162.9428
362.4346,132.0631,50.5292,163.8689
362.7204,131.2286,52.0516,163.6358
363.0854,131.8528,54.3200,160.7892
362.5727,132.4062,53.7867,158.7380
361.3261,131.7256,54.4130,159.8096
360.3186,131.8469,54.7942,160.3932
359.6789,131.4948,55.2400,158.7020
357.2654,131.3294,55.9163,160.2173
356.7455,131.3313,55.6729,159.0353
355.7477,130.9638,54.6983,157.9655
354.7997,131.3882,54.8111,159.3470
354.6442,131.9445,55.7336,160.1290
353.2596,131.7845,56.1132,158.3908
352.1007,132.8132,56.3798,158.1083
351.1077,133.0567,57.6469,158.6646
350.6729,132.8292,58.1256,159.3425
349.5936,133.8068,57.4784,157.3288
348.9977,136.0322,57.2489,156.7798
349.1669,136.2802,54.6436,153.6769
348.2361,137.3674,53.0061,150.7577
347.5035,139.5154,52.2729,149.6576
346.6524,141.7125,51.8730,149.8667
345.3388,141.7180,50.6189,149.5409
344.7016,142.7109,50.7811,149.5859
340.6671,143.8736,50.3274,150.9720
340.7887,141.1039,51.3435,153.9841
336.8669,139.2186,50.4846,156.0334
333.7620,139.3768,50.1503,156.0419
330.8687,137.7286,48.8744,155.1425
328.9214,138.0828,48.5633,151.6702
325.9136,136.7748,49.9638,152.4994
321.9102,136.0781,50.7350,155.1351
318.7276,137.7224,51.5899,158.0949
316.7241,138.4900,50.7777,159.6738
315.1067,139.9505,49.5659,160.1114
312.4158,140.7201,49.2702,158.5690
308.2159,143.7923,49.7558,156.5463
303.0106,142.7465,50.1070,156.2144
298.6311,143.8174,51.3918,154.8851
296.4107,144.2414,52.3263,153.6821
291.5955,145.0913,53.4125,151.7081
289.1298,144.1028,54.6044,149.7054
285.5022,144.6170,55.5406,149.8457
285.2008,144.5705,57.1441,149.9287
284.4747,144.8450,58.6342,150.4857
283.6327,143.9299,59.9441,151.9854
280.2906,144.5963,64.1630,152.4639
277.9841,144.9313,66.2383,151.8599
275.8166,148.0131,67.3982,151.3515
271.4084,147.3073,67.9975,152.9054
272.2691,147.6758,65.8249,151.4668
274.2454,149.9456,60.8816,150.3611
273.8100,149.7101,55.2652,149.3579
276.9575,150.4056,53.3721,149.1214
277.3353,149.1657,49.7887,145.4930
275.9049,150.9472,47.0314,144.2568
275.4139,150.2463,48.7217,145.0283
275.9310,151.4919,47.9093,143.3282
273.6325,152.1977,48.7056,145.9355
269.6390,153.4733,50.3754,146.0834
267.7810,154.9801,52.8239,147.5245
265.4345,157.2644,56.2104,149.5469
264.8737,156.0224,60.2879,147.1861
262.3090,156.0905,64.2155,146.4117
258.4925,157.0370,67.6474,145.8316
256.4504,158.5179,67.9290,145.1704
256.8539,160.5058,68.5228,145.2785
257.5692,160.0275,65.2238,147.4275
257.5394,161.2861,62.1611,148.2083
258.3930,160.6756,60.6468,148.3431
259.0980,161.3152,58.9404,146.9467
259.6502,163.2847,58.6665,146.8840
261.2269,162.6043,58.7930,148.9521
261.9083,164.5505,58.7363,148.5936
263.7889,165.0971,57.6701,149.3529
264.5947,165.1897,58.2187,151.0030
265.6018,166.4762,57.4519,151.2291
266.2358,166.7933,58.3678,153.4827
267.4350,165.1505,58.3885,153.0159
269.8491,165.5628,57.9189,152.7378
272.6443,162.9338,57.8764,153.3053
273.9088,163.2493,55.5831,154.1710
276.1029,161.9720,54.9070,155.0358
276.2626,161.6901,54.5251,155.9365
278.3481,161.5530,55.1910,150.9342
280.2150,158.7506,53.0031,145.9665
277.6774,159.3592,54.3409,144.0005
276.9825,160.5819,55.1059,145.2437
276.7846,158.2789,55.6680,148.2083
273.3861,162.2286,58.7289,148.8070
273.8987,159.9177,59.1235,147.0181
269.9521,146.7890,60.5446,148.5911
264.6575,140.7108,61.0468,150.6359
264.1158,139.6331,62.1100,150.1364
260.8559,141.0335,63.5424,148.5866
258.4806,141.7320,64.7726,147.6478
253.9516,134.7063,63.6114,148.7439
255.0532,135.8277,64.2408,146.2735
250.2003,145.7815,64.2290,142.5314
249.7395,141.5247,60.3333,148.9597
250.1723,146.9886,58.6972,154.0100
251.0753,144.7613,58.0796,151.5115
249.2338,147.3023,57.6870,157.8177
248.9909,143.7962,56.6499,151.6383
247.1331,147.9275,56.8688,151.9716
248.2901,143.7436,55.3143,162.6329
249.8888,147.0680,56.2075,164.3616
252.0285,138.9196,58.1180,161.6936
247.8607,153.3356,60.7190,158.8386
253.6992,140.3130,57.9238,161.7065
254.0237,148.5122,60.8054,162.7396
253.8638,146.5204,60.4841,165.1882
254.3785,149.4422,59.8219,168.4055
256.4879,146.8278,60.6131,169.4441
253.9340,150.8408,65.3075,171.0746
253.1061,149.1709,66.6720,169.4931
251.6512,153.0381,68.0447,165.9799
251.0165,144.8959,69.9249,163.0184
250.1842,145.1312,69.8528,171.8701
247.8066,146.4953,69.0564,175.5574
246.8762,135.6833,68.1036,180.6399
244.1857,131.6956,68.6695,188.3266
241.3448,129.2078,70.9693,184.5721
242.1647,121.4148,71.4134,184.0378
237.3571,120.4225,70.8643,182.6001
239.6372,116.3868,69.5226,181.0517
236.4618,121.9919,66.8669,180.8531
236.4658,119.0753,65.9142,178.4783
235.8109,119.8032,63.1381,181.1406
235.4910,121.2230,63.5750,174.8458
232.7474,132.8490,61.1209,171.1096
235.8159,117.9131,58.3940,176.6406
236.8617,126.5331,61.5174,173.4911
237.3362,125.9187,61.3245,167.5418
238.6858,133.2479,62.9052,162.0631
239.7581,131.0622,61.0577,160.7634
242.0400,132.7886,61.8305,160.6830
241.8551,127.1105,59.4663,166.0380
243.0181,127.5986,61.6881,165.4853
243.8890,131.7927,64.2083,163.8130
243.8754,124.8746,65.3323,169.5921
241.9678,123.5341,65.8511,173.3028
242.7502,114.5374,67.4877,179.2755
243.8865,112.6153,65.7906,183.8668
246.3337,107.1231,66.8316,187.2376
244.5807,102.0518,64.4300,188.7179
247.2817,100.0707,64.7822,187.9257
245.3582,100.2454,63.7017,185.5051
249.2330,100.1285,62.8489,183.6105
250.2881,101.9489,61.5582,180.6801
252.1253,103.9794,60.3264,177.8803
251.1469,103.2187,59.3281,175.8680
250.7036,102.6725,57.9448,172.6789
251.1882,104.4765,58.3422,169.8444
251.6927,105.4171,57.6699,168.2702
250.3528,106.4097,55.7553,169.4050
250.7320,105.6182,57.1727,167.6762
251.3662,104.1794,56.0096,170.0828
250.8698,103.3689,55.1575,171.1763
251.0391,106.0928,56.1926,169.8640
249.5705,105.7773,53.0584,167.9272
248.5967,105.7323,54.4558,167.8064
246.9569,104.0406,53.9824,167.9951
245.1609,103.6018,56.0470,166.1621
242.7249,101.3480,56.1633,166.1220
243.0873,100.0098,57.0455,166.2554
240.6951,97.8550,57.7155,168.6660
243.0423,97.5063,57.3861,164.5185
238.9759,98.7987,58.4793,162.2163
238.1934,95.8027,61.0527,159.4751
234.9663,93.0323,64.3488,155.8725
234.1054,94.4786,67.6688,152.4820
231.1700,91.2337,69.3345,150.9900
231.4771,88.8511,66.2913,152.1078
230.5428,85.7785,65.8403,152.8642
229.5191,82.9753,64.1576,154.1913
228.3245,85.5036,64.1003,153.9226
226.4733,83.0103,63.9491,154.3817
226.6524,82.2752,61.5639,156.3200
227.1734,82.3093,61.0495,155.8045
227.5752,82.7384,60.8017,154.8604
226.0700,82.2784,61.2716,155.7983
226.9895,79.8232,60.9786,156.9294
223.4632,79.4041,62.6884,157.8190
222.2671,80.2368,63.9523,156.1884
222.8699,77.5336,63.6889,155.6525
221.2878,73.6374,63.1868,159.0807
223.8194,71.2410,62.8273,158.8939
223.4332,67.1900,62.4177,160.5895
224.9344,62.6581,62.5109,158.1330
223.8950,62.2309,62.2932,156.0116
223.3272,60.0627,61.8770,153.0163
223.4501,59.9810,61.9702,153.2634
223.1803,57.1521,61.2206,152.6488
223.5136,57.4171,59.1546,151.6886
221.2403,57.8722,55.3795,149.5376
222.0307,54.2377,55.2564,150.0035
221.7234,57.4680,55.4909,149.7146
219.1922,56.9489,55.3509,149.1135
217.8893,53.7171,56.1218,149.9762
217.8517,52.1090,56.1010,151.9606
217.6827,51.2069,55.8462,153.7771
216.0885,52.8247,55.8190,154.0381
216.1039,53.3482,54.4774,150.3839
215.2656,52.8833,53.8378,147.7302
214.0173,47.8677,54.8121,149.8425
214.3024,45.2657,54.1613,151.1717
212.1307,43.3224,55.3767,152.9616
211.6584,44.3674,56.4803,154.1211
212.3817,39.5392,55.2415,159.0692
213.4247,35.3930,55.1638,159.8911
212.7551,35.7853,56.6828,156.7847
212.5724,34.1611,55.3135,153.0698
213.6204,34.1923,57.9964,149.3394
209.0006,34.7428,60.1254,148.8434
210.5505,34.7476,60.3453,150.4793
210.3348,33.9617,61.0383,152.0738
209.7506,33.4021,60.7741,152.3987
209.8273,32.0427,59.8812,155.1949
208.7679,28.9420,59.7683,156.3652
209.8935,32.6949,59.5456,154.9648
210.9390,30.1825,59.3263,156.0502
211.6024,31.2355,59.6706,155.3021
212.2784,33.7014,60.0436,157.8130
213.6351,34.6830,59.3672,156.1092
212.3707,34.3209,59.9496,155.9774
213.1353,37.7128,59.2295,153.3698
214.4631,40.9553,58.1884,150.6558
215.2868,41.0392,57.8296,150.1142
215.3440,41.1566,58.2111,149.6568
214.7532,40.0805,59.1651,149.8200
214.4714,40.2910,58.6780,149.9363
212.6572,40.7162,58.6373,150.2688
214.8950,36.4687,57.3775,148.7617
214.5064,40.1908,57.8056,150.3400
214.7116,35.9636,55.0142,150.0690
214.1921,35.3861,54.2769,149.5696
216.2012,32.7082,54.1382,148.0036
216.0754,37.6935,53.1151,146.4208
216.4466,38.0744,51.3003,146.1641
216.8503,41.0177,50.0992,144.2941
217.6523,41.4747,49.6333,146.9337
217.7754,44.2673,49.5408,149.4106
218.0328,44.1520,50.2024,152.3604
219.6016,46.5004,51.7481,154.7234
222.0345,53.3597,50.9447,151.7095
223.3538,58.1655,50.7271,149.6221
222.3518,63.4046,50.5328,149.1067
225.3621,61.6659,50.6587,149.4282
225.7962,66.0508,49.4609,146.2826
227.1327,62.8152,50.7388,145.8199
231.1511,64.6190,50.8234,145.8860
231.1572,65.0523,50.9641,145.1204
235.3681,65.4252,54.4980,143.4703
235.1882,63.2105,57.4761,140.9049
237.7320,60.2037,58.8246,141.4086
241.2388,59.5894,59.5535,140.4532
242.3193,55.0308,58.3310,144.0480
245.8107,52.5447,60.0262,145.5251
246.0556,54.2737,59.3611,147.1417
245.4631,50.7929,58.7136,149.4704
248.4615,54.3072,56.6723,151.0217
251.0170,47.9536,57.2373,152.2154
252.1649,48.4457,64.1498,149.9216
250.5056,50.8480,61.7615,153.8995
252.8756,56.0718,60.5651,150.2794
252.4723,56.2543,58.2575,150.6573
254.7554,55.3666,60.7167,147.4783
256.4063,56.5829,59.8793,148.8206
257.2125,53.4220,60.8921,148.1820
257.3985,54.8804,60.2622,146.6537
259.6646,52.8023,59.6922,144.1596
262.4769,54.2996,56.2045,139.9865
263.9767,53.6249,51.0321,136.5399
262.7006,53.2580,50.1392,136.2970
262.5181,49.9995,50.9893,137.4743
264.3969,47.3345,51.3813,139.6047
267.7560,46.0054,51.9845,138.9788
268.9649,44.0224,50.4834,136.7792
274.4022,43.4284,51.5953,135.8069
277.8239,38.5174,51.3712,136.0620
279.4411,37.2473,51.0523,136.7655
280.7491,41.0409,50.4830,137.4077
282.4699,36.0091,51.0549,142.1776
283.1528,37.4054,51.3949,143.5641
286.0331,38.3509,52.7977,144.5719
288.0400,41.1153,50.7303,140.6296
288.7185,41.2359,46.5455,141.6746
291.3517,41.5318,45.6774,142.9892
294.8002,40.6154,44.7496,143.4872
296.7527,42.5095,41.7335,139.4527
298.5892,44.3641,40.9094,137.5076
297.3697,46.0514,40.2414,134.7782
300.1758,46.6932,41.0711,129.7309
300.0140,48.2411,41.0549,126.2374
302.2471,50.4729,41.1734,124.4788
302.2498,50.2359,41.3968,126.1410
304.0718,50.1377,41.2954,126.1293
303.0166,52.4685,40.7262,125.9189
305.7676,53.3683,42.3504,125.3648
306.0020,51.5196,44.5252,125.1547
306.9125,51.0557,44.8811,128.0741
307.6671,50.2555,46.0767,129.7065
308.0671,52.0124,47.7394,129.0325
309.3391,52.6672,50.3120,130.1750
309.0367,50.7400,50.6091,129.8070
308.3470,45.5410,51.9517,133.2477
307.6236,44.0075,52.1874,134.1325
307.4162,45.9765,53.7309,134.4071
307.7746,45.9791,55.0430,133.9117
308.6394,46.4305,55.5905,134.3054
308.8205,46.3179,56.1679,134.4952
310.5772,45.5366,56.4640,135.5280
310.4640,43.5492,56.3088,135.5853
313.1801,41.4032,55.9669,136.1772
315.4628,42.8425,54.6829,136.8801
315.5739,39.9786,51.9749,139.8509
313.1608,43.6837,52.4128,140.6073
316.2253,42.0578,51.0187,140.9388
317.5498,41.8049,49.9826,143.2940
317.2324,42.6458,49.8906,145.5887
317.1254,45.7430,50.3666,145.7556
318.5933,44.6782,52.4632,144.7894
318.4043,43.3307,56.5077,145.2003
318.5796,43.3931,60.0110,144.2595
320.1715,44.0845,58.7459,142.5625
323.6263,47.2183,60.9467,140.5136
324.5616,45.2843,61.3425,141.4758
327.4762,42.0358,61.9477,142.2301
327.9096,42.9648,62.3845,145.0137
328.9749,39.2664,62.4380,146.8727
331.6641,38.8181,61.9072,145.5258
331.3269,37.0731,61.7418,145.1679
333.2737,37.9599,63.1848,146.6187
333.6942,36.3986,60.8475,146.8058
334.5195,36.6275,61.3866,149.8911
334.8500,37.6131,60.3150,151.0632
335.1361,37.5648,59.1610,152.1743
335.5057,37.8055,59.0663,152.1616
336.0109,36.7887,59.3191,151.2982
336.5964,37.4114,58.2137,149.0391
336.9645,40.1525,57.0843,146.7222
340.0430,45.7386,54.7893,140.9051
340.7544,51.4483,54.5747,135.5833
343.2420,54.5105,53.0754,131.3827
345.4535,56.7048,51.8423,129.2295
347.6331,53.5244,50.9356,130.3152
348.5759,49.9932,49.0535,131.2210
348.4081,49.2543,52.6123,130.2898
346.9414,46.1943,52.9525,130.9740
351.0700,41.5023,51.7043,130.7884
350.1899,40.3479,49.3421,130.8575
350.2928,36.8743,47.6343,132.6773
352.1844,34.5485,47.2642,134.5587
352.3998,33.5139,46.5930,133.3960
352.5425,32.1780,46.1733,132.9160
354.3126,31.1607,44.5897,132.3006
355.6912,29.3354,42.8577,132.0039
357.7350,29.1328,41.5067,132.7761
357.8854,30.2561,40.3790,131.7064
359.4048,29.7905,39.1542,129.1998
363.5494,31.5642,38.6748,127.2431
359.9911,32.7645,39.9614,126.7989
362.1538,32.5412,38.8949,126.3982
359.7613,33.1062,39.6362,127.1958
361.0706,32.3046,39.3407,127.2921
357.8082,31.6499,39.9730,127.9935
360.9098,32.8277,39.5783,126.5420
359.3123,33.7964,40.0908,126.4083
357.6438,33.7099,41.5612,125.9611
360.0824,32.8633,41.4336,126.9482
358.2607,35.2165,41.3085,126.4020
357.1124,34.3787,41.9813,127.9862
356.9513,32.6544,43.6160,130.1587
357.9642,31.7661,44.1286,132.9924
357.7137,30.1608,44.3438,134.7789
357.8619,31.1617,44.5005,136.2753
357.9296,32.0035,44.8314,135.7350
356.4280,31.2366,46.0358,137.3500
357.1921,33.7097,46.3376,135.8102
357.3936,35.7122,46.2417,133.0667
358.2749,33.0284,45.7510,133.4724
357.8976,34.9399,45.5388,133.1836
356.3806,35.8643,45.3153,132.3089
358.9918,36.4693,45.0832,132.0361
358.1527,37.7761,44.5175,130.7847
359.5430,36.5411,44.0812,131.4220
360.2848,39.1755,43.3201,129.0347
360.5700,38.5961,43.1460,128.9521
358.0631,37.3107,43.2512,130.0249
359.0489,38.1773,43.1903,129.2248
358.5565,35.1284,43.9399,131.7725
357.8054,36.4768,42.9401,131.2780
359.7185,36.7261,42.0426,129.3793
359.2744,39.0358,41.8552,129.0001
360.5902,38.4930,41.5786,127.7818
358.9064,39.4198,42.4798,126.2333
359.4799,40.4803,41.9359,125.0787
360.0716,43.1381,40.4135,123.3864
359.6483,45.4439,39.0588,121.7714
360.0663,45.6646,38.4599,120.0457
358.7372,47.6795,37.5203,116.8459
355.5021,51.8199,37.1677,115.6273
355.5775,51.7844,36.2514,116.0326
354.5226,52.2836,36.0162,114.7244
352.7682,53.5525,35.6438,113.1583
351.8515,55.3358,35.8276,111.3062
351.0367,55.1324,35.8375,111.3535
350.7040,54.7976,36.0547,111.1333
349.1814,54.3684,36.0562,111.7482
346.8810,53.5921,35.6454,111.2960
348.2766,53.0415,35.8154,112.0520
346.5411,52.8494,36.3034,113.3356
345.3527,51.4502,37.1177,112.6977
340.9818,52.5502,37.5403,112.6883
341.7046,51.0103,37.5193,112.6102
338.3787,50.8088,37.2398,112.3473
338.5785,49.9827,36.6592,110.8192
337.1955,49.5425,36.5201,109.7063
333.5375,50.6523,36.4804,109.1621
332.8264,49.5667,37.5618,108.0087
332.7731,48.2436,34.8084,107.5739
330.9081,47.2865,34.6931,107.3309
328.5239,46.7307,34.4742,106.7514
326.9101,45.3390,34.8908,105.9745
325.5872,44.8583,34.8386,105.5924
324.0148,44.1253,35.9082,105.6296
322.0870,45.5255,36.4404,104.6149
321.7488,45.8772,37.0629,103.8710
319.6368,46.9805,37.2297,104.7029
317.0643,47.4430,38.1280,105.8345
316.3792,46.8952,38.3705,106.6788
313.9847,47.4296,38.6482,107.3640
311.9929,45.8100,39.1220,107.4041
311.0046,45.9831,38.9690,106.2597
310.6828,46.0268,38.4593,105.0562
308.6154,46.1528,39.4187,105.5710
306.2719,46.6359,40.0195,105.3548
305.1563,46.9626,39.6246,105.5839
304.3587,46.5958,39.4935,105.1744
302.1278,46.6348,39.2738,104.6619
302.4179,47.1721,38.8247,105.7365
300.8506,46.0130,37.3867,106.5746
300.4948,46.5688,37.1025,106.6184
297.9300,45.1989,35.6948,107.8481
297.0332,46.0881,35.3648,108.6401
296.2499,45.9210,34.3021,109.2060
289.4195,43.6243,36.8727,113.6303
289.9253,46.0099,36.6878,113.3253
288.1223,45.9738,37.2953,113.8486
285.1220,46.0182,39.5198,115.2902
282.9320,46.2625,38.2223,115.6078
281.4375,47.2489,37.5242,114.6984
283.3129,48.9835,37.2759,115.5093
281.4385,48.4178,36.6890,116.8285
282.0646,49.7628,36.7361,116.6685
281.0512,50.7264,38.5183,115.5085
279.3073,52.3399,40.2964,114.4305
279.8181,51.1371,41.5865,114.0034
278.0316,53.5862,43.1747,114.4019
278.2976,54.6043,42.7499,113.4343
276.6575,55.2512,42.4294,112.7410
276.5580,55.6595,41.4816,110.6827
278.2165,55.6016,42.7127,111.3665
276.5300,57.9339,42.1806,110.0360
277.5571,58.7537,43.7474,109.1398
277.3071,61.4751,43.3599,107.8749
277.4778,64.2324,41.9861,104.4126
277.7981,65.0553,41.7788,104.2394
278.5504,66.6707,40.2990,103.5126
278.5239,62.9175,39.6813,103.9069
277.4361,63.9514,39.8980,104.2974
277.0320,62.1188,38.9096,103.9612
277.6685,58.9129,37.8384,106.0636
277.4960,61.5466,37.6691,107.6130
279.0365,59.2352,35.9633,107.3405
280.6659,56.3954,36.1816,108.3282
281.1424,57.2457,35.4194,109.4856
280.7678,57.1443,34.5422,110.4286
279.4962,54.1356,36.0088,112.1271
277.9394,54.3160,37.6842,111.8726
277.1150,51.1844,39.6957,114.4953
277.7597,50.7005,40.4040,115.2670
278.5559,50.7409,41.5952,114.9058
281.0984,48.9508,42.3489,114.4267
282.8379,47.4879,43.4051,114.8113
283.7173,48.7845,43.2952,112.8154
289.1488,48.8207,43.8087,113.2834
291.9389,52.0289,42.6801,111.1706
296.8255,54.8886,40.1066,109.6125
300.4311,53.4981,39.1074,109.8243
301.6883,51.4276,38.3600,111.4873
304.2397,51.6687,36.9139,112.3632
307.3075,52.6487,36.6791,111.8325
307.9543,55.2078,35.8493,109.5561
310.1117,54.6106,35.5773,109.2974
313.1509,56.4726,34.8242,109.3228
315.3744,56.6128,34.4186,109.0716
316.1593,56.4988,34.9642,109.6896
317.1961,55.9102,36.6612,110.2836
318.2372,54.2799,38.3990,110.4211
321.3983,54.9015,39.8982,108.8175
322.1187,54.5659,41.7526,110.8109
324.7526,54.3136,42.1502,111.8765
325.1513,56.4541,43.0001,111.0400
326.7405,56.7044,43.0858,110.1703
328.5651,58.7034,42.2435,108.9892
329.2714,57.4782,40.8209,109.5795
329.4059,55.2097,41.1199,111.4687
331.5682,54.9923,41.0836,111.8752
331.4100,55.5414,41.3304,111.5645
331.3065,54.4858,42.4810,112.4425
331.0003,56.2649,41.9446,112.0187
331.1437,55.3263,42.1500,111.9533
332.7852,57.2812,41.6956,111.2412
331.9646,59.5940,40.1732,110.0653
332.6951,58.1851,38.8029,109.1385
333.7499,58.4553,37.3145,109.1667
334.3692,59.5133,36.9183,108.7179
333.8516,59.9791,37.5301,109.9711
334.0220,59.5428,37.1158,109.4730
336.1326,59.6080,36.8143,107.9714
342.2925,63.6635,35.5692,104.6799
344.4559,68.0270,36.8143,99.5173
348.2455,67.1976,36.8817,99.7104
349.1731,68.0691,37.1939,96.8544
350.8543,72.8544,36.4552,94.5291
354.9523,73.4047,34.8313,90.1250
358.0833,73.1702,34.6843,89.8146
361.2556,72.6790,34.4355,90.0632
362.6599,73.5730,33.7843,90.0389
366.4409,72.2348,33.0905,90.4531
370.0809,72.9828,32.3393,89.9647
371.3392,72.6280,32.1197,89.5580
374.3031,72.9489,31.3566,88.8608
375.8929,73.8307,31.0921,88.8160
378.5816,72.7695,30.2554,88.9097
380.5661,72.2041,29.4963,88.2944
384.1557,72.6440,28.2014,89.0319
387.0059,71.4753,28.2528,89.1817
387.8790,71.9546,26.9120,87.7908
391.1793,73.4729,26.7096,88.3293
393.5166,72.2649,27.1717,90.4567
391.9547,72.8134,27.9165,92.2262
394.9979,71.7390,28.3109,92.1592
397.1555,70.8277,27.6659,89.9471
398.0251,72.4407,29.0855,89.6957
398.1181,72.0158,32.2374,89.4523
395.2380,72.9096,32.8820,90.8943
396.8053,72.2580,33.9537,90.7890
395.4557,75.3607,34.4920,92.4730
394.8739,73.8168,35.1921,92.5584
394.9048,74.7946,34.7949,91.3190
394.7570,77.8311,33.9317,91.5701
395.1413,76.6446,31.5204,92.5781
393.3688,76.5536,31.8760,91.4287
391.1485,79.2545,33.5491,91.2910
388.7461,79.8974,35.3632,91.5735
389.7863,77.9297,33.3123,92.7107
387.1278,79.8515,33.1148,93.7152
388.4641,79.8818,34.1273,96.2118
384.2914,81.7738,33.2000,93.4071
386.0353,83.8882,33.4696,95.4498
384.7876,85.4372,35.0725,95.4755
385.5070,85.1386,35.8303,95.6967
384.5648,89.1868,35.7353,96.8574
388.5899,90.4706,34.3800,96.1593
391.5977,91.3148,32.3670,97.3562
389.5021,91.5041,31.2159,100.0274
391.0035,90.7275,30.2222,100.9026
388.9908,92.0843,30.5641,99.9557
387.4855,93.6303,30.5029,100.3257
387.5848,93.5645,31.5813,100.5236
386.2829,95.3784,32.8405,100.2923
385.2475,94.2946,34.7302,101.8550
385.1325,95.2122,36.5704,102.7171
382.0714,98.6330,37.6601,101.4304
381.8873,98.4653,38.9026,102.7705
382.0096,96.2769,39.0421,105.9662
381.2530,97.7159,37.6731,106.7074
382.9031,99.4142,36.1828,105.9142
381.9614,100.1068,35.9420,104.6257
381.9019,100.4097,35.8841,103.2676
382.1376,105.3846,35.2743,98.5795
382.8353,107.0666,35.2854,98.2852
384.4203,106.8343,35.2082,98.5060
385.1426,107.1507,35.6832,97.9240
386.5463,109.1126,35.8870,98.0266
387.1457,108.8848,36.0052,98.8383
386.7209,110.4673,35.8757,98.6974
388.8734,111.7041,35.5257,98.3389
389.5205,113.2642,34.8699,96.5713
389.7721,114.6770,34.1760,94.5890
389.4199,116.8492,32.9078,91.2433
388.6812,116.9004,33.2052,92.8540
389.8436,118.2990,32.5251,91.4849
387.3420,119.4165,32.0660,90.9097
387.2458,120.2730,31.8812,90.9101
385.1018,120.9864,33.4395,91.0813
383.4801,124.1287,33.5557,91.4415
381.0333,123.6214,34.2156,92.6972
380.5012,127.1083,32.7510,92.4453
380.2065,131.6245,32.0050,90.8341
378.8363,131.5583,33.1934,91.2279
379.0887,137.0677,32.8529,90.2798
380.2846,139.4990,32.0350,88.9593
381.7646,143.6209,31.4399,86.6151
381.8900,146.4564,31.5438,84.8900
378.4110,148.0859,31.4012,84.5759
377.7183,150.0640,31.2044,84.0424
380.1074,150.3860,32.4742,83.3672
375.4983,149.7938,32.0199,84.0708
375.7393,150.9757,31.8636,84.0600
373.1434,151.6349,32.6555,84.0423
373.0310,151.5621,32.6161,83.8440
372.6096,150.7621,32.6236,83.8010
369.8280,151.7434,34.1114,83.4248
369.7396,152.2221,34.8089,82.9416
367.7413,151.9909,34.3497,83.2268
367.5407,153.0008,34.8085,84.7828
368.1413,150.9163,33.8719,85.2563
366.6569,149.0847,32.5125,85.2330
364.6549,148.3566,33.7531,87.2344
363.2658,146.9779,34.6945,88.6146
361.4589,146.7339,35.4448,89.0617
359.9592,140.2805,36.8777,93.2531
361.4442,138.1185,38.7930,95.3816
358.9501,128.5947,38.4181,101.2446
358.5638,125.1494,40.3825,107.2126
356.8410,125.3075,41.2687,109.3568
356.2564,123.3963,42.2126,111.2724
355.3896,116.3102,43.5513,117.4498
352.6665,123.1805,45.2520,113.6197
356.7746,126.7110,44.6264,110.2979
360.7050,124.6488,43.4702,113.5507
361.2126,125.0533,44.0920,116.8177
357.7364,127.1790,44.6738,117.0276
360.9129,125.0965,45.0422,118.7781
363.2082,125.8912,44.8263,119.9245
362.8921,129.8461,45.0784,117.8827
365.3000,134.8247,45.2553,114.7920
366.8068,136.2555,44.6223,115.9900
367.8485,140.9091,43.2657,112.1356
371.0355,141.0985,42.7238,112.6651
370.3972,142.4261,42.9396,112.5488
370.9533,141.9268,42.8610,111.6027
371.4723,139.8506,44.4667,112.7973
371.1024,139.5530,44.7691,114.8076
370.1227,141.4741,46.3689,115.4921
371.7788,142.0714,47.5166,113.6227
372.1651,142.3155,44.9166,115.2786
373.4264,143.8082,46.3578,113.9626
372.9384,142.0266,45.4475,114.3641
380.5446,141.5326,45.1589,112.8541
378.8011,138.6426,44.2279,114.2200
380.3596,138.4429,45.5430,114.0762
382.4007,141.3445,45.1560,113.7227
384.7818,139.0020,44.1063,114.7722
388.8215,139.4019,43.8616,114.9595
389.9742,139.3950,46.2187,115.6044
391.4738,138.7737,47.8046,116.6909
392.5213,136.8523,48.3434,118.2363
394.2040,136.6068,48.7450,119.6392
397.3075,134.3314,47.3589,120.8211
399.4964,131.9139,46.3475,122.6509
401.0831,132.6860,46.3922,124.4615
401.2983,134.0195,46.1997,124.5859
401.5110,134.9716,46.4892,127.1669
400.0395,134.4762,47.3487,129.4189
399.9121,132.2395,46.8672,131.5630
397.8864,128.2986,47.0790,136.1040
396.1981,128.4119,47.0376,136.1985
393.9459,124.5101,47.2732,140.6082
392.8189,125.8007,47.3936,140.3869
393.0968,125.3111,47.0333,140.2445
396.5873,124.5459,47.2382,139.5494
393.8912,124.0933,48.9760,142.6017
394.2939,123.7668,50.6528,142.4749
394.2851,123.1381,51.8322,144.0367
391.1961,124.2167,51.7676,144.0995
393.4986,121.0102,49.4471,146.7027
393.3621,118.4722,50.8609,148.2929
398.5777,117.6786,50.4937,147.3767
397.6278,114.9872,51.6945,149.5460
400.3116,119.7976,51.1377,148.3214
399.1640,120.3690,51.6609,148.9735
401.3817,119.7343,52.3179,149.4729
401.0863,122.7586,52.6365,148.8454
403.7415,120.7560,52.9290,149.0998
403.0208,119.7937,54.1057,149.3777
404.1325,117.0077,54.3409,148.7610
402.9647,117.3694,54.1147,148.8581
404.2414,117.6035,54.3667,147.8341
401.0384,116.4784,55.2185,150.6585
403.0783,118.7592,56.0931,149.2277
402.4672,121.0657,55.6330,150.2847
402.4212,121.7981,55.4042,150.9078
405.7202,122.9597,55.1251,150.0833
408.6865,123.2827,55.0979,150.6793
413.4074,126.5519,55.1196,150.9867
414.1216,126.9914,54.2253,150.4552
416.9341,130.5362,54.2910,147.4768
419.8329,129.5180,53.0867,146.0146
418.3921,132.2474,52.7842,144.5005
423.1425,132.2286,52.3443,145.9625
422.8798,129.1678,52.0124,146.3595
426.7952,131.9952,52.0114,146.8878
424.4348,131.4587,51.7460,145.9886
427.2444,128.9155,51.8230,146.1631
425.1501,124.1017,51.3466,146.4279
426.6291,119.7735,51.7490,147.8751
423.8660,117.4006,53.5744,149.6372
427.3669,112.5155,53.4688,150.5605
422.1015,113.2468,55.2191,151.5006
418.9463,113.1558,54.9136,150.9105
421.1870,113.3841,56.5690,153.5172
419.7433,113.8076,57.9300,156.4339
421.9785,119.8181,56.8294,154.8734
416.4969,120.6911,56.6667,154.6199
417.6970,122.0276,56.5130,154.6324
419.6415,127.7491,56.0241,153.6364
420.4360,130.2132,55.4985,152.6622
420.5983,132.7557,54.7003,151.4527
420.9149,134.4675,53.2130,149.5320
418.9345,133.7020,52.2401,150.4740
419.8261,135.6515,51.8291,149.3576
419.2590,134.7299,50.9484,150.3199
418.7642,137.1602,50.6667,150.0758
417.9867,136.4868,52.9675,148.4155
418.5818,138.6226,53.1992,148.0998
420.4038,141.3783,52.2923,146.9654
420.5230,139.7505,52.1729,146.8404
423.7783,141.9116,51.0645,145.5528
422.4992,137.7358,51.6924,144.5447
426.3225,139.6063,49.7280,142.6619
425.6170,138.5951,49.6639,142.7032
429.0100,138.2684,48.8470,141.0600
429.0157,136.2427,49.0024,141.8042
428.5628,135.7271,51.0638,146.8749
429.1876,135.2730,50.4568,144.7939
429.3799,136.0677,51.2135,143.8998
429.8841,136.3019,51.3265,146.6857
430.4464,135.7393,51.3934,147.8383
430.3238,137.7103,52.2227,146.8456
431.0804,138.3768,52.5440,148.1974
429.6438,136.0298,53.9400,146.7086
427.3709,138.5933,54.9161,146.3584
428.8669,138.4310,54.1843,147.5906
429.2147,137.2371,54.1194,149.9982
429.5663,136.3671,53.1814,151.4830
428.2896,137.4069,52.6580,151.8761
428.3188,141.8082,51.5281,148.4889
424.9241,143.4171,51.7712,147.7931
422.7589,148.1431,52.7528,145.6943
424.5905,143.6951,52.3039,145.4535
423.6809,146.3523,51.1743,147.2229
424.1137,141.4702,50.0090,149.2191
421.5958,138.3531,52.0505,153.1772
419.2843,138.6307,51.7517,153.8658
416.0332,135.8782,51.7064,154.2522
414.2780,138.2827,49.8088,151.2248
412.0027,133.0031,52.9562,154.6576
411.4120,131.4469,51.7275,154.4283
409.2332,127.8237,51.2717,154.7041
406.8803,128.5074,50.4316,152.7866
403.3391,124.5576,50.7558,153.5889
401.9587,122.4233,50.9436,153.9421
401.4601,118.7159,50.7232,153.4871
400.7217,115.1216,49.7300,152.7029
401.9417,113.2155,49.4088,152.2292
403.3364,109.6209,49.4850,152.5663
403.8535,108.7739,52.1501,154.6048
403.9080,105.0642,53.4601,157.1818
403.5103,99.3174,53.9369,159.6454
411.5128,92.4312,49.4616,161.3274
413.0603,97.7783,47.6775,154.5455
409.4958,97.8311,50.9421,150.9479
411.8974,101.2808,51.3419,150.4771
409.0919,98.6045,52.5235,150.0320
412.8505,101.3097,51.8143,150.0076
412.1594,97.8711,52.8006,149.5218
408.7382,95.6307,53.9471,151.6147
412.2633,94.8296,53.1952,151.7028
408.4133,91.9705,53.6398,152.2372
412.4721,95.0467,51.9521,149.9284
410.0329,91.8006,52.1520,151.9260
411.2193,96.0578,50.5996,149.1015
410.2648,93.0366,50.8738,148.9045
413.0237,95.1327,50.2802,148.5962
413.1481,94.7188,49.6793,146.4936
414.8017,92.7527,49.5027,146.5524
415.4383,89.8223,47.9704,146.5275
416.7481,90.9769,48.3532,147.6986
415.7908,91.3991,48.8604,147.9444
416.2903,93.3736,49.9843,149.1132
416.9970,89.8797,51.0233,152.5122
416.5017,86.3256,52.6024,154.9572
418.0502,91.5731,51.9364,151.3317
417.2042,87.4509,52.0341,152.2681
419.9597,93.3492,50.2181,150.5534
420.5514,90.7910,49.2382,150.2309
420.4132,94.2073,49.1608,150.6565
416.5231,96.2552,51.3988,149.1320
419.5661,98.3241,50.7905,146.5121
422.1288,101.0024,50.0287,148.0451
416.7035,99.1851,52.4386,148.6808
420.6532,104.1369,51.1543,146.3555
422.2772,102.6143,50.9231,146.3298
421.6243,103.7592,51.0921,148.8856
422.0599,103.3554,50.2900,148.7509
421.6397,105.4420,49.3812,150.1118
422.8852,108.8224,49.7981,148.6788
421.9964,111.1825,50.2707,147.7470
422.3025,113.1852,50.2027,148.5715
421.0513,118.0994,50.6275,148.2317
420.4821,118.9259,52.1524,147.8340
421.5413,122.7786,50.6517,148.3544
419.8009,123.6892,52.1640,149.6472
418.2264,122.9148,52.3036,149.1065
416.8986,129.0129,52.3973,149.5109
414.8372,130.7009,53.0018,149.0577
416.1067,132.3634,52.5613,149.1172
415.8645,134.5303,52.7947,149.8443
413.0625,136.5878,53.1870,150.8125
415.4386,140.3000,51.7045,150.8154
412.6759,140.9017,52.3714,151.2672
413.1771,143.9217,52.0785,149.5777
411.8788,143.2516,52.5942,149.5229
412.4050,142.7968,52.5308,148.5683
412.6114,145.5030,52.4034,149.5810
413.5345,144.1656,53.3803,148.8907
413.0215,145.1099,53.3244,149.2657
415.4904,144.3886,52.4096,148.9549
413.1348,145.7941,53.1027,150.2337
414.4910,146.9298,52.3788,148.2054
413.2618,143.7216,53.5585,150.5029
415.8402,147.7476,52.6549,147.8083
416.0632,143.0193,53.5558,148.8597
413.7587,148.5973,54.6664,149.4627
413.6035,144.0709,54.7326,149.2554
413.9980,146.9126,55.5319,147.6013
414.9254,146.7670,54.5789,147.2772
417.4163,147.0234,51.2713,147.7030
420.1373,145.2167,49.0039,147.6743
419.5582,148.0001,46.9738,149.2085
420.3765,141.5515,47.6116,150.4581
419.8594,145.0991,46.3517,150.9699
419.8423,140.0072,46.5011,150.4939
420.3546,144.4921,50.2121,148.2601
418.3964,142.2663,50.1974,149.5670
419.5456,143.4883,49.9663,147.8125
420.0739,140.4413,49.5812,148.3845
418.4592,142.9300,49.3124,148.8403
419.4102,142.1512,50.2914,147.7652
419.5805,141.5674,51.3475,148.3615
419.3492,142.5227,51.3536,148.2620
419.7690,140.4963,50.2996,149.5030
419.6896,142.9668,49.8626,149.0928
420.5760,139.6576,49.1738,149.3085
418.3058,144.0535,48.8924,149.5356
418.4573,141.5565,48.8410,148.5581
419.3274,144.3067,45.9882,149.7941
419.9092,139.4276,46.2851,149.3430
414.5354,141.9049,48.2077,149.1618
414.4789,139.7840,51.1730,151.7200
417.2102,135.2142,50.6432,151.8043
413.9254,135.2910,49.0096,155.2686
411.5708,134.7165,49.4469,156.2584
408.3802,137.9726,51.4915,154.5319
404.8058,140.1520,55.1677,157.9911
404.7852,129.2519,57.8951,162.4828
403.0941,128.5137,59.0983,166.3365
403.1298,131.5683,60.2698,165.3121
404.2499,129.2124,63.5148,166.3590
403.4926,119.1596,67.5533,174.0088
403.5276,115.4605,69.4691,175.9376
400.3327,112.3997,70.0238,179.7112
399.2102,107.9879,75.1410,181.9716
398.9453,105.7234,77.8771,184.6056
398.5533,108.2534,77.8765,183.0292
397.9264,108.1242,80.6706,183.5368
398.5124,107.0224,81.7621,185.6669
393.0370,104.6365,86.0813,190.6067
393.0970,105.5903,88.7262,194.0924
392.6533,106.5849,91.4079,191.1312
393.7639,105.8403,91.5110,192.1674
395.9103,103.4290,89.5136,194.6201
394.7762,103.6385,86.1562,195.8719
396.9727,104.1037,85.8711,196.9575
397.7278,101.3166,84.4036,199.0259
397.8100,104.9320,82.6696,196.7823
399.4741,102.7926,80.1590,197.3668
396.1618,102.1917,79.5622,199.1796
398.0321,104.0223,79.2440,197.7637
399.1967,103.2125,76.7162,198.0455
398.3044,107.0888,75.8886,195.9048
399.2152,106.0997,75.0623,196.7263
395.2298,110.2759,73.6643,193.3143
398.9626,113.7970,72.5808,189.1171
400.5198,116.0818,69.8707,185.4374
400.2566,120.0546,67.6887,180.3376
401.0444,121.7841,66.6444,178.0007
399.3141,120.0580,65.5433,175.0098
397.4348,123.0344,65.2223,174.1255
396.3160,121.0294,65.4910,175.0616
395.4994,126.0654,63.0661,170.1774
400.1129,129.4328,59.0284,167.4108
400.7338,133.3104,56.1051,163.7946
398.7796,135.3700,56.5067,162.0072
399.9812,134.6206,55.3006,158.9918
400.3264,138.7556,55.2650,156.3837
400.0613,140.9463,54.4212,154.3240
397.9766,142.4767,54.8067,153.7443
398.4523,142.0072,56.1786,152.8740
395.6239,142.6960,57.4339,151.0375
400.1618,142.0870,55.7406,149.8345
394.9120,141.0125,58.8257,150.2038
396.4190,140.5871,61.7255,148.4585
396.6740,140.1730,61.2266,146.6888
396.2746,140.9981,64.1122,146.1131
400.0500,138.1532,64.2683,146.5116
401.0757,136.5194,63.5455,146.6351
398.4265,134.4568,64.2523,146.2502
397.0552,135.5132,62.6641,147.0162
395.1875,133.6937,60.6759,145.2710
393.6510,134.9123,60.5091,144.7794
391.6752,131.6650,61.0784,144.8617
387.3668,132.1734,61.3929,143.8365
389.5241,132.4027,64.6570,142.7315
387.9993,132.3609,65.3877,142.5072
385.4529,132.8273,65.5096,142.2492
386.3132,130.5220,67.1865,146.5148
376.6874,129.5218,72.4975,144.5290
377.4212,128.3792,72.5906,142.8288
375.1403,128.3731,74.4296,140.6147
372.0456,129.6885,70.2619,140.6629
371.8437,131.0367,68.3950,142.1281
368.1165,132.2434,67.1983,142.8276
365.5748,132.6451,66.9800,141.0687
363.3857,134.6431,65.7029,138.6438
358.4443,134.6369,64.3245,139.0035
355.8940,135.5083,65.2369,140.4782
355.7455,132.3079,63.7597,142.4077
352.4648,131.2950,63.3182,141.5023
351.2159,129.9310,62.8500,142.0837
353.2773,130.8821,61.9665,141.6184
352.5438,130.8461,61.2937,142.0676
354.6516,131.4330,60.6430,143.1732
354.9930,132.1454,59.9707,144.6339
357.7741,134.4894,57.7850,145.4192
359.5326,135.1588,57.1094,145.1249
366.1905,136.5437,53.4568,144.3752
371.7749,139.2203,51.9491,142.7328
369.0694,141.5106,54.0563,140.2052
372.3109,144.0155,53.7845,138.9028
371.7667,144.3371,55.3804,139.7729
374.2468,146.1608,55.4508,140.3174
374.7615,147.5834,55.1768,139.4344
375.8085,150.6885,54.9084,140.9500
374.7312,153.6563,53.1350,139.3789
374.1989,155.4697,51.8492,138.5636
374.4141,156.4006,51.1291,137.9576
375.5839,158.8214,51.7669,138.6046
374.9529,159.6008,52.1487,138.7489
375.4389,163.4076,53.4209,137.6796
377.2082,162.1315,51.5558,139.0031
376.4808,161.1837,50.9290,138.6203
376.7464,163.1708,52.6029,137.4345
378.1391,163.4277,52.3135,137.7155
380.2797,164.1477,50.8377,137.9275
383.4246,166.3177,50.1428,137.6915
385.3301,167.2709,50.4820,137.4705
386.9833,169.3123,50.3394,136.9601
390.2097,171.4532,50.6631,135.9570
391.0209,176.8784,52.8632,133.2853
391.6424,180.6316,54.1127,129.4965
393.3242,184.6756,52.9404,126.2482
394.2305,191.9399,53.1676,121.8598
393.9417,195.0195,55.2275,120.1071
390.9204,196.5461,57.2452,118.1398
394.7378,196.0994,57.3956,119.6428
392.4344,195.8300,57.8948,119.7749
389.6146,193.6009,57.4835,118.5002
392.3687,190.4533,56.9538,119.2396
391.2381,189.6317,57.0889,119.5798
390.8356,190.8009,57.4033,119.1039
390.4586,190.7184,57.6578,118.1123
390.8356,190.7769,58.1833,119.1378
389.0479,190.1768,58.1666,118.8857
387.0874,188.9839,58.4216,119.5250
388.0475,190.3821,57.0556,118.0026
389.0380,189.9981,56.7158,118.2472
388.2826,189.8815,57.1389,117.8202
380.4204,188.4321,59.1394,118.2702
382.7191,188.9888,60.3189,118.1158
378.6959,190.7929,65.0815,116.7304
374.7443,190.4301,68.0338,117.1566
374.7123,188.5382,68.6861,116.7797
376.7250,187.7396,70.8026,116.3304
375.3463,186.6008,69.4064,117.6614
374.6577,182.3465,67.5221,119.1296
375.2128,179.0529,66.9757,118.6493
374.3112,176.7816,66.6642,117.0691
372.7375,175.6264,65.7778,116.9368
370.0757,173.6660,64.7032,115.7870
370.7657,171.9266,65.0630,115.3707
370.1382,168.3167,62.2540,116.5409
371.4189,165.6818,61.3350,116.3484
372.3463,165.2432,58.7179,116.6773
373.6526,159.7179,55.5401,119.6766
372.0334,157.7469,53.9711,121.2367
371.9998,155.1157,53.3535,121.4960
372.0326,151.2221,53.7678,120.5813
375.2371,150.9892,53.2278,119.1134
374.5888,150.7275,53.5858,118.8523
377.8005,150.7489,53.2685,118.4458
381.2662,154.2236,51.7962,115.7893
383.9759,152.0141,46.4716,115.7071
391.1528,156.5211,44.0676,112.0537
388.0426,159.8007,45.3542,107.1088
386.8839,158.7279,49.7039,103.5982
382.7896,161.6911,54.3984,98.9844
373.7030,139.7751,57.6743,104.8840
374.2582,143.5662,59.2798,104.6963
376.1853,140.0716,59.7592,102.0691
372.3810,137.5126,60.6195,105.3238
379.6678,126.2475,62.0751,108.6169
370.3314,124.0186,62.0394,116.7823
369.8392,130.7372,54.0108,119.4147
376.4409,128.7288,49.2527,118.8386
374.6399,128.5380,46.6160,118.4242
372.6939,131.2094,47.8848,118.6881
371.1094,134.0046,50.6114,118.6314
369.7969,137.5183,51.7253,117.3046
367.4060,141.0343,57.6756,112.9225
365.2219,140.8603,58.6404,113.9060
364.3576,141.9955,58.5940,114.7132
362.9750,138.6707,58.4442,115.0983
363.1940,139.5701,54.2279,115.5647
361.9253,140.1466,53.0011,115.5177
362.8284,140.0005,50.6139,115.0381
355.9120,141.9506,53.4513,114.3303
355.8532,139.7922,52.5336,114.8052
355.8383,139.9527,51.2206,116.9824
358.4525,139.6371,49.7345,118.3699
356.0942,140.3167,50.1473,119.6109
354.8749,140.2858,50.1644,118.7447
354.7470,139.9515,49.7219,122.6031
353.2774,141.8790,49.7850,122.8140
352.5410,144.7345,50.0443,122.4841
352.3942,146.3616,50.2271,122.8850
352.6982,146.1821,50.6089,123.8785
351.5552,146.7432,51.4021,125.6114
352.0423,148.5632,52.2062,125.5879
350.7380,151.2197,51.7089,124.3916
351.2109,153.9011,51.0241,122.5496
351.1852,156.1245,50.9970,119.5711
350.3935,159.5448,50.6582,118.5986
349.5181,161.1382,50.4633,116.7938
347.9170,165.2690,50.4325,116.2941
347.5758,166.9426,49.5451,115.6972
348.8975,168.9471,49.5977,114.9025
348.0590,168.7846,49.5075,117.2009
349.0935,168.3744,48.8324,118.3191
348.3033,169.5078,48.7284,118.5366
348.1868,169.6691,49.0643,117.8817
348.5814,170.4790,48.9149,117.9094
347.9727,171.1563,49.0109,118.5532
346.7133,173.6860,49.9146,116.2990
347.0677,173.3533,49.7961,116.5209
346.2134,174.1897,49.0703,117.4103
345.1952,176.3940,48.6557,118.9547
344.7681,174.9285,48.3782,119.7206
344.1594,176.0394,47.3398,119.0386
344.2911,174.8089,47.4751,117.9083
342.3527,174.0752,47.2931,117.4623
341.8121,175.0238,47.3451,118.1486
340.6012,174.9012,46.8581,117.3505
340.4067,176.2762,46.6776,117.9964
339.5625,177.5721,46.5801,117.4737
337.1679,179.9279,46.5310,117.3017
336.1466,179.4408,47.0110,116.8913
334.4478,183.0008,46.7120,117.2798
332.3154,183.2088,48.9118,115.0735
329.3717,183.5353,49.6461,114.7253
325.9518,184.9330,50.2812,116.3297
323.7823,186.7648,51.2326,115.2499
324.0370,187.0692,51.1169,116.2451
323.3145,187.9509,50.4906,115.0334
322.1003,189.0271,49.7093,115.6966
321.2119,190.8201,49.2133,116.2880
316.8713,192.2307,48.9625,115.8865
317.5109,191.7344,48.6467,115.7197
314.6884,192.6371,48.2473,116.1277
312.2795,193.3877,47.6385,114.6136
312.7390,193.0536,48.8638,114.8626
309.1396,194.2746,49.1111,113.8865
306.0240,194.8202,49.1710,113.9733
303.5992,194.3643,48.0973,113.0360
302.2926,197.3162,48.0062,112.7305
299.6528,197.7216,47.9988,111.6249
298.0370,196.5772,47.9173,112.0585
294.6797,195.6858,47.8426,111.4086
291.7505,196.3823,48.2201,110.9987
289.8909,195.9570,48.3248,110.6844
288.8948,195.2791,47.9459,112.0849
284.9106,196.5893,48.8109,113.3762
283.4102,196.8171,48.2720,112.1066
280.0598,197.8226,48.8858,112.0887
276.1025,198.3939,49.9428,112.4568
274.5523,197.6887,49.5946,111.9419
270.6641,197.9051,49.2573,111.3204
268.0260,198.2683,51.1770,109.5585
264.6826,197.1510,50.3640,110.0767
262.3288,198.9570,50.1301,110.6674
262.8195,200.3687,49.9782,110.1931
259.6477,200.8062,48.9879,109.9873
255.9713,201.5940,48.9207,110.5955
252.3208,202.5837,48.4193,111.3864
252.0677,203.6473,48.5299,110.2249
248.2988,203.0549,48.0161,111.1759
246.8533,204.1302,48.6233,110.1851
244.0745,205.0172,49.6082,109.3575
239.7312,204.6884,49.5880,109.5235
239.4370,206.1094,49.2643,109.0248
235.9905,206.2688,50.0155,109.3888
235.4191,207.5428,50.0732,108.7316
232.6615,207.9213,50.3278,108.6434
228.8758,208.3656,51.2320,107.6800
226.8021,208.4911,51.9101,107.7099
224.2721,208.6606,52.0512,107.1449
222.3894,208.1454,52.1588,106.0820
