1
697.6516,243.0658,35.7607,68.8478
694.6957,243.2490,34.7009,68.4480
691.9989,240.4036,34.1926,69.2558
688.0792,239.6847,35.1529,67.5168
684.8702,239.6447,33.3032,67.9198
683.6240,237.3416,32.4819,65.7448
683.0911,236.4794,31.8429,64.4549
678.0442,237.2766,32.0222,65.7393
675.5533,237.5613,31.3114,66.7970
674.1127,238.9993,31.7858,65.2604
673.6103,242.8025,30.6159,64.0310
669.7869,245.8499,32.3932,61.8855
665.1100,245.6481,33.7074,60.6952
659.7095,244.2336,34.3678,60.3211
652.2690,243.7554,34.7267,60.0061
647.6063,244.3579,35.0860,58.8330
645.0806,246.3457,34.1916,59.8998
639.6572,246.5739,33.8606,58.3650
634.8597,246.0548,33.9205,57.9263
635.7278,247.6649,31.9552,55.7526
633.5564,245.3027,31.1597,53.7127
628.3738,245.1627,31.0788,55.2933
625.8107,245.6011,31.3129,55.6368
623.8195,244.3487,31.4257,55.8430
618.5101,245.8202,31.2855,56.2806
615.0411,244.5943,32.0063,57.5059
611.9762,245.7677,31.1916,58.7079
610.2386,243.0224,30.3380,57.5097
608.6545,245.5646,30.0766,55.7674
603.4448,245.6727,30.3549,55.4379
600.1512,245.8531,29.8585,54.2630
598.5838,245.8559,28.8911,53.9358
596.2516,244.9893,28.3207,54.5516
594.4980,244.5296,27.6707,54.1212
591.2462,243.9055,27.1284,53.7129
588.2000,244.4998,27.2799,52.4726
584.2814,245.0614,27.8411,53.1948
579.4595,244.5694,27.5068,56.3338
578.5555,243.4038,26.6500,55.2001
574.8771,242.8933,26.8479,58.6262
571.5791,241.6757,26.8692,58.9691
567.3466,242.0236,27.9926,57.2219
563.0955,241.6132,28.4280,58.6645
558.5840,239.0748,30.7179,57.6641
557.8377,242.0115,29.8909,60.1435
554.3403,240.6668,29.7796,61.2150
549.9476,241.7510,29.4979,57.9948
546.0821,241.5329,29.0861,57.0351
544.2296,241.9525,28.6714,56.4515
542.7045,242.4999,28.4446,55.9785
540.7828,243.5171,28.6415,54.4615
539.5851,243.8245,28.8724,54.3618
538.2457,242.9206,28.5292,54.4143
538.1349,243.7636,28.6081,55.1584
537.2019,242.8837,28.4964,56.9065
538.9388,243.4858,27.7276,57.8077
536.7881,243.7995,27.8583,58.4685
536.8198,243.8643,28.0422,57.5845
535.7808,245.9688,27.5850,57.7169
535.2526,244.4401,28.2887,59.7104
535.2199,243.8383,29.1024,59.0108
535.7095,243.1598,29.8078,59.5881
532.5778,240.5097,29.3375,61.8269
531.6941,240.4423,30.3539,61.2769
532.2288,239.7291,29.9024,60.7865
532.4586,239.3306,28.7507,59.7349
530.4299,242.4392,27.9486,57.9673
530.7702,240.4773,27.8900,57.5619
531.1489,239.8674,27.9777,56.2684
531.3710,238.7394,27.3590,54.2846
529.5869,240.2593,28.4169,52.4363
529.4261,237.1242,27.9893,53.5146
531.2316,239.0890,27.7270,49.8852
531.3839,241.1535,26.9363,47.2901
533.0695,241.1494,26.6128,46.8480
533.2689,241.7794,26.8198,47.2039
535.2353,240.8217,27.0184,46.8959
538.0541,240.9364,27.9460,48.1561
537.0458,240.5698,30.1026,47.4346
536.1832,244.8309,29.0807,46.6102
536.4241,244.7572,27.9690,46.1838
540.7117,242.5527,29.1229,49.1434
543.0464,244.5474,30.8452,47.3682
546.1846,243.7212,29.6065,45.6037
546.8560,243.2883,27.4959,43.6104
549.0361,242.8335,24.0649,42.9571
551.4408,242.4250,22.5968,42.4589
553.0347,245.3166,22.4584,40.8458
556.1191,244.4153,23.2278,41.5711
559.9755,251.6064,23.5498,40.2935
563.3594,249.3812,24.0607,39.2752
568.2890,245.3087,23.2463,40.1473
572.1193,247.1035,24.0339,40.2815
575.6406,246.3377,24.9168,42.1949
576.2569,242.8299,25.8361,44.1646
577.4381,242.4891,26.5947,45.4627
580.3300,239.0553,27.7882,47.2298
582.2724,242.6441,27.4193,46.4085
585.9239,243.5715,27.0519,45.2945
585.8746,237.3589,29.1719,49.0285
588.1336,241.9412,29.0331,48.7438
587.6960,241.3470,31.2615,48.4750
589.2346,238.5870,31.6151,50.2822
589.9539,237.5158,33.7731,53.0944
593.6821,239.5216,33.0741,52.1748
595.7236,238.4941,32.8594,53.0403
596.7569,238.9457,32.4523,52.7358
598.6635,239.9718,32.1926,53.1060
598.8170,235.8946,33.0614,54.1951
600.1914,236.7942,32.5861,53.2113
601.1240,234.5911,31.2594,54.8427
601.7204,237.8064,30.5867,53.7339
600.1691,239.2341,30.2664,51.9940
597.9429,240.2370,31.4637,49.9565
596.0458,235.5962,29.2173,51.2309
591.6403,237.4571,28.7021,50.4116
585.1333,235.2912,28.7461,50.6675
578.6706,235.3927,28.8964,49.6050
572.9969,237.1964,28.2877,50.3106
566.3172,233.7023,28.8516,49.5750
559.5549,234.4386,30.2532,47.3010
551.4739,233.5781,29.5103,47.0572
542.6884,232.3011,30.0449,46.6556
534.1432,232.6893,30.6659,45.1050
525.8552,228.6091,30.5778,44.9239
518.5583,229.8806,31.0009,41.2915
509.2768,229.2784,30.3221,40.4912
504.0614,228.8824,30.8949,39.8131
497.5764,232.2298,30.0632,39.5766
489.0588,231.5161,30.3552,39.4233
476.7970,231.4398,30.0569,39.4545
465.8109,236.4465,29.9100,39.9664
457.0138,239.7543,30.5371,37.7531
446.0382,244.1196,32.3190,37.7951
429.1555,242.4532,33.5365,39.0536
415.8865,242.9076,33.9409,38.8134
407.2345,246.5692,34.0882,38.0291
397.1546,247.0539,34.6954,36.9456
385.3452,248.9909,33.8797,36.4329
370.2253,247.8110,34.5623,37.4146
355.7054,246.9627,37.0649,39.6246
337.0599,250.8649,39.9333,40.7132
310.1988,249.6967,43.7579,44.5640
291.2691,251.1263,45.0822,46.2881
269.2836,247.2704,45.9106,48.1010
248.7241,248.7633,44.7891,48.6969
230.1927,250.1265,42.0695,49.4148
204.4093,249.6413,42.0408,47.4625
189.9721,250.4944,40.4409,46.2405
176.0574,251.4898,40.1726,46.5472
152.0877,249.9410,37.8334,47.8596
140.5551,252.9250,34.7599,47.1849
131.0149,256.3659,33.2616,48.9807
117.4299,256.6812,33.8949,48.5351
101.5743,256.6444,34.7977,48.3583
89.1753,256.6840,36.1223,47.9369
85.6701,259.8629,32.8660,50.3516
82.8409,261.3126,33.1619,51.0062
80.4944,260.5707,32.8958,50.7602
80.6677,261.4211,33.0742,51.7069
80.6891,259.7547,33.2466,53.4205
81.9600,259.2653,32.1287,50.7155
84.6598,259.2056,30.6802,46.4751
89.0476,263.0169,30.4137,41.8962
92.6529,266.3497,30.2814,38.8525
94.3948,269.1505,31.3727,37.0402
94.4581,271.1491,30.8158,33.8648
95.2907,271.6767,31.5012,34.1888
94.0548,272.4250,31.8749,35.5421
93.1593,270.2737,30.9737,36.4807
95.5759,269.9043,32.4381,38.5136
97.3444,268.2373,31.4706,37.0738
97.0749,272.9467,31.2147,36.9249
99.2870,272.2519,32.2335,40.3917
102.8076,274.0494,32.5851,40.8818
109.2743,277.1388,35.8284,44.4841
114.6577,273.0447,35.5055,44.4693
118.5720,269.7047,35.3764,47.6425
128.7818,268.8686,37.2065,47.1134
138.8312,271.5797,40.4452,50.4603
144.9870,270.7786,40.5162,50.9861
156.4940,266.0097,38.9641,47.3401
164.5830,267.1408,39.6401,49.4527
176.1880,263.7529,39.3454,49.3069
187.9556,263.2439,35.6275,43.8335
196.7890,266.6083,32.4662,40.2896
205.7615,267.9538,30.7151,37.1868
214.6441,269.8005,28.9751,34.3938
222.9884,269.4377,27.4034,31.8890
229.8608,271.5705,26.2270,30.9424
236.5039,270.7427,26.4346,30.1477
243.6445,271.3405,25.4523,28.1318
249.5235,270.2193,25.9230,29.8735
255.7241,265.3792,26.8245,33.2505
261.9782,263.7711,26.7372,38.1148
268.5546,262.4486,26.5828,40.9572
274.2700,259.7113,27.6062,45.2158
280.8820,261.7759,30.5565,47.5158
286.7720,253.1885,29.3581,48.6332
301.2605,260.6143,28.1586,46.9538
308.4721,261.8833,27.8213,47.7779
317.6762,259.2988,28.3677,47.2817
326.8844,263.0093,29.1287,44.5998
330.3808,265.6299,27.5806,45.6983
339.1846,263.0346,25.9380,45.3369
345.5015,262.3759,25.9006,44.9993
355.1369,261.1394,26.0137,44.5645
362.9232,261.5993,24.9945,44.3064
370.9709,259.6682,24.9346,44.3402
377.8802,260.6934,25.6249,44.1334
384.1361,261.1413,26.4150,44.7371
392.7539,261.8675,27.3348,44.8863
396.7214,263.6203,26.9995,43.9972
404.3839,263.0002,26.1058,43.8821
410.1034,263.4751,27.2450,43.4660
418.7162,263.0520,26.7922,42.9786
425.5982,262.1859,27.5558,42.2082
435.3023,261.7844,28.3431,42.0415
443.4587,261.1661,28.7870,42.1742
452.0519,261.9290,27.2379,43.9291
455.3408,262.1096,27.0511,44.9756
461.9796,263.1682,26.8154,45.3193
470.2947,265.5904,26.6300,45.3716
477.5833,264.8818,25.8480,45.8362
480.4168,265.9691,25.1350,47.4726
484.0495,266.5005,24.6940,46.6064
486.2818,266.2344,25.0400,48.5988
488.2039,266.0616,23.3147,49.2479
490.7087,260.2235,24.0944,51.3225
492.9814,256.6278,23.5110,51.7969
494.0926,255.7083,23.8936,52.0870
493.2500,256.3208,24.1865,52.2741
492.4919,260.5287,25.0969,51.7902
490.5773,259.7495,25.3547,52.8887
492.9373,259.1907,24.4076,50.2488
492.6196,260.4154,26.8244,50.1356
493.3459,258.0193,27.4149,49.5868
496.5216,263.6502,27.8572,48.8606
496.8008,265.4667,28.7063,48.6397
495.0519,262.0504,30.0121,47.9767
489.7382,263.5338,30.7516,46.6997
480.8006,261.4807,31.5420,47.9081
465.3675,260.0637,33.3757,49.3433
450.9392,254.8407,32.2379,51.5457
436.2355,252.8297,31.5505,50.6194
420.8747,251.8591,31.8335,52.0671
404.2164,254.2257,32.1013,50.4481
390.0864,255.9599,33.8581,49.0706
375.9258,255.6512,33.8523,49.7856
362.8953,260.2352,33.8417,49.6978
349.9891,262.3346,33.1034,47.8423
335.6599,262.6983,33.6175,48.9110
323.7061,263.9177,33.9955,48.3848
310.5540,264.7610,33.8279,47.2200
303.2203,266.4358,31.5302,45.5569
292.5674,267.4003,32.8539,44.2678
290.2412,274.1560,32.5894,43.9466
285.8879,275.1773,32.9094,42.3707
279.6642,277.3839,34.9071,40.1378
280.4120,278.9609,32.9422,40.7475
271.9533,279.9275,33.3251,42.1950
265.9889,282.6116,32.1354,43.8595
260.4868,283.8482,30.1351,44.1536
252.7323,287.5183,29.7948,42.8375
239.6753,292.0162,31.6059,41.5545
228.0523,294.9042,32.9063,43.3083
215.3913,293.7792,33.3623,45.2325
207.9615,293.4681,34.0666,42.1027
196.9703,297.2150,32.9146,39.4141
188.2464,297.2248,30.5259,41.8302
175.7088,297.9478,30.5342,41.9201
166.1250,296.2381,29.8700,46.0650
161.6454,294.0082,28.7026,45.7642
161.6378,295.9850,29.8406,46.0327
168.3087,297.5652,33.5942,44.0033
164.8165,294.9969,36.6746,42.8865
174.7750,306.6288,39.3830,44.4781
162.6703,335.3860,42.8123,49.2210
161.5201,336.1404,43.7483,55.0460
159.7517,333.6394,44.0697,55.8689
161.0128,337.5341,44.6502,56.4599
2
0
0
0
0
1
235.8833,305.0797,30.6906,38.6426
236.0992,303.5412,29.7437,38.4804
240.1325,303.1877,29.9436,42.1581
240.3251,299.6426,32.2375,41.0174
245.2210,298.7376,35.7425,41.3330
246.0464,296.4039,36.7253,42.6581
256.5303,293.4816,35.1835,45.2455
260.5472,293.3726,36.0769,43.6755
266.9695,295.1957,34.3726,43.5871
274.5418,298.3262,32.4177,41.3489
281.4900,298.7352,31.4135,38.3353
290.2710,299.9066,30.2575,38.7577
293.5933,299.4689,30.1823,39.1652
300.6726,295.5058,30.8259,39.8486
304.2715,296.4413,31.0781,41.4981
308.1188,295.6677,32.6432,41.2540
316.1906,296.2542,30.9734,44.2317
323.1951,291.8724,30.6573,44.1507
331.0348,296.4500,31.5933,44.3442
336.6700,296.7459,32.3445,44.3258
343.4897,295.8123,33.6157,44.8918
349.5513,297.3533,34.3893,45.9424
354.6689,296.8991,33.6812,45.2366
359.5742,297.4380,31.5815,47.0342
361.3992,298.3817,31.2876,48.2588
363.3810,301.3947,32.4301,46.7762
366.4355,300.9322,34.0236,45.8042
370.5667,303.0644,33.1279,45.4619
370.2986,300.9637,31.7699,43.1243
365.8612,302.9365,30.5438,41.5109
368.4007,300.1551,30.3498,40.6035
377.3674,303.0450,30.6853,40.4574
371.7631,294.0383,30.5218,41.1290
377.1049,283.7902,30.2054,40.1854
380.0814,282.0706,27.3597,39.5782
384.8260,285.3459,24.7291,36.6609
385.3423,280.7243,24.8627,35.5048
382.7699,281.0524,25.3416,32.2967
386.9039,282.8751,22.0874,32.1715
388.8689,280.0768,20.6318,30.0901
388.4384,276.6392,19.6259,30.8412
391.5819,280.2379,20.0765,29.4971
389.9263,279.0446,20.4286,29.9274
388.5851,278.5846,21.7423,29.9946
388.1324,276.4461,22.5588,31.8115
388.5436,277.4344,22.5672,32.6493
387.4008,272.3594,23.9151,35.0922
390.9659,272.1053,24.3608,36.0770
390.9316,277.2750,24.8611,34.8521
392.7448,282.3478,23.6108,33.9837
397.4658,287.2498,22.4166,31.7399
393.7641,289.4096,22.2604,28.9886
396.0150,293.0651,20.7389,27.4600
391.4653,294.1289,21.9709,28.7304
385.0979,293.5338,23.9410,29.1504
378.8010,289.4470,26.6565,29.9335
363.0563,300.3118,26.8835,30.4273
354.9697,294.7960,26.1633,29.7357
352.0360,296.4168,26.8830,26.8504
350.1755,297.8590,27.8771,25.0467
346.0732,298.3659,29.3246,24.5911
351.7181,299.1924,27.8204,23.5614
350.1853,296.7688,28.9002,24.4578
346.8970,294.4366,28.5988,25.0577
346.4383,293.0880,28.6590,25.6819
335.3132,293.4283,31.7595,26.3249
331.8970,292.4702,30.8812,30.1968
324.0696,293.7272,31.4007,31.3427
316.5730,293.9979,30.4488,33.1609
292.8647,291.3645,36.2984,31.4070
286.9840,291.2295,34.4384,32.4924
273.6962,292.3575,36.2054,34.4557
270.4118,289.3994,35.2170,37.4683
256.1462,293.4921,34.3831,37.5432
241.3771,294.3354,35.5877,38.0861
229.9243,295.7323,34.8451,39.1872
227.4047,290.2977,31.5754,41.7596
219.2170,285.5718,30.1038,43.1740
210.9064,288.4337,28.5293,44.6823
200.8079,285.9439,31.2116,43.7289
194.3834,288.5646,30.6153,42.6976
183.9694,290.8898,31.3038,42.0711
174.1779,292.7834,32.2609,40.9108
164.8814,295.1412,32.4886,41.1503
155.3267,297.3080,32.6335,40.8413
153.2118,300.4799,32.2348,40.1123
150.3843,301.1202,33.4696,37.9600
148.2675,295.9068,33.1891,39.0088
144.2418,301.6062,32.4720,37.7841
144.0594,299.0830,31.0548,37.1809
140.9847,297.2844,28.6313,39.7041
142.0313,299.7942,28.2978,40.0936
144.0618,295.6389,27.8227,39.6873
144.5267,300.6318,29.9607,37.3487
144.6581,301.1338,31.4629,38.4174
142.6591,304.1032,32.5668,39.7143
142.5011,299.4622,33.6999,41.5505
138.4871,296.9620,31.4553,43.0662
138.3079,299.3130,30.5856,44.5571
137.7808,300.3553,30.8884,45.5370
139.5301,306.4405,30.9548,44.9597
136.3508,302.9236,32.6783,46.8654
136.6654,310.3348,33.6762,47.8932
130.0915,304.5193,34.6120,49.9541
127.2614,291.0620,34.0730,55.0190
124.8885,290.8584,36.2960,59.9142
124.0038,290.4723,38.3111,59.8975
131.0851,288.6310,35.4813,56.8957
132.7028,292.1369,33.6480,57.4396
133.4121,296.8340,33.3152,56.9114
140.5602,294.3181,33.3062,56.2520
141.4479,298.1534,32.3001,55.0267
137.1320,295.1963,31.9646,54.3750
130.1337,298.7363,33.6725,51.4012
