1
757.3155,239.4996,153.7400,91.3619
758.0574,242.2886,158.1707,87.0003
759.8162,244.6817,160.4356,86.1052
761.3509,245.2951,157.2269,86.7267
762.9802,244.7227,156.3743,87.8769
766.1586,244.6833,154.5975,90.2972
767.8337,243.7551,156.4359,91.1883
768.1148,243.5919,156.7517,92.0342
770.3928,242.5542,158.0432,92.7242
772.2924,241.8080,157.7245,96.0536
775.7982,240.2493,153.9226,96.9807
777.4735,239.9067,152.4410,96.1621
778.1571,238.4346,152.7985,97.7189
782.6854,238.3211,150.7829,98.5049
784.0080,236.4849,146.8949,98.2173
783.4827,235.6102,149.8695,98.6909
784.4898,234.9088,150.5455,99.2256
783.7846,232.3414,152.7417,100.4469
786.6370,228.3145,160.9369,104.6636
791.0122,222.5385,160.8009,110.2627
791.9499,216.6392,164.0316,112.5727
791.2932,217.7020,163.5657,107.7715
791.7977,218.8904,164.7898,104.3391
797.7632,216.8607,162.3307,102.5156
797.5926,218.5213,158.7668,99.8256
804.7880,216.0904,154.2565,98.1605
808.6424,216.6978,152.3351,97.8657
809.9771,214.0436,151.8919,99.3759
813.4489,212.2103,149.4476,102.7424
817.7742,212.5571,142.3835,104.9088
827.9779,211.7361,135.7354,111.9190
830.7255,209.0938,134.8355,113.5372
834.1713,211.2788,132.3738,111.8293
834.7222,212.5928,132.6275,108.2799
832.8039,215.5682,129.8233,104.1756
837.0134,215.4372,128.7023,103.1833
836.2507,214.4503,129.0069,105.1752
837.7388,214.4072,127.9614,105.7187
841.4791,212.5777,123.7630,103.9635
844.1002,213.3181,121.5716,103.6168
849.0216,212.2618,117.0258,100.7017
851.9562,213.0598,113.0145,99.6734
855.0210,212.7032,110.2633,99.0416
858.0330,212.5645,109.3542,100.0926
857.4563,212.0223,107.7119,99.8081
863.9565,209.9250,103.6982,97.8723
867.8249,210.4158,99.6139,96.0777
871.4219,209.5896,93.3571,99.7316
875.8039,207.9935,88.6215,95.1861
880.2616,207.8856,83.1024,96.8641
886.0626,203.0553,79.5060,98.9421
885.4902,201.0963,77.6221,95.7849
888.2457,200.6317,73.5172,87.2120
891.0394,200.8542,70.5130,87.6125
890.7640,202.0867,70.4674,90.0849
892.6461,197.7060,70.4361,92.4357
894.8863,198.0990,69.3993,95.5763
895.2126,197.4123,68.4447,94.3812
897.1475,194.8085,66.2617,99.5590
898.3496,194.2865,64.2810,103.0760
903.0775,195.8734,60.1447,104.2081
904.0414,195.4608,60.5703,104.7283
901.7163,195.6250,61.2890,100.6438
902.8197,197.0752,60.0501,98.7247
904.5916,198.7802,57.5068,98.2512
907.2214,198.8374,55.4131,100.6948
907.0637,199.8019,55.7355,103.2676
908.5467,202.7007,54.9827,105.9474
907.1520,204.9255,56.6834,109.0869
906.9193,201.8284,57.0038,104.8236
907.1111,205.7230,55.9697,102.8698
906.6349,205.2401,56.4592,102.5429
907.1588,205.9034,56.5233,103.2558
906.4459,208.4566,57.7109,108.3407
906.4123,209.7339,58.2034,105.1037
906.0175,210.0611,58.7268,108.3388
905.7736,209.4245,58.4038,108.5995
907.3255,212.4556,59.0626,111.2592
905.2123,207.7811,59.9703,107.2133
903.3052,208.1661,62.3933,109.4755
896.2221,204.5551,66.1391,103.7069
895.0840,203.5246,67.0137,104.5353
893.4925,203.6694,67.8786,106.5818
893.0703,206.1595,69.1096,107.8446
893.2142,204.3704,70.2743,104.5907
890.4179,207.2419,72.1699,107.3362
889.4181,204.0415,73.3066,110.3187
893.1087,204.1016,72.7407,110.9423
892.4385,203.9328,71.3691,111.8438
892.0164,202.6084,73.0599,111.3874
889.0163,202.9548,75.4399,112.5427
890.9617,201.5873,72.9123,109.7050
890.1324,206.3148,73.6052,110.5620
894.2755,203.4619,71.2372,107.8034
893.9927,204.7770,68.8349,104.6154
895.4413,205.6735,68.5900,104.3539
895.0703,207.9680,68.4078,103.4215
893.4554,206.1678,68.3888,104.9564
893.7649,205.1047,68.4567,107.3003
893.5809,203.8909,68.9583,108.8444
892.8113,204.0751,68.5254,108.1439
888.5247,205.5169,77.0731,108.1570
878.8078,207.5801,87.1358,107.7935
869.3765,209.7027,97.1318,106.1297
865.1128,211.7704,102.2443,106.6217
865.3157,209.0837,102.3921,105.4693
866.2734,211.9358,100.3782,105.6545
870.4813,210.3900,97.2481,103.6362
868.8305,213.0152,98.5653,104.3247
868.1279,209.9556,97.6689,101.9256
869.0705,214.7848,96.6894,102.7028
872.1129,213.4751,94.7098,101.0684
868.7379,215.7996,98.2440,100.0127
865.6662,215.0575,101.6745,98.4624
860.6702,218.7556,108.3709,98.0992
853.4787,218.5085,112.0384,98.3811
852.2076,218.3675,113.9550,94.1481
848.1282,220.1272,117.0478,90.6523
842.0968,219.9790,122.8275,91.9533
842.3468,222.8366,121.9181,91.2456
842.5948,221.4743,122.8590,89.8234
839.9387,222.0642,123.6391,87.6618
842.9310,221.1635,122.6732,88.2377
840.0129,222.5692,123.9444,90.5172
845.8807,219.6000,119.7684,90.5885
844.7817,217.9882,118.6951,91.8475
841.1348,208.5352,117.2784,94.9258
842.7015,206.7683,116.1114,96.9846
841.8616,205.4907,118.3475,100.0757
843.7005,202.1437,118.3573,100.3303
842.2784,204.5689,117.3492,98.1042
841.1604,205.3686,117.5259,97.5923
841.4330,205.8530,117.3893,97.1603
840.8610,205.5281,118.2326,97.6115
839.9236,204.6196,119.8495,97.4967
839.9573,205.6124,120.9259,99.6328
840.0618,204.3069,119.8799,99.0839
841.2219,205.5306,118.9965,99.7534
840.1711,204.1541,119.9663,101.3083
839.6556,203.6039,119.9778,101.2575
839.6434,204.4877,118.8040,100.0544
841.1892,204.4928,117.7392,101.1567
841.3694,203.6381,117.5578,101.0252
840.6854,204.1680,116.8823,100.1478
840.4355,203.9963,117.2491,98.3580
840.3096,204.0919,117.5041,96.2567
844.4163,204.6684,115.7094,97.7273
846.3325,201.5114,112.5803,101.4424
843.2319,200.4419,114.7399,105.3051
841.3072,195.3989,118.3339,106.8225
840.7347,194.2146,120.8054,110.1693
834.3496,191.0279,125.0005,109.7647
837.8994,194.2667,123.8519,111.0845
837.5819,192.3213,122.8850,111.6828
833.1509,189.4944,124.4823,111.3177
833.0608,190.3787,125.8388,112.3344
832.5811,189.9303,126.7506,112.3964
831.7922,192.1835,127.2530,112.8154
832.7778,190.3500,125.2546,112.6542
830.8431,191.3203,125.5629,112.5750
833.8557,190.2195,124.7684,112.9570
831.2233,190.6102,126.7924,111.4359
830.9094,189.9680,125.8289,110.7292
833.8168,191.0506,125.5590,112.4094
829.7312,188.7949,124.6481,106.9512
833.0399,191.2445,124.2748,106.8162
828.8132,190.6620,125.7405,103.7424
835.5316,195.9514,120.4644,102.5448
838.7324,200.6828,118.1787,100.5277
841.7322,208.4021,115.8393,93.6112
837.0797,211.6488,121.4200,92.7515
832.1398,212.5157,126.6499,87.1083
833.9590,214.2135,127.8942,86.8161
830.9659,212.9448,129.1361,84.9368
832.4382,213.0974,129.2317,86.2885
831.1045,214.6288,128.7875,85.7863
833.0109,211.7598,127.9465,88.5267
831.8406,211.9064,128.6867,88.9851
831.5520,211.6303,128.9057,90.8758
831.1822,211.7486,127.5716,92.1003
829.0737,213.0124,127.7066,90.9487
820.0243,215.8444,137.7240,88.5566
814.5325,216.2048,145.9782,90.0264
806.4574,215.3984,149.7271,90.6326
802.0270,216.2314,154.4586,90.7431
798.9601,215.4379,156.5663,91.4790
797.8593,216.3620,158.6469,92.7403
799.0587,218.0903,158.0522,94.2670
798.2795,217.6051,158.6870,95.0799
797.8002,219.0000,159.8698,96.3968
795.6111,219.3179,160.8383,96.6386
781.9492,222.9924,170.9232,93.6115
770.8239,224.0450,181.2213,92.1886
766.4029,223.0095,188.8524,92.6902
762.0516,222.2644,194.3444,94.5569
757.2424,223.0905,198.0754,96.4881
758.2308,224.0882,198.2997,97.6179
752.3578,224.8840,201.2613,97.8381
755.8862,224.6302,200.0636,96.3774
747.8301,225.6954,204.0119,94.5138
750.0529,224.6834,205.3883,94.9788
746.9854,226.3054,207.5510,95.7465
746.3371,223.7850,207.1007,94.7811
755.7741,222.4830,203.3173,99.1582
747.8338,224.4811,204.4138,100.1432
755.0078,222.9552,201.5635,98.7138
754.6755,222.6662,198.9521,100.9892
762.6644,219.9897,192.2834,99.5984
767.2052,222.3768,187.3625,98.5231
765.5860,220.9641,188.8370,97.6548
766.3356,222.2559,187.6774,94.8433
761.5306,222.0898,189.8991,92.3888
759.2792,222.1515,191.6857,91.8820
759.3002,221.0511,194.4231,93.2823
759.1367,220.7616,193.1228,92.6994
755.2244,220.4320,194.9084,93.7168
752.2596,222.0209,197.6667,93.3110
750.3270,223.8104,199.3987,92.8731
752.7189,226.3733,199.7771,92.7055
751.4580,227.0724,200.1234,90.6256
749.4882,228.7775,201.8961,90.7725
748.5923,232.0444,203.3908,88.1468
748.2855,232.6342,203.8334,86.7009
745.1924,233.7831,203.5265,86.2462
746.9630,234.4824,201.8656,84.1061
744.3907,233.9300,201.1010,84.5075
746.0241,234.5354,198.1273,81.9010
747.4883,235.5504,194.8990,79.9541
749.9008,236.1717,191.1736,77.0124
746.9454,237.0980,187.7785,75.9237
746.5020,237.2944,185.1123,74.6770
748.5939,235.3279,182.8742,72.4095
743.0424,238.1109,183.1682,74.9103
741.1434,237.0843,182.4762,76.8252
739.2269,236.3077,179.1995,73.7415
732.1060,234.6612,181.3804,68.8773
721.1119,227.1337,190.7056,69.4210
714.3502,220.8813,193.7698,69.8627
716.4078,220.5483,192.0599,70.7822
706.6018,227.1480,170.7495,63.0192
711.5227,233.1021,162.1946,61.4444
710.2661,234.4719,153.3870,56.7194
712.5900,235.7527,149.9852,58.5464
705.3074,240.7952,133.0932,61.0406
711.6091,245.5502,126.5138,55.1265
715.9971,246.9440,118.4544,49.8468
675.9847,259.8666,116.8174,56.3786
626.1758,234.5995,115.9231,65.2915
554.4777,185.3725,119.9651,76.8070
499.2072,176.0883,133.3410,89.8438
488.3278,181.8933,145.8355,105.7357
458.4498,204.4213,167.3311,113.7529
449.0019,195.9726,193.7319,123.3804
456.3045,193.9777,220.8786,132.4664
446.9950,179.8786,238.8879,143.0278
457.1929,179.9525,254.8816,158.3056
447.6114,171.6166,264.6183,171.7710
450.4404,170.0539,267.7248,179.3799
453.8697,167.6787,275.2096,191.5882
459.5605,168.0463,278.8159,199.6300
464.4338,166.2158,271.9419,204.8739
460.3874,162.2745,273.2242,205.4098
456.6372,161.6264,279.0810,198.7867
456.6195,166.4347,282.6158,202.8752
461.0879,162.1260,277.7336,198.1486
465.6998,167.4644,270.8741,201.3734
466.5352,164.3274,264.9513,196.8092
454.2367,166.9947,278.3544,195.8427
450.0943,162.2214,278.2101,193.7274
461.5981,167.2273,271.0086,196.7997
461.3178,163.4440,273.0363,197.9257
460.0977,165.2093,276.9080,201.4884
473.1644,161.8321,265.4753,203.1711
483.4228,165.4730,255.2341,209.1002
493.0176,162.4631,244.6575,201.9060
489.9749,160.9843,244.5931,201.8771
493.3625,164.5688,237.7903,196.7966
466.1240,162.6526,241.2099,177.8836
444.9704,165.2991,239.8229,154.9994
443.7446,174.2890,234.7172,148.2367
417.6026,179.4380,230.0201,132.9978
382.4166,185.9271,201.0797,118.1363
391.8592,195.6319,174.3280,114.0248
394.9194,198.5244,157.7629,113.3651
397.9173,200.0889,151.5708,115.7780
399.4207,199.3807,145.9978,115.8276
400.2623,201.6637,141.1914,122.9451
399.6354,200.4127,138.5193,129.1750
401.5344,198.0010,135.8769,130.6267
400.9092,199.1144,134.7939,126.5384
401.7846,201.9584,134.9639,126.1569
399.5993,199.6563,134.2178,124.8777
402.0185,206.4459,129.9243,119.0337
399.6930,207.2117,132.3824,120.8197
398.0101,208.7491,131.6682,124.2333
399.9054,208.9755,129.8266,125.2627
398.1608,208.7757,128.9263,124.4736
396.9474,212.7763,126.2919,122.3582
396.6699,214.6545,123.3177,122.6032
395.0498,215.8554,121.7674,122.8286
393.5822,216.6360,120.0555,121.3124
390.9066,217.4864,118.9267,120.4363
389.3812,213.9499,119.5865,120.9879
387.2011,216.1029,119.4592,116.2881
387.5860,217.3829,120.4746,110.5406
387.1648,218.7730,119.9825,106.0597
386.1744,219.9986,120.4521,104.2684
386.6590,219.5895,118.2768,102.6925
386.3324,221.6273,118.5598,102.9399
385.3188,221.4028,117.3705,101.6048
385.5868,222.5565,116.7816,100.6782
385.3555,222.8798,116.4731,99.0546
382.5359,224.3677,117.1874,99.7001
382.2511,224.0374,117.2160,99.6096
382.3560,223.8644,116.1616,100.7484
380.7719,222.6871,116.1811,102.5701
379.5691,224.2800,117.3101,105.8672
378.1623,222.0358,117.8817,109.1061
375.7438,221.3676,117.8956,111.1826
376.6965,220.2771,118.2382,111.4900
377.0088,220.9521,116.6159,110.0228
375.7186,220.5704,116.8017,110.9195
374.4442,216.8771,118.5103,118.5422
374.6232,217.9668,118.6206,114.8800
375.1433,220.3765,121.0173,109.9279
374.3722,219.5481,122.0039,111.8246
374.6797,216.9625,122.6852,113.3301
366.5384,217.2759,130.6847,107.5700
362.6014,219.9801,137.0289,102.9883
360.8616,221.3983,140.0816,100.0627
362.7251,221.9129,141.4063,97.6270
360.7879,220.6428,140.8707,99.9580
358.5131,219.8975,141.6180,100.8722
359.6875,220.4882,139.5153,100.6129
359.0861,219.7611,139.6928,100.9790
356.9605,219.9806,139.2663,100.1489
354.6640,219.3857,140.9739,99.3675
353.4147,219.9842,139.5752,98.3597
345.2818,220.4739,145.3107,94.6738
360.4012,220.2810,136.8791,95.7485
355.8571,220.4671,140.0168,94.1400
342.1389,221.2065,150.5939,92.6563
338.6448,218.8500,152.5907,92.5584
335.1535,216.1757,156.8290,93.5346
329.4327,216.3874,161.5297,93.0682
328.4507,217.3800,163.1613,94.1419
324.1571,216.1649,166.3215,96.1001
323.4521,218.0312,165.8274,94.8076
319.4192,219.9512,165.0557,94.2695
318.4281,218.7269,168.6469,94.2638
316.6793,219.3133,171.0367,94.6539
313.4899,219.7142,175.2318,93.3809
319.1206,213.9518,169.4454,92.3664
323.9625,211.4117,165.7065,91.1443
324.2234,211.5334,164.6589,91.2967
322.0742,211.5643,164.9535,90.6755
320.2129,213.4945,167.0338,91.8745
323.2642,207.1204,164.3547,95.8222
321.2887,210.4119,166.8797,96.0418
321.8915,205.3837,165.2755,97.0968
321.8964,205.2580,173.4421,98.3265
320.9265,210.0613,170.0988,99.7053
316.2427,213.1597,170.2891,96.4719
313.6258,213.3274,173.4660,93.8702
311.4261,218.4376,174.6304,93.8654
304.7613,216.4888,178.7069,95.1055
298.2785,218.8544,178.4693,94.2869
294.6876,220.0181,175.8862,95.8903
285.8650,218.2490,177.1600,97.5209
288.9081,215.1737,172.0351,96.3869
279.6819,221.0762,177.5307,95.6857
274.9326,223.1956,178.9035,99.2617
272.1594,216.9860,181.5224,98.3085
261.9446,215.8448,182.0760,93.7197
254.5411,220.4555,186.8322,93.7144
225.8968,221.3344,205.2590,89.2871
201.2209,222.8834,220.9241,89.1682
182.1123,221.5012,234.8786,85.3007
174.2437,219.7268,248.8903,90.9612
175.5784,216.7358,251.8522,94.3027
169.6715,217.0284,254.3555,97.5858
170.5114,217.1027,250.8561,96.9052
164.2780,216.7831,250.7078,96.8010
165.8323,215.5067,247.5026,94.6199
162.1828,218.0064,250.3237,88.8195
163.9503,216.2544,247.7131,89.7182
166.9294,217.6812,244.9240,88.9594
167.7483,217.5117,239.3738,86.9200
169.8603,215.9327,238.6255,89.0979
167.7863,216.0066,238.8080,90.7815
165.8383,215.6775,238.2617,91.5157
164.3096,216.3399,236.5684,92.4547
157.9989,216.6428,232.8177,94.2992
157.0290,218.3489,228.5356,94.3658
153.0840,221.8902,231.8554,95.0944
149.0206,222.7358,232.9498,98.3648
146.2227,224.1416,230.4924,95.9224
144.1866,226.7489,230.0592,93.0338
153.2643,223.2479,216.6913,93.4676
145.9765,223.7242,218.9012,95.4385
144.4210,222.9429,213.0741,97.2310
144.4366,222.8983,211.8573,97.6826
129.4912,228.6805,223.9785,97.0532
118.3759,229.2805,236.8129,90.9216
105.7996,229.2374,245.5030,88.8364
101.6817,230.7097,251.3647,89.0004
107.3691,226.4521,247.2729,89.5822
108.1623,224.5895,243.6254,92.7268
108.9655,225.4378,238.6048,90.6990
110.9368,227.3063,237.9398,89.9954
108.5482,228.5665,240.2461,89.9946
103.2891,227.4724,241.3061,90.9203
109.7658,227.5254,238.3395,89.3713
108.5595,221.6953,232.5434,90.9935
114.1626,223.4745,231.8517,90.8267
98.7464,225.4728,237.0734,96.6398
89.7708,229.3652,247.7609,92.3266
90.3869,225.7412,250.2986,94.2326
83.6575,224.3704,256.5419,98.0916
88.4625,223.0086,252.2299,101.5401
83.0815,222.1606,254.5137,103.2616
86.2628,222.1475,252.0622,102.7633
89.4815,222.6235,247.2088,100.9888
87.5000,224.8910,248.7942,101.3582
81.9379,223.4428,250.0662,101.7169
75.2471,223.2648,253.6803,102.7268
72.7354,224.6617,256.6610,102.3802
71.7537,221.8477,257.6643,103.7656
70.9100,221.4344,259.5448,104.1885
71.5475,219.1720,262.3859,105.5572
69.7785,220.3690,261.1320,105.1993
73.7835,219.5812,265.6494,107.7101
70.0301,220.5387,266.3960,104.1293
67.7626,219.8244,268.3257,105.7502
69.8720,220.0448,264.3605,105.5218
70.7768,219.6998,261.1804,103.6519
71.4851,220.2341,258.6159,102.7331
70.3946,222.7232,256.0973,103.8786
72.4297,225.1221,251.2386,98.6933
62.4246,228.6631,252.4263,95.7594
60.1227,230.2162,258.7404,97.8513
53.1089,230.3895,267.5606,99.3081
44.1465,228.9874,267.6406,97.5763
49.9045,229.6070,253.2489,95.9351
43.8429,231.1429,244.5191,96.9190
49.5673,230.0280,249.2312,96.9320
41.2394,232.9294,241.5492,94.6720
41.6772,232.2115,238.8069,93.5879
40.4478,235.0963,230.4256,90.2795
40.4661,234.3653,227.9447,88.3966
55.9799,234.4393,217.9856,89.3537
66.8512,233.1684,211.9477,89.6873
70.9430,232.2586,200.7617,90.0573
78.6769,231.8636,193.2178,92.8306
77.2917,231.0577,192.1944,93.7179
80.3321,232.1364,187.6671,96.7503
80.8335,231.3603,184.6702,96.9100
79.6457,231.3961,174.6549,100.0475
83.2572,230.0464,165.2329,101.8491
86.5007,230.4598,158.5156,102.3388
87.7425,229.2522,154.0186,103.4669
89.1846,227.5681,148.8243,105.0544
88.1198,227.8966,145.5076,106.3576
82.5404,229.8296,149.2719,102.7402
79.3584,230.6452,152.7046,100.7463
78.6917,231.3871,154.2891,99.4954
78.1235,231.7379,154.0028,99.4241
76.2718,232.4200,153.9105,99.4703
73.8740,233.0231,152.9762,100.4839
75.7385,232.8996,153.0299,100.9715
74.2742,232.1860,150.5267,100.9442
74.5935,232.0822,150.1722,99.5825
66.9738,232.9121,153.7824,97.5413
38.7212,234.9626,173.1244,95.9298
29.8041,235.4616,187.4313,93.8654
22.3098,234.0417,193.1270,95.0712
22.1665,233.0336,195.7522,94.0616
17.3575,233.1887,195.0771,93.8333
23.1278,231.6343,195.5083,93.6732
18.7682,232.1104,197.2934,93.3045
19.4614,230.6066,196.1071,92.7096
17.6663,229.9440,197.7452,93.0437
21.7432,229.5845,193.3100,92.4977
21.2025,228.6728,191.9371,93.7633
21.1451,227.6926,189.7103,93.8066
18.5097,227.4411,186.9888,92.9963
18.5231,228.9026,186.2741,92.6990
16.7638,227.3908,188.0754,93.9068
19.7564,221.5193,185.9339,98.8488
16.8290,216.5627,186.8208,103.2873
17.6747,213.7767,187.3995,106.6558
17.7056,214.0347,185.9032,107.2117
18.1707,213.7953,183.8702,108.0095
20.9601,213.9120,182.3211,109.8820
17.7788,215.1575,180.2046,110.0048
20.7940,213.1380,180.9441,110.7788
19.1555,213.7728,179.4017,110.5480
19.7570,213.2305,180.9286,110.9441
17.0706,213.5909,180.5465,110.5515
19.9513,214.3237,180.5489,110.5987
18.8923,213.3616,180.5393,111.4881
20.8373,209.3261,178.2382,113.9234
20.3752,207.1904,179.3364,115.9629
13.6829,206.2740,182.8840,116.9053
13.8134,205.8082,184.1180,116.7620
10.5201,207.2788,187.9368,115.4597
9.7781,209.6580,190.8490,112.7761
7.9368,211.2649,192.5746,111.2978
6.6667,212.2060,194.6040,109.9004
6.5923,211.4130,195.1149,109.3262
6.7582,212.6546,194.4905,108.6376
5.8544,213.5693,193.0160,109.0971
7.9593,213.0163,191.2092,107.5421
9.0332,211.0901,191.1899,109.2387
13.6049,208.9666,187.7434,112.7930
16.0910,205.3620,184.5311,116.7063
15.1999,200.6749,180.8360,121.2007
17.9801,196.7154,179.2146,123.5796
15.6993,194.6435,182.0957,125.7369
16.1927,196.0970,180.1559,124.4502
19.1809,197.4148,178.8927,124.4855
17.2028,196.4581,178.8503,124.7377
17.4423,195.5050,180.0794,125.7839
15.1971,194.5296,180.9263,125.9615
15.8769,195.7806,180.0466,125.3177
16.1556,196.5123,179.9764,125.7101
16.0275,196.6009,178.1568,124.9461
17.2558,195.2008,178.4738,125.7074
17.0727,194.5736,177.9872,126.6666
17.3430,195.4390,177.4249,126.6094
13.1193,193.9871,180.5971,127.5474
13.7905,195.3425,181.8342,127.1813
14.6376,195.5757,181.7270,127.1482
18.3945,195.8000,178.9798,126.0933
18.8886,196.6561,176.7241,125.8191
17.7804,194.6183,176.9266,127.0300
13.0763,193.6655,178.1212,127.9008
15.7837,194.0254,178.0767,127.3356
20.4559,189.9252,174.0308,130.1016
23.1907,191.2676,168.5472,129.7330
24.7420,190.8324,167.1284,130.4835
24.4160,189.0762,165.8419,131.3454
25.0578,189.3995,163.4512,131.4991
26.1945,188.1334,163.0074,131.7064
27.6950,190.8014,161.3323,131.8841
25.9659,189.9704,161.7639,132.2836
25.9535,189.0600,162.2749,132.1716
27.0740,188.9062,162.4881,132.1508
27.0333,188.5487,163.4063,132.6805
27.6898,189.4691,161.7407,132.1920
26.5566,190.2180,160.8948,131.3247
26.8622,189.6142,159.5762,132.0382
26.2880,188.3259,160.2491,133.0614
27.7514,189.0811,160.2324,132.8965
27.4066,188.5648,159.1023,133.1527
26.4045,188.6737,159.5511,133.3047
25.3412,188.2714,159.4775,133.2665
27.9441,192.0231,157.7653,131.7845
43.7085,212.9037,150.6156,117.4763
50.9183,218.5603,139.1698,108.3988
60.3072,221.6833,132.8345,103.0890
63.6542,222.5333,129.8432,101.7454
62.1737,222.9882,128.9103,101.0621
64.2204,224.7326,125.5828,98.8868
65.0417,225.5019,123.9042,98.3484
65.7950,225.0635,123.0851,97.9616
66.2931,225.8212,121.7690,96.8558
70.5913,225.3124,118.1525,96.9914
67.3711,227.3516,118.5442,97.4090
68.9394,228.2122,115.7108,96.0372
68.8221,228.0212,115.3308,96.3947
68.7222,228.7605,114.1144,95.8356
69.0300,229.3317,111.4507,95.0813
70.9074,228.2691,107.2433,94.9319
72.6229,228.2749,104.9206,94.2871
75.4781,229.2005,103.7065,94.3154
76.1379,229.1357,102.0221,94.2398
77.3303,228.9738,101.2718,93.6218
79.5663,227.9072,100.2624,93.8680
78.9631,227.2921,99.7238,93.9794
79.4412,226.7757,99.9852,94.5857
80.2199,226.4337,99.3389,95.9088
81.4563,226.9363,103.8624,95.5544
82.0650,226.5913,111.3399,93.9358
78.7528,226.1799,121.3948,96.0677
76.2194,224.9511,124.7531,96.2146
74.7522,224.6970,126.3282,95.6647
73.8836,224.2924,128.0901,95.4315
72.1091,223.3557,130.2469,95.0734
71.7283,224.6400,130.6476,96.7078
69.1477,225.6452,130.9835,97.1238
68.5202,224.6964,131.8244,101.3002
67.9364,223.9621,131.6169,102.4288
67.3257,223.7735,133.3285,103.2205
66.0891,226.0822,133.6951,101.3144
66.0145,225.9604,134.8155,100.6733
66.6224,228.0205,134.0751,101.3803
69.7750,227.2873,131.1521,102.4318
72.6236,227.7102,132.9151,101.7260
73.6946,230.3809,138.5003,99.7647
72.7721,230.1709,145.6610,96.5226
74.1535,230.6326,153.0283,96.5198
71.2300,230.8154,155.9287,95.0550
71.0150,230.4359,156.9959,95.9376
70.2152,231.2772,156.2156,97.1998
73.4234,231.8590,154.8848,97.3408
73.3625,231.3443,155.8186,95.0898
74.5352,231.2477,153.7196,93.9902
74.9355,231.9438,153.5353,93.6496
77.8152,232.6694,152.7094,93.0871
76.9562,232.7300,152.7439,92.0573
77.8981,232.9386,152.9750,91.2376
76.7199,232.8386,152.8890,91.0351
77.5595,232.9369,153.4386,91.9594
77.0589,232.7314,153.0744,91.7236
77.8187,232.1917,152.6394,92.5061
77.8651,232.2028,152.1068,92.8200
78.6615,232.1900,151.8829,92.2367
77.1077,232.0440,152.8661,92.4025
77.5002,231.8981,152.9953,92.2640
77.7730,231.9581,153.3100,92.6536
79.6790,232.3941,151.5877,93.0208
77.6385,232.2220,154.5332,92.6610
78.7113,232.4331,154.8648,93.0040
77.0904,231.2045,159.4828,95.1479
76.6819,230.4586,161.0158,97.6438
76.3469,230.6247,160.2361,98.7733
76.6842,229.5505,161.2483,100.2620
77.9279,229.4982,159.3061,101.0498
79.1272,229.4796,158.5399,102.5680
81.3410,230.6584,155.7973,104.5954
81.1810,230.1343,160.6511,101.0592
80.9823,230.7089,164.7632,99.9536
82.3155,231.5609,174.6515,100.1082
82.0700,231.8437,179.1464,97.3768
81.7667,230.8764,181.1114,96.6604
81.4770,226.1934,180.4956,97.5948
80.1445,227.1978,184.0718,98.9299
80.7321,225.1826,180.6102,100.9120
71.6084,228.2143,188.7702,98.3274
70.9237,228.8352,190.9436,98.8123
65.4512,228.5895,195.6332,94.2300
65.3835,227.4609,192.1690,97.3671
66.8610,227.3918,190.2688,96.4274
70.3949,228.0846,186.3728,98.5898
67.7724,227.9552,188.1839,99.4544
68.3191,228.4032,197.1878,96.5229
55.1142,227.5188,203.9272,93.7426
50.8459,229.3596,204.0668,93.3941
53.6061,234.9208,204.9416,90.0992
53.9382,232.0559,209.6551,92.6573
53.3565,235.9795,209.3288,90.1394
52.0107,235.8725,213.5789,90.7900
52.3906,236.9196,213.6230,90.6067
59.4503,236.7048,211.4093,90.4574
59.6195,238.4051,213.9556,91.6741
60.5166,236.4639,221.5794,93.4286
52.9996,239.1389,218.3064,93.2756
54.2253,236.0795,221.6144,95.8986
54.3340,237.1766,226.8175,98.2285
51.8332,237.4959,223.4198,96.0628
44.5026,237.8034,226.8055,93.7835
47.6195,239.3141,225.8286,93.1243
47.2275,239.2247,221.0792,93.0464
53.8308,236.2228,216.5556,92.0847
55.2216,236.3178,215.5948,91.7631
58.5096,234.1250,216.4188,92.7188
56.5846,233.1367,213.1214,91.2417
58.8629,233.0722,210.9377,89.8986
63.6753,229.3270,211.3012,90.8661
67.1705,230.2877,216.4483,93.7287
69.7278,226.4921,232.3877,95.2413
68.4205,228.0240,239.5065,95.6056
71.6070,228.8794,241.2440,96.5063
71.5456,227.1043,238.7962,95.4291
72.1484,226.8516,235.7012,97.0219
73.9089,224.9042,240.2630,99.0885
73.4663,222.2403,239.2338,98.5902
76.4805,223.9940,239.8862,98.6501
75.2017,221.1284,240.6174,97.9773
76.9504,219.8891,237.4480,98.8953
82.1208,220.2782,235.3593,99.1429
82.0778,219.6853,236.2146,99.5609
85.7989,220.5766,236.4830,99.6852
86.8974,216.4417,237.2765,98.5204
85.9016,222.3718,248.2666,97.2255
84.9909,220.4054,243.8851,100.7080
86.0134,221.3240,247.7992,104.6156
88.6553,222.3708,239.3371,109.0742
101.1931,222.3034,237.8724,111.0736
101.1556,222.5907,223.0770,110.9444
106.4690,221.1145,223.5399,109.1800
114.0924,222.5901,225.1970,107.2742
121.4714,222.7795,228.7776,106.4607
126.0849,219.0331,221.2768,107.8246
135.1650,218.6508,219.3546,107.4112
138.5770,219.0873,226.1704,106.6920
140.4092,217.0878,217.2930,105.0355
146.7131,218.3909,223.1100,105.1344
145.1581,216.5461,219.4836,105.9382
147.3088,216.8038,222.8716,105.8329
149.3115,216.8469,225.4421,107.1742
152.3001,217.5207,227.9578,107.5029
153.9838,214.8538,228.3019,107.1434
162.9267,217.7626,239.5275,104.8790
164.9050,216.1530,242.3595,104.3227
164.0529,217.6840,240.0523,106.5066
165.5775,216.3506,241.8573,106.2214
163.0982,215.1387,240.7215,105.9858
166.9816,214.9947,237.9869,104.1350
168.0480,213.8380,239.6788,100.9327
167.1217,213.1843,240.5558,100.0947
165.9334,211.5835,242.0487,99.3184
165.4841,211.9174,246.2051,98.6915
171.2294,213.7521,241.8674,98.3282
173.2277,213.3773,241.7613,98.3520
176.7088,210.8268,237.8551,99.0654
175.9552,212.9842,238.7687,100.0217
185.3776,213.5066,235.4566,97.3152
191.7888,214.2630,233.4408,96.3871
192.7997,215.4162,235.6302,94.2891
198.1353,211.0674,232.6295,95.8484
200.9399,212.8609,229.6728,99.3737
202.9710,210.6206,233.0146,99.7464
211.4378,211.3505,229.6481,101.7867
213.2377,210.8325,226.6357,100.1381
214.4194,211.5832,225.0548,99.8203
217.0695,212.5081,221.0349,99.4092
218.2709,212.9821,221.2831,99.7090
221.2832,214.0977,217.9057,98.7673
225.6087,212.8486,214.6303,99.4515
228.5455,213.3768,210.3998,99.4967
226.8222,212.1839,210.8986,99.3746
232.0202,211.7753,209.0037,99.9458
233.6394,212.3804,211.4524,99.1728
235.5296,211.1357,213.2718,99.0061
234.2180,210.8429,212.8044,98.6103
236.1407,211.8979,212.1428,99.2435
238.4772,211.7265,213.6859,98.6701
241.8743,211.0704,211.6244,98.4177
245.7250,209.7709,208.2883,98.7606
243.4430,210.8621,209.4014,97.8276
244.5430,210.8243,206.7939,97.5190
244.9688,210.5753,206.6976,97.7612
244.3242,210.7280,206.9462,97.8586
243.1589,210.8241,210.4106,97.4673
242.2716,210.4698,210.5007,97.4168
241.8138,210.1073,211.5679,96.7990
242.2881,210.2005,211.7246,97.4612
243.8714,210.6111,208.9072,97.6688
244.6776,210.7787,208.1726,98.9418
248.0908,208.9580,206.0899,99.8436
247.6998,210.2162,202.9305,99.4258
248.5883,209.3670,203.9655,100.6813
246.4136,209.9454,206.0999,101.6254
249.7786,208.4205,203.2210,103.8294
251.1396,207.1461,202.3018,105.9805
250.6700,206.6047,201.7960,106.1638
248.9306,205.4551,202.5061,106.7443
247.9652,206.2758,205.3925,107.2961
247.6887,206.1229,205.8136,106.8820
245.9959,205.4455,203.3196,107.1283
247.3373,204.8794,203.2238,108.7149
247.0783,205.5487,203.6429,109.1608
247.1962,204.3212,205.0974,109.3404
245.9808,204.6583,205.2754,109.2367
244.2970,204.4126,205.7398,108.8970
244.3934,204.7040,205.1973,109.0187
245.6629,203.9263,204.4124,109.7995
246.3252,203.8652,204.4010,111.2903
244.3783,204.0351,205.2147,113.3541
244.6253,203.8064,205.4532,113.4800
246.0951,202.9734,204.9410,114.1685
245.3302,204.0308,202.8125,114.8437
245.6994,203.5813,204.8376,115.4719
247.3597,202.0945,202.7944,115.5976
249.7204,201.5695,202.3701,115.9914
251.3288,201.5264,201.3870,116.7157
251.8109,201.2462,200.2123,116.7047
251.4170,201.1784,200.1015,116.3174
250.2060,200.2170,200.5303,116.9548
251.9194,201.0592,199.8112,117.0128
249.9537,200.1376,198.9844,117.2411
251.4053,200.8627,198.7689,117.1498
250.7379,201.2514,199.6890,117.9124
250.5407,200.2356,199.9887,118.9742
249.2327,200.1902,201.3552,119.8919
249.1711,200.4988,202.2604,119.3132
249.5471,199.9684,202.2623,121.7706
247.8490,200.6210,204.1702,121.5618
248.0135,201.4960,206.6901,123.4609
249.2991,201.7194,207.2638,123.7236
248.0854,200.5299,207.6784,124.2121
248.3010,201.2661,207.0211,127.7186
246.6432,200.2385,210.3141,128.7197
243.8620,199.5602,213.1588,125.1348
243.5124,195.8584,215.5544,125.5876
247.8281,194.8293,218.1790,123.9366
236.3638,189.4285,223.2766,123.6524
237.2346,192.9020,228.0702,122.0581
251.0923,193.1867,215.3177,121.0818
244.2279,195.2122,221.1803,118.4799
240.1107,194.3293,222.7312,119.2953
239.0643,194.8002,225.3091,120.7683
246.0896,196.9392,219.4086,118.6966
241.3725,196.1047,219.7268,116.5629
244.3125,193.8018,218.0354,117.1025
235.8575,194.9109,226.0280,115.4470
237.8884,191.2239,226.8949,119.4329
238.2421,193.1544,227.7058,118.3311
242.7735,186.5193,219.0091,131.2027
242.7328,181.6635,212.9670,137.7744
251.0362,181.0158,205.8867,139.2439
256.7374,181.1975,200.6008,142.1573
251.3969,179.0131,205.4337,141.3074
254.7275,180.8966,203.4030,143.4051
255.4909,177.0372,203.4275,143.3211
258.7321,177.0577,200.6617,144.4655
261.2458,177.4273,198.6779,143.0130
259.0752,178.1230,199.1983,142.6298
262.9223,181.8336,192.3496,140.7106
262.9162,177.7247,188.4763,141.6459
260.2678,177.2361,189.5146,141.0764
260.0968,177.2787,189.4547,141.9043
259.9247,177.0077,189.6347,142.7992
256.9419,177.1593,190.7010,142.4471
258.3633,177.1099,191.3373,142.5506
256.9574,176.7588,192.3638,142.3970
258.5661,176.6523,189.9999,142.7657
261.4254,177.4925,189.3267,141.8290
261.0035,177.3277,189.7395,142.1526
259.6865,176.5245,191.7991,142.2444
261.7465,175.4147,191.4864,142.6081
261.8571,175.2528,191.3439,143.1185
260.8615,174.6441,191.2330,142.9094
258.2451,175.4387,191.5461,141.7942
258.6581,178.4139,191.7097,141.0345
257.8192,177.3887,192.9069,140.1770
256.2394,176.9087,194.1150,140.2041
259.1644,178.7455,192.2093,138.6424
256.0017,178.4422,194.0409,138.9503
258.9198,179.4523,191.2818,139.1350
256.6843,177.6944,192.2528,139.4986
259.2604,178.4495,190.5462,139.5227
258.7062,177.9234,191.5330,138.8556
261.7637,178.4458,188.9986,138.2364
256.9151,180.1714,192.4644,137.9725
259.8375,177.7757,190.0200,138.6526
256.8084,179.4126,191.0086,138.2389
259.0156,178.4165,189.6797,139.1557
259.9342,178.8330,190.2735,139.0373
260.5826,179.8803,190.0205,139.1943
258.6070,179.3766,192.2718,138.4625
260.6847,177.5675,189.3212,139.2378
260.5342,177.7575,190.0843,139.7231
260.9689,178.8753,189.4066,139.3676
260.1368,177.7639,189.9878,139.5607
259.5605,179.0487,189.8704,139.1216
260.7986,179.9838,190.0514,139.1153
258.4866,179.1759,192.2382,139.1503
260.5042,178.0957,191.2759,139.4611
261.0579,177.4819,190.9161,139.7257
257.4274,179.4036,191.4100,140.0203
261.8754,179.1787,189.3027,140.3175
260.8880,178.5060,190.5209,139.9849
263.6406,177.7957,188.7221,141.6645
261.2628,178.3062,190.3021,141.3932
263.2385,178.8544,188.6226,140.7330
261.7319,179.9171,189.9131,140.0107
259.6934,181.0697,192.1745,139.7961
260.1414,181.4588,193.3831,139.5639
262.9324,180.1017,191.1159,140.4270
258.5811,180.4199,192.9621,140.7357
264.0052,179.2206,190.3593,141.8758
261.0601,178.0059,192.2461,143.1302
261.7369,178.2460,191.4061,142.2870
263.0183,179.5880,190.0329,141.6880
261.7238,177.3317,190.6983,142.2436
261.5764,179.9387,191.5798,140.6933
260.9136,180.2598,192.6900,140.2984
261.2001,179.0225,192.8695,140.0992
261.7404,180.0267,190.8992,138.8359
261.6031,178.6794,190.6847,140.0373
262.9670,178.8244,190.2252,139.5564
262.1954,179.7329,189.5346,139.5469
262.2045,180.0095,190.4389,139.8613
262.9977,179.0025,190.6796,139.7915
264.3029,179.7731,187.2836,140.2835
263.4029,180.0577,192.2757,138.9559
263.2490,181.2115,193.3477,138.4753
264.3413,186.8635,192.8610,131.5820
265.1871,190.3492,192.4137,126.4309
266.2486,192.1540,193.9015,122.8135
264.9263,192.7323,195.1654,121.6708
264.5617,193.6167,195.3105,121.6204
266.0019,194.2914,193.3145,121.6749
266.8145,195.3022,191.3014,120.8687
268.6660,194.5223,191.1715,120.2341
267.5354,193.9441,191.2022,120.1404
270.2935,193.6286,190.8269,119.9524
270.7800,194.4056,188.8492,119.7817
275.1078,194.0378,188.9082,119.9483
272.6897,194.0594,188.8653,118.9785
274.2227,194.7363,190.6102,117.7438
276.3770,198.7637,192.3783,113.1626
278.8773,204.9579,199.7310,103.9256
277.5746,207.7233,209.2804,98.6165
278.2634,207.5157,215.6537,96.1563
280.3042,207.6207,216.9656,95.7135
279.5580,207.6545,217.9589,96.3360
282.9877,206.1250,216.6643,97.2519
281.0843,206.6033,216.9314,96.6039
283.4431,207.2696,215.5881,96.4245
283.1646,207.4066,215.9226,96.4670
280.4972,206.5632,216.4476,97.7248
290.4445,201.0822,209.0612,103.7280
293.2690,204.3028,205.5401,107.2324
291.2937,208.8692,208.8657,103.0807
295.5163,209.9892,205.4348,101.7018
297.2476,210.0189,203.8339,101.5300
298.6403,209.4145,202.6361,100.5465
304.9734,211.9483,199.1971,99.2888
310.7043,211.3045,199.6389,99.0487
318.3300,212.8127,205.4360,98.0401
320.6779,210.8258,214.3278,96.9957
315.1910,208.0027,222.6056,96.3839
328.2689,205.1082,223.0677,96.0053
331.2648,206.3913,216.0674,95.3099
329.1537,205.6551,213.5395,95.8941
329.9589,206.1138,209.0109,94.4019
339.5276,207.2594,206.6676,94.4398
340.7822,205.4623,203.3118,94.7841
350.9078,205.8098,196.7573,93.8167
352.3357,205.0258,194.2411,92.5968
349.3421,205.0291,195.6810,92.8809
355.8011,205.1508,191.5065,90.9254
347.7517,203.2619,196.2700,89.8041
352.8853,204.9112,191.9220,87.9190
355.8365,206.5322,196.7083,90.6798
355.1765,204.9947,197.8115,93.1679
359.4401,210.2608,193.0354,91.8794
379.1833,216.8533,188.6019,94.5917
387.1328,216.1720,176.8376,97.6183
397.5182,218.4932,169.3164,100.4885
413.7453,219.8721,159.8204,104.9683
429.0606,223.5473,171.8375,107.8485
446.3033,233.4341,189.3215,108.3497
451.7678,230.8526,208.5728,118.6135
468.1407,231.5086,215.5856,122.9851
483.4368,219.5941,215.4270,137.2915
513.5932,211.6458,200.2135,156.8441
528.2353,198.5187,190.5227,167.8703
529.2554,190.8474,186.0174,180.8667
535.3210,185.5333,180.9193,188.9746
528.1401,188.9670,181.5033,185.4864
545.3491,186.8197,173.6374,192.1845
544.6320,196.9603,198.2054,183.4203
538.8246,189.3483,217.6236,188.5704
552.2684,203.4196,214.5801,192.7057
543.1439,186.5938,222.3216,199.8386
566.7443,198.2489,215.1119,196.1899
577.6080,200.2259,206.4944,202.9601
586.7627,194.7004,206.1918,195.8862
623.1612,203.8477,202.5342,177.4009
645.9255,206.2460,203.3019,155.2070
676.6852,214.6479,195.8741,133.6237
702.5994,211.9459,178.4162,110.3235
707.9150,218.5460,162.4101,93.9537
714.9059,225.4009,153.0320,84.9687
716.7612,223.7220,149.1599,82.9470
717.0748,225.6785,150.1359,80.8083
716.1830,224.2840,159.2703,88.2756
716.9395,221.9184,162.8823,92.3319
718.2649,222.2956,161.5969,92.3189
720.3651,222.6102,160.6754,93.7877
720.1765,222.4036,162.5864,97.5976
716.3644,221.9418,160.4769,101.1469
717.8912,221.7226,157.7433,98.5366
725.9332,222.2060,172.2061,93.3138
723.9850,224.3351,180.2761,90.5410
728.3411,224.2112,176.1141,87.1688
726.9158,223.8148,178.5531,90.3752
725.5518,222.6942,176.3502,91.4957
722.6142,221.5131,178.5462,93.7462
724.7297,221.4729,176.7096,93.1324
725.5575,220.7642,177.2072,93.2682
728.9695,218.6741,179.9400,94.8033
734.6959,218.4339,185.2740,96.0966
739.0956,221.3051,195.0072,95.4708
735.1215,220.9592,204.2376,96.0841
736.2077,220.6817,205.3881,97.7553
737.1090,219.8425,204.7559,98.6709
739.5231,219.4114,203.5991,99.4899
739.0934,217.5576,204.1774,99.8157
742.1612,217.5730,200.1068,99.9447
747.7571,216.6113,195.1096,101.8915
750.0673,216.2801,196.6195,110.6702
755.4610,216.9427,190.2149,118.3068
