1
140.8801,132.9973,84.4167,173.9816
137.2596,136.4418,85.4449,164.4892
134.3891,138.0072,85.5664,158.6948
130.9179,137.8696,86.7464,157.4669
129.7274,138.0797,87.8379,159.7179
126.6292,139.9336,88.0646,161.7608
125.2129,141.6906,87.9556,163.5016
123.3469,144.0140,84.8167,163.4690
121.3944,147.0448,82.1943,163.9636
117.5637,148.3124,80.1769,160.6087
114.5248,147.6767,76.7084,161.4485
115.1095,147.2216,73.0122,163.9550
112.7250,144.6417,72.5637,167.6503
109.9839,144.0897,71.7645,171.6186
107.2238,141.6289,71.3369,172.8112
105.6614,144.5657,70.5423,174.4222
104.5060,145.5155,70.0776,174.8564
103.8363,149.1101,69.9003,174.1265
103.4389,148.4620,69.5556,173.3639
101.9718,149.1492,70.0038,174.0101
101.2844,151.6223,70.4115,172.3318
101.2215,151.6578,70.7155,173.0557
99.8967,153.6661,70.5789,171.5044
99.5316,155.4977,70.3672,170.6968
99.2458,157.5296,70.1341,171.3030
98.7677,157.3531,70.3272,171.7427
99.9022,156.6880,70.0453,170.9519
99.6305,157.7492,69.1966,171.1033
99.4132,160.0688,69.8597,168.6681
99.5356,162.1379,70.8228,166.4581
98.8451,165.3980,70.8524,163.5809
100.1011,165.7906,70.9208,163.7647
100.5821,167.5243,70.2148,162.2298
100.4729,168.3350,69.7657,161.9785
102.0135,168.2792,69.6614,159.5051
101.3059,170.7303,70.2880,159.1723
103.3993,170.5283,70.1229,158.7706
103.6230,173.3681,69.5022,157.0601
104.0397,173.2844,69.0539,158.8994
104.5741,172.5598,69.0693,158.9096
104.6805,173.9799,68.9262,158.6171
105.6151,174.4723,68.9941,158.8637
104.0396,175.5868,69.9818,159.3559
103.5605,175.1596,70.5996,159.2893
104.4348,174.7847,72.8635,159.2977
102.6601,173.5038,76.5113,158.5700
103.3011,169.3700,82.5176,155.0691
104.5796,166.9195,92.1908,143.1129
102.3371,163.0779,103.5871,137.8546
99.8917,164.6714,114.8547,135.3223
107.4680,165.5904,123.0800,136.6953
103.0843,167.6078,136.8431,141.3093
93.9730,169.1413,150.9925,143.9309
88.6714,176.1956,163.9475,142.1246
84.8173,183.5543,168.5882,135.2241
87.3390,185.1657,165.2725,130.9494
90.5079,184.1922,165.4850,137.7769
93.6620,181.4783,163.2273,136.8380
92.2543,177.3331,163.8776,135.2328
95.4687,176.4074,158.8319,136.8061
88.9331,175.5410,155.4927,131.3497
98.4802,172.2838,151.6895,122.7767
96.4435,168.7823,145.8171,119.9659
97.5794,176.2914,145.8121,122.5248
97.3835,173.8161,142.7181,128.2881
98.1839,172.3353,138.2210,130.5622
97.9396,170.7626,135.7443,133.6154
96.9672,167.4471,135.3136,135.5640
96.7860,164.5526,138.2533,140.3003
98.3465,165.6879,136.0244,142.7870
102.9289,167.7323,134.3853,141.5094
96.3404,163.4826,136.9325,144.6064
83.9693,171.8545,147.0463,141.0529
87.6253,171.8815,146.8140,141.5309
90.8416,166.8582,145.0018,144.3487
89.4046,173.6319,141.3412,140.7033
96.5322,170.2027,143.4274,142.8778
92.6505,171.9467,143.5052,143.2977
91.2441,169.6722,142.0021,144.4135
87.9336,171.4433,143.2062,144.4195
87.9946,171.0899,144.5634,145.7125
87.0186,173.1860,144.3882,144.7226
87.8577,177.4394,142.7780,140.3226
92.3733,177.9476,142.5106,141.7530
86.3956,177.0580,143.8255,141.5913
92.5845,179.6972,144.7341,143.3321
87.1794,181.1265,143.0325,141.4012
93.3696,180.8600,143.4032,142.6482
93.6586,182.3663,143.3535,142.7943
89.4115,182.4523,142.5506,141.5338
94.9182,183.1446,144.9569,143.2895
90.8185,183.2173,142.1668,142.1026
96.1996,184.8010,143.6221,143.5141
96.5694,182.2310,142.1799,144.8528
91.1898,185.7245,142.5330,143.2835
99.5250,186.8963,139.9633,144.3638
93.4650,187.4522,139.8463,143.7823
95.6007,186.9258,141.0463,145.0370
98.1060,192.8669,137.7630,141.9853
98.3393,189.6608,139.3734,143.2760
104.4338,191.3056,137.7850,142.4045
105.8046,192.0996,137.0197,141.8943
108.3177,193.3179,135.0631,140.6123
111.3258,195.2345,133.2596,140.1635
110.7949,191.6294,131.8049,142.0405
106.8731,191.1389,132.8096,141.3888
110.3717,191.8458,128.5801,142.2472
109.0012,191.3155,129.5042,141.5388
116.3113,189.4048,129.1383,143.1907
111.1533,190.3190,129.2483,141.2382
115.9095,191.3119,128.8432,140.9164
116.4006,191.1660,129.2702,140.8337
112.6473,190.0503,128.8304,141.3678
112.5287,189.2774,127.7042,142.4053
121.7770,192.5034,124.2132,141.8194
115.9417,190.7380,125.0924,141.5264
119.8305,190.1157,125.1369,141.5540
116.4284,193.7096,123.9228,139.0006
120.2154,192.7110,123.9263,139.8249
121.1514,196.3280,121.6780,138.3329
121.7454,193.3964,122.3615,139.2005
123.2965,195.0046,121.2278,138.4218
123.8537,193.0173,120.2239,138.4659
125.2850,195.1998,119.2393,137.2775
125.5019,194.5830,119.7374,137.4520
125.1394,194.2327,119.9430,138.2730
125.6892,193.4093,118.8056,138.4353
122.0882,191.3353,118.0490,137.2026
121.8472,189.9610,118.3194,137.5816
127.9426,188.3044,116.8747,138.2349
123.4200,188.0256,116.6169,137.3463
127.5934,186.4144,115.8000,137.1097
122.8833,186.4692,115.3461,136.0121
122.2857,184.6675,116.0099,136.8698
125.3788,183.9408,116.2605,137.1633
123.1160,180.4061,117.1024,138.3699
123.4587,176.7624,119.1731,140.6818
122.8034,173.0851,118.7822,142.9092
119.4092,171.9067,118.1125,142.1979
118.4238,168.7744,120.7875,139.7377
117.4633,168.5128,118.9725,133.0857
117.3772,170.2123,124.1980,129.7296
108.1565,168.1952,128.4139,130.3004
102.0436,172.0520,133.2872,126.3686
101.9218,173.4821,135.4250,124.5076
101.0372,176.5821,134.5102,123.7901
104.5375,180.7017,129.6668,123.2941
103.3309,178.1926,126.2315,126.1729
99.2489,175.7096,123.0608,127.7177
96.8306,175.3534,123.9166,128.7556
95.5956,176.0096,123.8271,127.3568
93.3696,173.8082,123.1883,127.1014
90.9652,176.1407,123.0294,127.0289
93.8942,173.0537,122.3484,128.7734
92.7925,171.3796,120.9414,130.8457
86.1857,169.7703,119.3436,131.1956
87.2964,168.9841,117.2000,130.1839
89.9916,168.3825,115.7930,128.3947
92.0635,167.2198,115.2925,127.9088
89.9990,168.2195,114.5311,127.9115
91.1023,167.8219,111.8365,127.3757
91.5397,165.6707,107.9647,129.0067
93.5135,165.3399,105.0017,128.0987
94.2103,165.2805,102.9083,129.9531
98.0216,163.8206,99.1829,129.9043
98.6960,163.2225,94.7634,128.8710
105.9523,163.6853,95.0759,129.4995
103.6299,157.2602,91.4279,139.1585
102.1987,149.1600,86.8891,143.1151
99.7408,154.3320,86.1272,143.4513
96.9834,147.2651,80.7417,142.2638
99.7959,154.7865,76.4926,132.0259
95.3539,156.7214,76.2302,131.5142
93.3989,158.4772,75.2337,134.2277
89.2587,159.7609,75.3272,131.7671
86.1498,162.0794,77.6185,128.7324
78.7337,165.0548,78.3162,132.8632
72.5426,163.1570,75.9396,137.2453
68.1327,164.0601,72.8874,138.8217
64.4887,160.7386,79.4163,139.5601
54.9066,157.1016,74.9112,130.1700
47.6007,146.7219,80.7977,126.3895
56.3639,160.6292,90.8640,127.7822
49.8927,147.9598,98.7833,113.6844
38.5000,131.7994,101.0652,101.0436
38.2074,126.5191,103.6967,89.2199
33.1841,123.5331,107.8128,87.6981
41.2933,116.6048,110.0593,82.3629
42.4841,125.3980,116.7512,91.5279
21.8827,151.1745,106.9004,103.0363
16.2693,153.8312,100.9955,102.8496
31.0624,160.3814,120.5265,106.5830
32.4315,142.1054,124.1010,122.1779
41.2810,145.5799,125.2293,130.4633
46.1910,142.8136,122.4057,137.1234
50.9058,140.1546,113.4630,139.7044
60.5288,121.5263,101.2143,147.7542
64.2905,120.6661,96.5016,146.4719
67.3848,141.0008,99.3479,133.3187
74.9929,143.5642,94.6224,121.4224
84.8692,148.3956,87.2779,112.4094
91.9296,152.7744,82.6933,105.7852
97.3204,148.8844,75.9284,104.4238
105.3564,150.0251,71.3473,99.8553
108.5268,144.2073,73.5935,103.2928
108.2351,136.9068,77.7996,112.9021
109.5395,129.3697,83.6989,122.1127
97.7685,142.9982,93.3167,112.5138
88.5317,153.0261,102.5521,103.1055
102.0326,172.6293,104.0149,92.5293
105.4030,181.1955,104.2908,81.5028
91.6746,185.5270,115.7332,73.6311
111.6028,187.4052,104.1824,69.9226
123.0090,185.9240,94.5002,67.1485
122.9322,187.6821,90.2890,61.5581
122.1314,187.6918,89.9612,60.4616
126.1626,187.4800,85.7382,64.5751
125.3912,185.3062,85.7176,67.6848
127.1517,183.2129,84.5789,71.2162
126.5012,180.3612,80.5163,72.8367
123.2506,181.3129,81.0697,70.9396
135.9897,183.6717,71.2564,71.2235
143.4545,183.5172,63.4530,70.2384
141.9194,181.2402,65.6564,69.7133
145.0065,178.7079,63.0264,73.0139
145.2829,176.1570,65.2165,76.1923
148.2004,175.0663,66.4707,78.9204
146.2371,174.8587,71.3382,77.9441
148.2495,170.2920,73.1102,80.4709
152.6439,166.9576,73.9326,82.2204
161.7411,164.6441,69.7941,83.3809
164.2630,163.2828,69.6790,82.3657
169.3757,162.1748,68.2486,81.2667
176.8648,161.5425,63.0665,85.9465
183.6202,159.4945,58.9367,92.0621
188.1861,155.7425,55.6058,97.7164
193.6488,150.5983,52.9685,100.0624
192.5628,147.2069,50.7843,107.1166
198.7481,147.8169,46.3429,113.6835
203.5149,148.4449,40.6149,122.4961
209.8956,150.2792,36.9906,131.2274
215.9152,157.1039,39.2150,126.3542
218.8022,171.2845,45.0222,122.6419
218.6460,176.2633,50.3237,118.4414
216.9653,184.2807,53.2321,113.5708
215.9443,190.7235,56.8074,111.0236
218.3005,191.2920,58.7252,111.4117
216.1646,197.1122,61.9976,108.4471
219.0517,201.6714,60.8952,111.8018
213.5892,198.5915,62.8011,113.0791
215.8489,199.4738,59.9100,113.3294
212.0895,203.9089,65.1202,103.4195
197.9513,206.8682,76.6819,97.4116
213.1113,215.3098,68.9350,86.3873
216.9417,225.6220,65.6341,82.3463
222.6588,233.3222,62.3180,81.5136
204.0902,222.8017,71.7623,81.1338
190.5309,215.7433,79.3437,84.2507
189.1044,202.9906,78.3343,87.8926
191.8921,194.8094,81.2597,90.5639
191.7124,181.5955,80.7956,98.4194
188.1055,175.6514,87.8939,103.7555
176.7319,164.7714,98.7562,106.9647
175.9674,160.4357,102.9195,109.0617
177.6074,163.9128,108.2994,104.4881
176.9118,168.8337,109.3515,100.2934
172.5042,162.4001,112.5478,102.0419
165.9610,159.6978,116.6570,102.6234
167.8053,151.8709,112.0917,106.5144
170.2460,138.9974,102.0212,114.3492
176.4018,132.5317,91.6364,122.4609
185.8266,123.7431,82.2873,132.9013
189.9101,116.1102,79.6512,144.4366
196.7357,119.9584,70.7872,151.0313
205.6590,123.6651,63.4557,156.0338
210.9372,126.5876,60.7271,159.1502
216.8010,132.6578,64.5181,156.0173
220.0127,137.1535,70.8305,155.3803
226.0150,148.4876,78.3250,152.3025
227.0460,152.5371,91.8716,156.4156
226.0515,148.8380,104.3846,158.7649
228.1301,155.1828,119.8729,158.6643
229.5456,160.5415,135.2979,164.5763
258.3303,175.3106,146.3602,164.2997
283.2616,189.6422,156.5141,158.6445
304.4409,206.8839,171.5695,158.4981
321.0638,219.0130,183.8322,159.2915
349.8330,226.9304,182.8356,163.5160
375.6625,228.7628,192.0426,165.0179
400.1046,230.9583,190.0508,163.1828
439.6182,237.9320,190.6841,173.7692
