1
188.4405,213.2036,37.7240,102.5654
187.1025,212.6059,37.2497,105.5942
184.0214,213.3600,38.2463,104.3328
182.5087,216.5937,39.0654,102.2187
181.1648,218.7959,39.2628,98.0456
181.1098,224.3291,39.8986,93.5763
181.0809,229.1608,38.5005,88.7260
181.7982,235.8030,36.8335,91.4055
182.6108,238.3514,36.2030,95.3338
185.2635,238.4500,37.4886,97.4590
186.6546,239.2161,38.2571,96.0729
187.8557,238.9940,38.4074,95.4989
183.0545,234.0387,40.8608,97.8724
181.0288,234.7967,42.6843,98.9884
184.3848,230.4739,42.9465,100.0726
187.1740,213.1539,43.9166,90.8116
192.0936,213.4364,43.6845,85.7660
195.4220,215.8198,44.7679,85.2658
199.6420,212.2364,46.0822,88.0844
204.6815,213.4823,45.2021,88.2960
204.9079,217.3385,43.3202,92.5983
203.2981,221.0544,44.4074,100.2798
209.0210,224.5200,42.6175,100.9854
216.1365,227.7583,40.5179,100.5731
217.7513,235.2249,42.1203,103.6725
219.8064,232.2346,42.8844,104.8722
217.7365,230.2714,44.2754,108.0839
222.1793,232.4062,46.6355,106.4876
229.3102,231.6053,46.3811,105.0744
237.4020,230.0795,45.5392,102.1762
239.7638,230.3371,46.7451,102.8202
241.4882,228.5929,46.7708,102.0682
247.6220,228.4967,46.7603,102.6511
252.1809,226.8788,47.3925,103.7080
258.8521,227.1079,47.0131,103.1877
261.9005,229.8754,48.4343,103.8095
263.9859,232.6389,50.1194,102.7295
266.5152,235.5303,51.7662,102.7634
272.7778,236.9289,49.9460,103.8065
275.5081,237.3631,49.8289,102.2953
278.0682,238.8696,50.4079,101.8869
280.5835,240.9236,50.4751,99.6836
283.5890,241.9136,48.6142,97.1737
285.1759,239.3754,44.8378,98.3365
284.3525,238.7541,43.4107,100.6188
283.7510,237.9121,43.2097,101.7854
282.4452,236.1894,42.8629,102.9744
282.4984,235.9639,43.0888,105.0773
278.0273,234.6927,44.7439,103.5927
281.3752,233.7491,46.0660,106.4970
278.1833,232.6902,46.8723,108.4841
275.5402,232.4798,47.5513,109.8612
277.0123,229.6569,48.1932,109.8014
273.6334,229.8457,47.1859,106.7635
273.9173,231.0493,44.2964,102.8425
272.8512,233.3398,42.0206,99.6623
272.4328,234.2500,39.3705,99.7300
271.3904,235.8208,39.8117,100.2922
267.5056,238.7311,42.9734,98.0958
263.5800,240.2463,44.2210,96.5635
259.4283,240.1094,44.1637,94.5668
256.3219,242.1841,44.7412,92.8446
251.0228,241.9512,47.5549,92.0366
244.7491,242.4295,48.5702,94.1341
240.6845,243.0660,47.8354,94.8711
234.8297,243.4651,47.3550,93.5594
230.7496,245.4905,45.5463,92.8687
226.0851,246.4301,47.2982,91.2327
219.5415,245.2269,46.8829,90.4327
213.9055,244.0337,47.1019,90.6844
207.5606,244.0657,48.6039,91.7306
203.0522,243.7734,52.1064,91.3666
193.9150,241.2758,55.1800,93.7444
184.5983,239.6296,57.7531,93.2632
178.4239,239.9155,56.8792,95.4248
173.1089,239.4452,55.0110,96.2689
169.1513,238.5653,48.9403,98.8319
166.0988,240.6040,43.5424,97.9066
161.6312,239.4480,45.0533,97.5497
153.4553,236.6356,49.4192,97.8542
148.6776,233.9192,47.3308,99.3033
144.9792,230.2700,49.2595,100.6370
140.2450,229.3075,55.2659,100.4542
135.6505,227.6338,59.5092,100.8107
128.4644,227.4115,55.9296,98.3425
124.8213,226.8087,51.8714,98.4205
122.3871,225.4582,48.4759,98.3052
119.5062,226.6488,46.3558,100.2463
117.2488,226.4689,42.5933,101.4916
114.3303,227.0593,41.0839,102.5548
113.4444,224.5944,42.6637,101.2749
110.0139,223.1616,47.8284,102.3322
106.1442,219.3991,51.5624,103.6710
107.4707,217.0253,59.8871,103.8946
105.7688,218.8342,62.7946,102.0213
102.3546,217.9020,68.1350,100.5690
101.7283,216.0127,68.0203,98.8491
101.1310,218.5511,65.3369,96.1489
101.3698,217.9041,60.9941,96.2363
102.7025,215.4861,55.9309,99.3375
107.4458,211.7562,49.2636,102.5593
109.3685,208.1599,46.1922,105.3257
109.9978,205.4865,48.3657,107.8852
111.9555,202.1885,51.1584,108.5196
114.0842,200.4169,50.2553,105.1986
118.6688,199.5430,51.2246,102.2843
119.2082,200.4018,49.2033,99.1248
123.4829,199.7885,45.2749,98.1887
127.2733,199.3315,42.9818,99.3324
132.2564,198.8355,41.8536,100.4811
136.1733,197.6300,39.4744,101.2282
141.3042,196.0153,41.0592,104.0608
144.6463,194.0198,45.4689,104.9302
146.9614,191.6353,46.8612,104.5196
147.9986,189.7386,47.8301,104.1227
152.0479,189.1361,51.6689,100.9030
154.9715,189.2581,50.6575,98.7871
158.4407,189.8961,47.9017,95.7539
161.0661,188.8875,44.7357,94.8449
165.8750,189.8292,42.6978,96.6957
171.1335,188.1408,42.5707,96.2784
176.0622,185.9344,41.7893,98.2825
178.6078,183.0243,39.7417,98.4388
181.8309,180.4778,41.6698,102.6305
182.2410,177.5201,45.3341,103.4560
185.2048,176.8811,45.6567,102.5186
188.1040,176.7360,46.7380,100.8230
190.4118,175.2198,46.7210,100.4157
193.8475,176.8346,44.5744,100.7716
196.5728,176.4467,39.9263,98.5527
200.2529,176.3234,38.4791,98.4012
203.8105,174.9969,37.5998,99.8466
205.5408,174.2223,38.0036,101.4265
205.8445,172.0393,40.5716,102.9209
205.6726,169.5894,42.0079,104.8448
207.4288,168.0615,43.7553,104.7860
207.2160,166.9297,44.9059,105.0177
206.6759,166.9737,45.6948,104.0762
207.8027,167.5952,46.7606,103.9022
211.4839,168.8304,45.0694,104.5658
212.2774,168.0656,44.1317,104.5940
213.5010,166.1037,43.8648,105.3358
216.4560,163.8581,43.1459,105.7063
217.1723,161.7332,40.8849,108.4963
219.0600,160.6169,39.6032,109.9032
221.2030,158.6099,40.1261,111.5532
223.8517,159.3352,39.2389,109.3625
224.8416,159.6174,38.0035,108.3131
226.3846,159.1760,36.8825,107.4575
227.9955,162.4429,35.1084,105.9861
229.9101,162.4117,34.1122,105.2183
232.1500,163.8820,34.0633,103.4969
233.3879,163.9090,36.2184,101.9861
234.9499,164.7281,38.8661,103.2566
237.2075,164.2636,39.7705,103.3407
238.8705,160.0526,43.7523,105.6829
238.9305,159.0068,46.8501,105.7461
239.9680,157.5563,49.6426,104.3278
240.2478,158.2020,48.8458,102.8252
243.0076,157.7812,46.7124,100.6534
244.0768,159.6792,42.9181,100.7579
246.4290,159.3068,40.0275,101.3530
250.5042,157.9562,39.9326,101.9217
254.9922,155.8983,37.6276,105.2328
259.4283,155.7954,34.2048,107.8847
262.7703,153.8354,32.5990,107.5726
264.9475,154.8883,31.7653,104.5512
267.2558,156.7344,31.5382,99.8610
269.4041,157.4381,30.9957,97.3927
270.8523,158.7177,31.3078,96.3665
272.9581,157.2777,31.6680,98.4729
272.6918,156.9870,32.7319,96.4611
273.2863,156.6347,36.1018,96.5639
271.6755,155.9769,40.9064,95.4337
269.2187,152.8534,46.6918,96.2890
267.6417,152.4674,51.9819,95.4014
267.4139,150.3544,55.7161,97.1075
266.7463,150.6680,60.1438,97.4518
266.5151,152.8114,62.8303,97.1229
267.7571,153.5105,61.3980,96.2217
270.6112,153.5614,56.5395,96.5240
274.9752,152.2463,49.5416,98.6788
276.5644,152.2746,43.1098,99.5772
278.2130,148.3011,37.3666,101.5167
279.5976,145.7688,35.1026,103.3101
279.7081,144.8121,34.0616,104.2781
279.5815,145.0159,32.9297,100.7219
279.5684,147.4465,32.2117,97.1521
279.9777,147.5801,33.4479,95.2620
279.8353,149.3334,33.5163,94.5140
278.8325,152.2540,33.5077,92.2636
280.1689,155.2894,33.0617,91.2451
278.8477,156.0784,33.9317,92.9807
280.2927,155.6257,33.6421,94.0030
280.6312,155.0934,32.9210,95.6527
280.5477,154.4506,32.6946,94.5424
279.2248,154.9336,34.3606,94.0560
278.9179,155.0959,34.8084,95.7061
280.1418,155.2004,33.1878,96.4436
281.5857,154.4104,31.8909,96.1479
281.2570,153.3240,31.0187,97.2814
282.3597,152.1046,30.0982,100.4180
282.6102,153.0758,32.2682,99.9290
281.6456,153.2944,34.1037,100.8210
282.0536,154.5550,35.5695,101.0378
281.3860,156.1444,36.6023,100.4250
281.1704,159.0094,36.8920,98.6398
282.7374,161.7863,36.0672,96.1899
283.5786,164.1903,35.5549,95.7672
283.4192,164.4747,36.9891,96.3083
282.1586,163.2444,37.0727,96.4316
281.7332,163.5379,36.7419,96.6383
279.3550,164.3704,36.2626,96.8701
279.5935,163.1715,35.3215,97.2970
278.3185,163.2548,33.2450,97.6584
278.4522,162.9800,31.8122,97.8694
277.2385,163.4568,31.3742,98.9825
278.3650,163.1631,29.7874,102.0473
276.9038,162.8712,29.8819,105.2553
278.7664,164.6465,29.5073,105.2331
277.9818,168.1603,29.6204,104.8910
276.7250,168.7966,29.7414,103.4252
274.8583,172.1772,32.3804,103.0076
272.4328,173.0203,33.7244,102.3589
270.6844,173.8214,34.2217,102.2890
270.2063,174.3755,34.0794,102.2684
269.1343,174.8273,33.7434,102.5647
268.7898,175.1311,32.1570,103.2182
268.4638,173.9470,30.5405,105.1357
266.7494,174.4452,29.6142,105.6055
265.0938,171.6654,29.5472,106.9128
262.9071,171.4599,28.6712,107.7008
259.4510,170.7496,29.0192,108.7266
256.7499,171.1605,29.7794,111.4958
255.3532,173.1908,29.1232,110.8348
252.8346,175.1633,28.8462,110.2617
249.6194,176.4851,30.5984,112.1093
246.8530,179.2226,32.7406,112.6769
244.5174,180.2166,33.7618,112.3593
242.1114,183.2806,33.9983,112.1177
239.2168,184.1048,34.9624,111.4929
237.4017,186.3715,35.7183,110.6333
234.5124,185.5392,37.4403,110.2764
229.7049,185.7548,38.2794,109.9726
226.8230,186.3423,39.8539,108.6946
225.7371,186.8441,39.4216,108.6152
223.9993,185.2198,38.0568,110.0671
221.9444,183.2343,37.8421,110.8476
219.4653,181.3029,38.5607,112.4252
217.5211,179.5260,39.0385,114.0017
214.8010,178.8905,40.1623,117.4405
212.4421,178.1179,40.7474,118.6635
211.2951,178.8328,41.2099,120.5487
209.2854,178.8736,39.5489,121.8921
207.9931,184.1343,39.6626,121.0666
205.4505,186.9881,40.4820,120.0007
202.6824,188.8786,42.4330,119.3323
201.1848,190.2290,43.8166,118.9085
197.5865,189.3716,45.1847,118.1887
196.1082,189.8431,45.6344,117.9040
195.8750,191.7733,45.4102,117.2012
191.7064,190.3977,45.9672,115.7514
189.8930,191.5880,45.6578,113.1476
188.8669,191.1910,46.4606,112.1422
187.8069,189.3261,46.4363,111.7426
186.7296,187.4846,46.2091,111.5880
185.0819,186.2735,44.7168,112.2969
186.2575,186.9756,42.9463,112.9903
186.0726,184.6220,42.5864,116.3140
185.9787,185.2539,42.2210,117.1479
185.2638,184.6389,42.3491,116.4145
185.1052,185.9259,42.6982,116.0207
186.3480,192.7432,42.2655,115.1487
186.9961,191.9918,41.3198,115.1687
187.0712,191.9096,41.0637,115.2422
187.1707,188.8405,40.5006,115.2851
185.8966,187.7812,41.0693,117.0887
183.6635,187.1398,43.0010,119.1271
181.5720,184.8603,43.8042,121.7513
181.1460,181.6213,43.9820,123.9862
177.0432,171.4478,47.8515,135.5528
175.7044,159.4103,53.3357,148.8011
175.3390,160.1692,56.0691,156.5204
175.9600,163.3345,58.0025,161.2517
175.7346,168.8928,59.4557,149.6469
175.3473,167.8082,57.6921,152.3972
179.3985,174.3732,55.0022,150.9138
180.6302,175.7475,50.5286,146.4174
180.7941,175.9391,46.2196,145.1280
180.9572,173.1985,45.9622,137.8310
180.1969,175.5147,45.4037,131.5624
179.3139,179.0423,43.9476,130.8416
179.3134,178.3092,43.4519,129.1321
178.9457,181.1379,42.8182,124.8001
181.1718,184.3654,43.4428,120.5873
180.3617,189.0336,44.8959,118.9410
176.2584,185.9881,46.2709,117.2995
176.8385,192.7773,47.3315,116.4937
171.6639,190.3458,47.7626,115.8076
172.3948,193.6959,48.4547,116.5597
165.9382,192.1219,48.1905,117.6267
166.1850,195.0945,50.3199,122.2773
161.0685,190.1825,50.4559,124.3109
162.9495,194.0107,50.8827,126.5083
159.5591,197.7038,51.6937,126.8961
156.3046,196.0163,49.1787,128.4763
154.2394,192.2938,48.9124,129.9342
155.3451,193.6152,46.6798,129.3790
151.7051,193.4117,45.3064,129.4637
150.6945,198.0580,42.0741,125.6909
148.3387,198.6472,38.8501,125.9436
144.8259,200.7682,36.5960,125.5531
142.1115,200.9943,37.9380,127.0539
140.1004,199.1035,37.7495,126.4428
137.4041,198.4225,40.6756,126.6651
135.5415,197.6452,40.6754,126.9772
136.9486,196.3842,39.8063,127.1997
135.9921,197.3872,40.6512,126.4571
131.5547,198.3173,41.6705,126.9151
130.8532,196.4315,41.6150,127.7152
128.7433,198.3031,42.7897,127.6608
127.1427,198.9534,43.4684,127.6535
125.7640,200.0513,42.9396,128.2046
124.4236,200.9496,42.6127,127.9614
125.0594,199.6342,42.7016,129.0022
125.5422,200.1426,42.3800,128.9035
126.4982,201.6894,41.8107,128.3901
127.7544,202.2160,40.4239,128.2610
126.7447,203.8159,40.2688,128.4118
127.9849,202.2018,39.7187,129.8764
128.1931,202.8999,39.3902,129.6699
129.7478,204.5307,38.7153,127.7453
130.4880,205.4497,38.5191,126.1530
130.6571,206.1486,38.0812,127.1692
132.3385,209.2871,37.6381,126.0295
133.8766,209.2293,36.9662,125.8350
135.1187,208.7261,36.7321,127.1317
137.5635,208.0393,36.9725,126.3136
139.1547,207.0456,37.1706,125.1335
142.2338,205.5905,37.2557,124.7883
142.0183,207.3288,37.7847,125.1573
141.1089,207.5594,38.1975,125.3211
141.3816,207.6880,38.0524,124.6763
140.2504,208.4803,38.2295,124.8415
140.0993,209.8119,38.6895,125.1367
141.3097,210.7547,39.3590,123.7658
141.0514,210.8763,39.3032,123.5447
141.4598,210.4489,39.4566,123.9669
141.5905,211.4954,39.9920,124.4604
141.0018,211.8432,39.7803,123.8178
140.5132,212.4423,39.4076,122.9844
140.9783,212.1797,38.6870,120.8640
140.7840,211.0814,38.6743,122.0331
140.0649,209.6842,38.5433,124.3992
138.8283,209.3041,37.3305,124.5462
138.8693,207.8642,36.9342,124.7608
137.8704,206.0644,36.2634,126.5029
136.8521,206.5133,36.3177,127.2443
135.8062,206.4754,36.3299,128.2921
136.2638,205.9733,35.3475,128.6107
135.4696,207.8209,35.3279,127.6473
136.6192,207.1560,34.4482,127.7684
137.3456,204.6033,34.0853,127.9225
135.0397,199.5986,33.5696,130.6348
134.3987,202.9087,34.7797,129.8142
134.7276,203.3318,35.4548,129.4380
134.4993,205.9247,35.4462,128.9165
137.0983,206.8390,35.5980,129.7512
137.1305,209.1938,35.5019,129.3041
135.7743,207.9216,36.7544,130.1539
138.1385,208.5067,37.0577,130.7487
136.6734,208.1234,37.6427,129.2931
137.7708,208.5636,37.3867,127.6897
137.8399,208.7708,38.6606,127.2026
137.5707,209.9249,38.4681,126.7266
140.4895,210.1852,38.3266,126.1268
141.2422,209.9565,37.9132,125.8694
141.4178,209.6899,38.1115,125.6584
142.7388,210.1967,38.2316,126.2315
143.4781,211.7962,38.4386,126.9623
143.8614,211.2834,39.1179,128.6534
143.2817,210.9284,39.9284,130.3160
144.0747,212.1458,40.0270,131.2252
144.2892,211.7858,40.0610,130.6559
145.4003,212.3529,40.0875,130.1214
144.7660,210.4869,40.9112,131.3089
149.4935,213.3148,40.9778,130.7680
147.4217,211.3981,40.1829,128.2801
149.6120,214.8089,40.5686,127.7516
147.7907,214.5316,40.8411,128.4969
147.7208,213.9154,40.7734,128.6652
148.6964,215.2121,40.7596,129.2746
146.5636,215.0928,40.2496,131.3898
145.2361,211.3657,41.6956,130.9919
146.9973,213.9857,43.2698,126.3612
146.6143,217.2550,43.8229,124.9823
146.5658,218.3394,44.8791,122.9237
147.6746,221.5586,44.6920,122.8540
147.2785,217.3915,44.6824,121.8280
147.8618,217.9469,43.6329,122.9583
148.1350,212.5192,43.3826,123.1870
148.4453,210.4932,43.1527,123.4060
149.8266,213.9198,42.6799,121.9618
148.5322,216.1114,43.1904,120.6332
146.1198,205.5780,42.8433,123.6453
148.0008,215.5927,42.4333,121.1311
146.3928,204.3264,43.2735,125.0065
148.0277,213.3896,44.0473,121.9831
151.6057,211.6172,44.7951,123.8551
149.7643,189.1869,44.9452,130.9988
148.7172,214.3647,47.8614,126.3096
148.7217,185.9909,48.2686,131.4659
149.0654,189.7577,50.2003,132.4224
147.7777,203.3699,50.8005,129.0443
146.9922,188.5240,50.0860,134.1949
146.9085,196.5329,49.8503,130.5994
148.5585,210.7742,51.2599,126.6616
149.6740,203.1307,50.5151,123.4704
150.9626,209.0473,49.9723,125.9445
154.3466,205.8858,50.1069,124.5195
156.7983,211.6521,48.4490,123.9731
157.0350,202.5811,48.2199,125.0063
158.4782,210.3951,47.5236,125.1166
158.2758,211.1253,45.8429,124.8086
160.7300,212.8958,44.1410,123.5026
162.2297,216.5505,43.7738,122.7222
164.1403,217.6861,41.4221,122.3573
167.0053,218.5976,40.8116,120.4199
165.5841,221.0660,42.2360,118.5419
168.8340,223.0013,42.0012,118.0314
169.0928,223.2217,43.0891,116.5771
170.9621,223.7905,43.6805,115.6967
172.9627,226.1019,43.4416,115.1458
177.0166,227.2475,42.0995,115.9310
177.6636,222.9869,39.8574,117.1888
182.4669,221.7994,41.2156,118.6140
182.9718,218.3566,41.4149,118.8067
184.5444,215.2746,41.0026,120.1738
186.4859,214.9232,41.1085,120.1511
188.7077,210.5066,40.9500,119.4358
192.3305,214.4995,39.6883,116.3911
193.8378,216.1478,39.6854,116.3204
195.7275,216.5735,40.0567,116.3185
196.7004,217.7561,40.5712,117.1378
198.4988,216.8674,40.5751,117.7486
199.6389,216.7158,39.6721,118.9650
201.5424,218.6384,38.8803,120.1162
206.7457,214.8546,37.7655,118.6554
205.7670,220.3334,37.0692,118.4097
205.8689,219.5543,35.7690,120.1259
207.4668,217.8351,35.2266,121.5282
209.3101,216.1718,35.9575,122.1497
210.6540,216.5173,36.9794,123.4687
215.9027,217.2536,38.6161,124.2030
220.5968,218.0433,39.0527,121.6522
221.8978,225.3078,39.7914,115.8410
223.6962,229.4932,43.2839,111.1728
226.3837,226.4023,48.7218,111.0442
225.5874,230.2203,53.8771,108.2299
227.9528,231.8562,56.3641,105.5379
232.4035,228.9064,57.9995,105.5728
238.4730,220.0824,58.1179,108.5263
248.7168,204.0516,54.0712,117.9550
244.0489,183.4251,53.2215,130.7270
246.1041,182.0998,52.0727,144.0130
265.5604,155.1595,49.4189,150.0897
275.3588,161.5836,44.3086,157.1566
278.0173,152.0134,42.4214,160.1417
279.2075,158.1722,43.6275,158.2113
281.5276,162.9579,46.4327,162.7445
284.1131,156.6775,48.8785,168.5642
278.9226,165.2689,53.9721,167.2807
284.0875,170.5893,49.7505,159.5087
289.2686,194.1944,47.3439,147.4694
318.1202,211.2950,48.3408,130.9048
320.8409,194.9713,48.9698,127.9840
316.4547,158.9488,52.0018,129.1895
2
0
0
0
0
1
392.3366,220.6139,43.6966,89.5329
399.8354,222.3703,42.0037,91.0978
409.2293,226.1050,39.5348,88.4455
411.4101,231.2723,40.4431,90.5316
413.8342,230.4095,43.4899,90.7098
418.8940,229.8018,42.5625,92.0789
420.1369,227.6647,40.1669,91.2852
418.9633,224.8893,38.7019,94.5084
419.3148,221.2630,37.2551,97.9804
416.4829,220.5756,37.8358,100.2918
412.3409,215.4036,38.9321,102.5545
409.8064,211.8316,40.1168,101.3173
407.2094,207.3544,41.0482,100.6109
402.6781,207.8977,40.3918,102.3925
399.8449,204.9162,40.7046,104.2320
397.4779,202.8813,40.2302,103.7914
394.2932,201.2564,39.4434,101.6407
394.5624,198.7645,39.5946,101.0644
391.4904,195.9009,37.7942,103.5084
389.1479,193.3006,37.6001,103.3050
386.1000,192.0972,37.5464,103.7232
381.1143,189.4071,37.1305,103.8768
378.8982,189.8795,35.9945,104.4761
375.9616,188.6730,35.0243,105.5168
371.7173,190.4783,36.0779,104.5267
368.1662,189.4960,36.5849,103.6606
364.0877,188.4329,36.6163,102.5029
362.0908,189.0181,37.2981,100.8096
358.8404,189.7592,38.3854,101.4409
356.2968,189.0614,39.9160,98.6791
353.4221,189.3064,41.6778,96.7862
351.0383,188.3326,43.3900,94.0074
351.2305,186.4172,42.7073,92.7620
350.8633,185.2373,42.6426,91.8415
349.6739,183.2590,41.8529,89.6642
349.5521,181.1771,40.5536,88.5476
350.3189,180.2027,38.3123,86.6918
351.1015,178.5535,36.6205,82.5503
349.6925,177.2966,35.3536,79.7554
348.6033,177.3461,35.3018,83.2765
347.3477,177.8929,35.8207,86.5169
346.1429,177.2746,36.5467,88.6343
346.0358,177.8269,36.4638,90.2347
346.9458,178.6736,36.3379,90.0651
346.4889,178.9731,35.6597,88.6303
347.7097,178.8779,33.7903,86.5079
349.1329,179.9396,32.8737,84.3306
346.6707,180.6117,32.5600,84.2005
345.4006,180.5096,33.5070,84.0706
343.6494,180.9583,34.6899,84.2269
342.7213,181.1946,35.7870,83.8217
341.0955,180.9740,35.9703,84.3597
339.5047,182.0801,36.4598,84.9835
338.9455,182.5829,37.5662,85.4526
337.5358,183.0087,37.4017,85.5258
336.1107,182.5062,38.3655,86.7297
334.4103,183.3635,38.0750,86.7821
334.0049,183.1933,38.9752,87.4348
333.5534,185.0995,38.9212,87.5939
332.4748,185.9428,37.9594,87.1767
333.4289,185.9773,35.8673,87.5765
332.3431,186.7158,35.8018,85.7719
331.8501,188.6177,35.1649,84.9668
333.1716,188.6171,34.6912,83.8310
331.7365,188.3038,35.1691,82.7819
330.2983,186.7814,35.3051,82.0710
328.3857,186.3661,37.0174,80.9988
325.4888,185.1463,38.2845,81.4223
323.2408,182.3883,39.3473,83.1445
320.7278,182.2026,39.9104,84.3043
319.7675,182.1381,39.7924,85.4166
319.9512,179.7357,39.7602,87.6731
318.1604,179.1520,38.5295,86.4093
316.8748,179.3766,39.6369,89.2200
314.3393,178.0151,40.8254,89.0821
313.4135,178.1677,39.7933,93.1964
313.5783,179.7336,39.2984,95.8906
312.7306,180.4066,40.2574,96.1477
312.5257,181.7031,40.0626,95.3670
310.3746,183.1879,41.0148,96.8509
307.7263,182.5232,40.7875,98.2902
307.2015,182.9814,41.1168,98.0616
304.7705,183.1229,41.6838,97.7446
301.9036,183.9844,43.4313,97.2654
297.4709,182.8170,42.8234,95.6197
298.1364,183.3506,42.6299,95.3495
294.5711,183.9259,41.3393,93.6889
294.7566,183.0326,41.5451,93.9700
293.1508,180.9954,42.8250,96.5243
291.8900,179.2508,43.0958,100.0951
291.3306,178.3833,44.1382,102.4014
290.6117,177.1839,44.6117,104.8863
290.4408,175.5257,45.0644,105.4454
290.8572,175.0591,44.7259,105.4923
290.9803,175.3534,44.2369,104.5310
291.4345,176.5658,43.3729,102.5545
292.2961,176.7469,41.8617,99.7892
290.9215,177.9072,41.4864,96.6254
290.7872,180.3293,42.0216,94.0438
290.4262,180.5884,44.2129,93.9640
289.1839,180.1954,46.2895,93.4383
288.6094,179.0240,47.8283,92.3781
287.7032,178.7707,48.0634,92.3074
287.4796,178.3763,47.5461,91.5285
287.5504,176.2898,46.6865,89.5194
288.3466,174.0943,46.4505,87.2008
287.7273,173.7819,45.1182,89.7868
287.9340,171.7160,46.5712,92.9882
288.1487,169.8185,44.6321,96.2663
288.4175,168.8913,44.1774,99.7013
287.7498,167.3602,42.8689,100.5837
289.1831,167.2675,42.5353,101.2494
289.9766,168.2358,43.3729,100.8975
290.3920,169.0804,43.4401,98.4825
291.9219,170.1752,42.4279,96.8601
293.5650,169.9762,41.5204,95.3825
298.0853,167.7516,39.9215,94.2093
298.2565,167.2172,39.6715,95.8323
301.2419,164.6717,39.3142,95.7405
303.5303,163.8815,38.5465,94.8229
305.9740,163.6281,38.2248,94.9710
306.4413,163.8585,38.1988,95.0596
310.0684,163.8962,37.6419,95.1289
312.7989,164.5578,38.8539,93.6067
315.3042,165.4284,38.2863,92.3309
317.3976,166.4873,39.1263,92.9504
319.6519,167.3622,39.1328,92.0234
322.4290,167.5823,38.8078,90.4149
324.4252,166.9909,39.6757,89.4251
324.4832,167.7287,39.9838,91.1141
325.7339,166.5973,41.0363,92.1574
325.4825,168.1403,40.5100,90.5357
325.4229,165.0515,41.3227,92.2272
328.5933,163.5189,42.0992,94.3144
330.5688,164.7285,42.8801,95.4694
331.5770,161.1991,43.3787,95.5803
327.9996,154.5562,43.2617,95.4498
324.2546,158.5808,42.2054,93.9393
329.3753,148.1168,40.0622,90.3532
329.3239,144.1469,40.3914,86.7833
330.6984,144.2409,37.9473,88.1529
329.8688,140.6092,36.0509,87.5374
328.3330,136.0091,36.8254,88.2619
324.5860,133.9912,39.0858,90.6874
324.6741,136.7867,37.4612,95.5339
325.2685,139.7190,34.7978,97.6913
326.1550,141.0712,32.4005,94.7589
327.9551,142.6031,32.2262,96.8241
326.9765,142.8830,32.7299,102.0237
328.3709,146.3139,33.1278,103.8315
322.5117,155.1711,33.5631,107.2498
325.1450,155.1122,33.6930,100.5167
325.3756,158.9193,33.4829,97.0780
325.0804,160.6512,33.8049,96.8274
325.1539,164.6906,34.5746,96.5957
324.9398,164.1950,34.8317,96.7049
323.2780,166.3282,37.0576,100.1644
320.5656,170.7047,40.3221,100.8989
322.8161,167.8078,39.4526,98.9813
324.6894,165.6916,40.2962,93.7464
324.7472,178.7295,41.5781,98.6458
323.0374,181.9844,43.7663,96.0638
323.2443,192.4853,42.6934,100.1382
322.0938,205.1539,43.6415,105.6544
326.7028,205.2439,42.3800,114.8563
328.9909,208.8412,41.8656,119.5538
329.6656,184.6925,40.4524,121.1298
333.1064,190.9606,37.7386,126.7480
332.2135,186.9347,36.9681,136.5144
335.0311,189.7852,37.0293,137.7254
338.3096,194.1271,37.2794,138.4582
340.5753,195.0574,37.8494,136.6979
339.7916,204.1312,39.3217,123.7034
350.2071,238.7217,39.8918,111.1089
359.0389,252.7304,39.4486,108.8979
363.2101,259.1073,39.8226,102.6554
365.2427,258.7142,40.0780,101.1899
2
0
0
0
0
1
337.3751,214.9720,40.2142,110.6280
336.5111,214.4936,41.7216,112.1071
337.4733,216.2006,40.7574,109.9769
336.9297,217.7002,41.9266,108.1150
337.0040,219.2716,41.9945,106.6281
337.5467,220.7073,41.6524,105.7572
338.4959,219.7789,40.2431,106.5926
339.5517,218.5430,38.6330,105.3294
340.8229,217.9161,37.5142,105.2462
341.8291,217.6011,35.7590,105.8090
338.5697,220.2641,33.8912,106.1530
342.4151,214.9878,33.3034,108.0429
342.7845,215.4117,33.3547,108.3688
343.6222,214.2733,34.4980,108.5237
344.1573,214.8408,34.9190,107.9920
344.6374,215.8385,35.9122,106.6212
344.9585,216.4707,36.3645,106.2640
345.5608,216.4454,36.7313,105.1288
345.6758,216.2229,37.5017,104.5040
345.8164,215.9612,37.1277,105.1095
345.5925,213.4194,36.0664,106.5148
344.8254,212.5242,35.2705,107.0565
346.8900,210.8696,34.5360,106.6529
345.9095,210.0760,31.6346,107.4025
345.8070,210.8079,31.0437,105.2876
345.3794,210.9713,30.9357,105.3089
344.6787,211.7544,31.1273,102.7046
343.0013,213.8046,31.1785,100.6858
341.9400,213.0472,32.1585,101.5359
341.2017,211.7387,33.6141,103.4408
338.1040,212.9930,35.2970,101.4030
339.2873,211.9746,37.4646,101.1767
333.3439,216.5380,38.4197,98.8023
337.3794,213.6785,39.3789,97.5302
338.3170,212.6247,39.6362,99.4649
338.5382,212.0811,40.1155,100.7818
337.2444,212.8802,40.7378,102.2492
335.6335,209.7599,42.3122,101.9047
335.4642,209.4684,41.4157,99.3646
334.7813,209.8211,40.6957,97.5557
332.2860,209.1400,39.0237,96.1512
332.3356,210.6919,39.1328,92.4147
330.3223,213.7932,40.5052,92.7480
331.0684,211.5668,41.9296,96.2180
330.0691,214.7292,41.9889,97.9282
331.9944,214.9581,41.1289,93.8092
336.0156,216.5578,36.8783,90.4776
335.9052,218.7193,35.3318,89.5430
335.6783,218.9886,34.6629,92.4732
336.6046,218.8139,33.3222,91.7922
335.9901,218.3660,33.7358,91.7378
334.9276,215.6164,31.4274,88.6471
330.9969,217.8637,33.1521,88.4922
329.0441,213.5618,36.0869,90.3366
323.2789,210.3386,40.7349,91.9374
318.7967,206.4184,43.9794,91.3052
314.7001,204.5497,46.6857,89.6400
303.9185,200.4047,48.4795,93.3670
