198.0,214.0,34,81
192.85734314027883,218.07239885660505,38.40919982784075,74.255608170579
188.70993408595416,221.10284468485372,41.42887145211513,69.63465792033162
185.5128398131647,223.58436878112693,42.97146698011588,67.37505516235554
183.80140998591435,223.84149025050488,42.67955917856192,68.03842452828715
181.3967486413093,227.80757156892767,43.62808780038923,65.65461699398061
177.86385553811022,230.2998657032146,45.350520735303036,64.77598575665672
176.1462021888098,232.4820898416783,45.574126994450694,64.87345154222935
174.75590185906552,236.1873428005573,45.34870043225958,71.25589911568228
178.0742566719642,237.93939091447336,43.51828047931376,77.01649710171735
180.16597891130843,237.39170147932643,43.28985309046909,77.93801732943307
181.35819755211668,242.71783535903498,42.89490250318851,86.24607671845348
181.3727865350666,244.83349247100384,44.57901189080429,92.63970145935951
180.3509636857355,238.67310389603537,49.19474010899772,94.03127939054643
177.1909307014731,236.80962927200932,52.84830217127257,97.5445750741454
172.95101934775533,235.00261617816878,56.675445435348735,100.17450092002963
171.07591343482574,224.957996626755,63.26342581589539,94.37381692715405
181.88765942476476,218.94060720509242,69.75236059382983,87.25130817282296
184.03649702390967,225.54903712753963,73.90967196780565,88.97991341581915
184.76869548259853,221.45108002682235,72.17974160316233,93.96272336920683
186.38569685023919,226.89623289844388,69.812926367881,97.8782953115107
191.19507801578612,224.60915770855237,68.59855246452148,103.90505189246558
195.07403891311066,217.33564832125592,66.82509722260681,107.09046788385538
197.50169623804393,220.92869968240535,63.62584946727149,107.84928093304084
200.1610001161081,220.3667309148925,62.249685558799385,104.30787422978526
209.6831191671724,225.9847953837562,57.6014435504208,108.96346892487043
215.15949742416313,225.54264696310597,53.649114282533134,110.29869350054588
216.25522344285275,227.1820585114752,53.72051014554452,110.45157206396368
216.2724254467031,228.1448185365707,55.572702817531294,110.9099936641633
224.26115532269694,229.54088327661145,54.97372206944989,110.37900310009744
231.83282528593082,227.06804726491004,55.59136847110713,109.3184800551409
233.69696125370797,227.79882608281895,56.6998580101622,111.06145122791676
239.38627686071928,227.78726572348504,59.13986082934268,110.65479289385024
241.96350504627765,226.43810355636214,60.24120279806971,107.93484330231476
248.3105401928288,226.45679678116926,59.02302361824867,108.34392902066932
254.3790788793776,228.28752784161458,58.141897172885436,107.59039536657554
258.76233156380266,230.28479559044808,59.95769771223847,105.96936450758037
260.9330924230164,230.61030152776533,62.88479171646726,100.16240780872717
262.73976336983975,235.4934331029568,65.13915612164863,95.6284139454536
267.57229768963566,237.046886650798,64.11599422033805,91.60372120523994
272.2531977955774,238.79535548422996,61.25053189907952,87.52118173173542
277.68449395519866,240.72690649112405,59.647857792727635,84.20300159294717
278.1682396467198,241.4598929401874,57.798255813982244,82.65334949560182
281.30766407288957,241.12142538334072,54.808957742892794,82.37450457999823
281.4604252255374,240.73924648750034,52.73085242978454,79.94318366074152
281.31149769255757,237.93338054770706,50.60271262269739,81.7914267707968
280.1172772517389,238.51293974788865,50.14700677581901,85.5983728235586
279.7585448639612,236.5443079979315,49.714477654890096,84.50957431175419
277.46651399486973,237.13040415334623,50.908951990729335,84.96668497944034
276.1156432392486,236.20918971616322,51.779730367205936,84.84716927372827
275.51316606365805,235.2090739109912,52.73627163244948,85.26436255399412
275.3422669357001,236.4993580455784,52.534551821959184,85.87849643325731
271.4632770740991,232.1949191777837,53.13945537328624,87.06263051650292
272.1035961240554,233.48291570704745,52.672873669857914,87.0796245185223
273.0090661601248,233.40723497949477,52.0208996621723,87.30886683300267
270.7028883840602,231.7892629156794,52.218368739692046,83.50788469110213
270.2678462253537,234.0876693354609,50.253644707495724,80.50250251560163
268.851064020868,233.63762674298712,47.219014536388954,80.24237041539293
268.96243993996234,236.12742002995245,46.93037524702851,80.77761538443104
269.0249033703631,243.0344724814698,49.95379433349255,77.28257176069319
265.61697966561985,243.9407905773914,51.979221210752456,73.60709682373282
262.6087959797554,248.83229836732932,55.309187215293804,69.33714276729447
257.8649573260609,245.0918303183073,54.63742543576876,70.2773226397526
253.53213256658103,243.24170636722414,54.73065674183793,72.08453465324706
244.12650118876232,242.1959462069725,57.51619317911599,71.94808866515658
237.47670223224029,240.8693480554047,57.95157905602724,72.77178667727652
232.80860692741933,240.37908804709627,57.92363392348163,72.95878862748712
227.94025993840842,243.21837702529876,57.84898756947226,72.1886884542853
221.6684904257106,244.0817124636155,58.724939314594465,74.73603491163618
214.38786387649645,246.25897187054895,57.841871734311766,76.49745237706618
204.34162010808726,243.5476502732918,59.241686541638,75.38417638212735
204.21938118810652,244.05580155474638,57.29103498706823,75.95280423914005
199.56030025327783,240.73261928275014,58.22131843875681,77.23625374407001
191.43581344190952,242.7300307812839,61.12046906344661,77.03360603997129
183.45594593113182,237.07809585131312,61.40460594047072,77.57130158350655
176.84655826998477,235.4660209727025,62.157255774483616,78.6719161844778
172.72329573887427,234.523970818493,60.04886140311085,81.89091639524054
168.24928426903205,234.89680262414302,56.07766437209217,81.9347730476124
162.50182268704984,234.72395727754105,55.032884166915935,83.77872423886325
156.2237336437453,233.03839716073617,56.535259763290625,85.93744212872298
149.49023504597153,232.1097456072049,59.40887316977568,87.84268835101989
144.97158996359934,229.9154802848824,56.47103516069197,88.45164746246178
142.7616778446765,229.0024448041812,55.78416994541263,91.59357535745792
138.64769750215504,228.77022549746755,59.73402394100245,95.48355108026024
134.52188768273828,227.85224307152842,63.25984401928909,100.46160577588849
128.18758711770826,223.7479396097096,64.12952547161473,99.1543435589011
126.12159266201039,225.51361926330966,64.00223703926048,102.40307458373223
122.61317771751291,223.07236544181453,60.5550471528648,104.46328608414439
119.74124042055209,221.63152874678065,55.93689171748959,105.1447946792903
111.20780863412106,223.92763916840443,55.61453409894536,106.12132993955836
109.8541198891965,223.19018238262024,54.26182247746638,104.75639976112672
110.20529451843694,220.21590076552133,52.259180250235474,103.46915366915266
107.95397719501125,219.04644969821481,55.26920015099312,107.40989296196878
104.39673635904703,215.54372586935185,59.49024920573406,111.36175175250725
106.03310443273125,213.30919358968504,66.22019860524063,113.11841396809083
102.26278110953379,211.55040091134637,71.36903006608868,113.57008135601819
101.78127154793785,211.06767034235202,77.64558678693682,112.16277027721006
99.03357197446769,212.34612789776807,81.10003134403338,110.37404364294044
93.37812165703534,215.6095573106091,83.05033627577308,107.43043677038341
95.97315182983962,214.30095317300209,77.70137090086764,108.28870339520675
95.40622758563156,212.69583980970503,70.81645107873689,109.65838446750396
93.05682006662104,208.30407653974765,65.99335449566416,111.89418151523122
97.60051117515319,205.08721115084302,60.71246031570925,110.47461029108739
105.0306853888336,203.15681255101765,61.11349494498904,111.2080881548006
107.50785849705923,201.96491854267612,62.98586991994402,114.55711664999936
113.4508723804729,199.48456554615882,65.23210533671046,115.0285343129558
115.41929889632792,198.69648365387735,70.14391563507856,111.77288047056561
110.28577092413258,201.6827532403667,77.78896230212548,107.84471385618066
117.14429528876909,202.69316073715444,78.54508862168058,105.59169061065204
121.63220046657914,200.2814941901526,70.29556610785735,107.46440114606193
126.69395066360059,196.77440951137393,62.03528592865818,108.58080439033809
130.8746727849895,194.47331662236257,54.77396985970846,110.54813299062644
136.80761107822642,192.29999954143852,51.71827393729717,111.9324563614589
143.0305933792445,189.73632041251724,53.91568091729225,113.5531617872702
146.4298118492893,186.37491888338548,58.06573030532762,115.02962695490872
148.5923331272335,185.38802918256357,62.162593267017385,116.74522764561502
150.15272273777583,184.09370715149322,68.22256966116707,117.15284143431825
149.69654658442354,185.33093891811774,72.07092660654352,114.13769796942856
154.03886951171467,184.5369247564749,76.37514183594564,111.22160641966738
158.3916984768386,186.76863002068325,74.11778712835402,108.30769540296944
160.35122153933642,186.69643825212296,70.31583695062405,106.05727303188692
160.83847725409754,187.08920047304602,66.87071394883618,104.28612236933765
163.31457345721284,186.11249813508147,61.798282284793046,105.20037299253238
168.87805834280613,180.43564612614793,56.43324488665336,102.46285996938383
173.08255004511892,180.26452841165644,58.28610230234028,106.58539935344496
177.26900320958995,178.16599310535736,60.90288103199195,109.25533983909
182.12959141175384,178.08599255131094,63.152285682351675,109.89037756827653
184.4903674181927,177.73529765929104,65.50733279056769,108.60110573122263
186.4533295017619,178.39149953031966,67.62495720741364,105.88037679385283
191.0332436225321,180.4395466509888,63.45261675884203,104.79758821657708
193.37306178165332,178.94990678555334,56.197052706224596,101.40260036932301
195.77202197596162,177.5457119217662,51.80330712229549,101.69933238205354
199.28419178397544,173.75978055520898,47.64636862931475,103.02891606243364
202.14416445898524,173.93853080596742,46.737305847654525,102.86190628357298
205.33439093720415,173.3777326632884,49.90403306699797,104.82890051814974
206.12633735571214,168.84770430205293,52.705424653810084,104.94504854921448
207.3257639527058,166.90500978649015,55.2219462156821,106.37474910377753
204.34346760964024,167.24746606432058,57.99064656782891,105.85426525905413
206.82131461872947,169.27457643805081,63.860636143400434,104.62343928698428
205.18547088654583,170.5250222107068,69.181212767924,102.2529798705786
206.04588794963036,171.85112063463407,69.8324489542549,101.00932184108339
209.7821741010816,171.6621876310026,68.49320795018053,100.08982456709634
211.71579653483778,167.895873468695,64.19593988930882,103.02937427843032
213.27011748288174,166.11110797805802,57.25514467290836,104.6017128768918
214.21124527666245,161.86018066319238,50.890650315815705,104.27193298513868
217.0728724339538,159.89314513825525,47.151984624279905,98.49943054868478
217.52863776927296,159.33530343795198,46.30011581887595,95.87634441804134
220.45484324739996,161.1968995101891,45.9841428509032,96.1739652618484
222.90808887218466,161.52008279800862,45.016616445083784,99.80060894011561
225.2025991238349,159.0935479199249,43.68382152772082,97.06020335448612
227.45332162098555,161.47931882787356,42.077243476778904,94.52386051319817
230.0132337580429,161.93317433642102,41.5041721323517,94.50759847071262
231.19695988628138,163.25347808691828,42.106202297749775,95.7731188994056
231.1047152485449,160.88765486123307,44.18711491306647,93.79956515546354
233.85293794270197,161.40293561439998,44.044429290377295,88.87520482100471
236.00390149573516,161.83219965009454,44.16477391282657,87.20518382969372
238.01923938286478,157.42421460166332,46.17694481825478,90.62714147538426
235.88318817523145,160.56692898101272,50.96226134484961,92.15360236512302
238.27868094603355,162.07072779287265,54.16825456301102,96.42197520038752
239.58239262372382,160.30453815440296,55.552011627552375,98.74833030740498
242.14011825423958,160.5188984874615,54.18131134308335,96.00887966081913
244.5895473734579,160.4700311282027,54.07111887613107,94.55848815863368
246.41897813566848,160.22443819052094,51.79943386538179,91.46123409259094
249.02082920914833,156.3794829636775,47.968961698890816,89.76265577674653
252.59150444158882,155.24198693591893,43.80164077502549,89.8255811818731
258.1026023037416,152.93842384281527,40.96770799017308,86.25280624503355
262.50117463070376,152.9907183256783,38.88583433234254,84.19484813868245
264.6851233505472,153.5593513401233,39.06607837214773,83.53496858440182
267.3413246052204,155.29289705441056,38.754805013192076,82.57298885016328
269.3702082300655,156.42909592575006,38.396729535962734,83.51097929107803
271.1193515406388,156.69700251597885,38.226293256613076,84.0156629367923
273.74909186776256,156.7210785640226,38.5917210496311,86.64782395105632
273.7530822001648,156.20352833713426,39.620239408264204,92.18048299858306
271.84009298989594,156.35495602386746,41.87602739911433,97.27643133605415
268.8952655837474,156.61812925356764,46.38525008250517,98.9939813610288
264.4029979187747,155.5069164118348,53.260807140966264,98.90268634136946
262.6698950656742,156.01163086207396,60.13695547412035,99.35517150339118
262.067742872883,155.63530426303407,66.07093515267148,98.85993041436157
262.72898544592215,152.1918306956914,70.79718657885888,101.70342051779684
263.8720336327312,152.94984999418668,73.129559443522,102.9100076532282
265.2946785418777,152.82874100514073,73.05029135374457,103.96039213522636
267.5666672153018,150.92225239120307,68.58608695611517,105.77715354278918
271.2038270954205,150.37784030937377,61.741088484940306,105.79319328261965
273.7481330896873,150.35097295174035,55.12076873273472,106.61639821273027
275.26578872824547,144.21026782630264,48.9118429536653,109.45078697923063
275.2358819519502,143.15325365235128,44.7649609496152,109.39651088377401
275.8519035472709,139.3685465396402,42.11455228045813,108.02839459161808
278.57645028086466,139.20460843886605,40.618858471473814,102.91925907441632
279.60549482768346,141.27330430601938,39.85422640908621,97.71564419557842
280.3172485385075,141.9964858016813,40.10802611634442,90.30706196597333
279.21944550295933,144.82355353223136,39.80518858392508,87.36795336034194
278.20345439191414,150.43999310358868,39.56957742222646,86.79623754770543
280.17668973838187,153.1988120369681,41.805235635540974,88.94714826493102
279.6663693173742,151.36540935464035,42.77350831349381,90.99353126630527
279.41767902313745,149.82285792742042,43.14717064024853,95.80785165004198
275.8670020048267,149.51531445723936,43.36751271397937,99.72347569977907
276.1357385483756,150.2853197346022,44.003623611256586,100.13219561380339
276.82572991260736,151.2700077989864,45.95851026755877,100.79657802995692
276.8651558506403,151.18797713777622,46.51787250282102,101.06775605159599
278.0994589231739,150.87555696807863,43.82169677767554,99.42053218200678
279.82376894416376,149.25534752940982,41.945372878274085,95.71576062965693
281.31810575013367,147.09014203845794,39.028751268287394,94.41732639671694
283.33539683313904,148.58313987485417,36.79269205149539,96.36547379033075
282.62263789175677,152.26790269244742,38.22190256121307,98.392859776238
281.4170876144941,153.0297576411159,41.47702777394147,100.83405466405722
279.89796398503694,154.19518292459364,44.50654700551206,101.57531713421116
276.582034222787,158.64701330181958,47.52713944016824,100.97320056921237
272.7229921610638,158.9861525947334,50.13594011634889,102.53265391697852
270.2424970545143,165.6812037311237,52.033087556010514,98.72806189810416
273.30487854015877,163.76949218064362,50.74291931128404,100.85583680570491
273.8523273166609,167.52528819138348,50.255870879373546,99.90286905180335
276.1362992565077,167.01616018922945,49.130279294601806,99.5363594311114
277.0530064721581,169.00899385987094,48.896046992207296,98.20880366209406
277.34281329004546,168.13094737989445,48.77261011424498,98.29650062595331
275.6526855494208,169.3604034387776,48.299746699009965,96.74475403553072
274.4217303877283,166.8436722096156,45.170928262629275,97.68434442354224
275.11413147629344,163.02502108475295,41.56581968901472,98.07134149748632
277.76113374869954,161.81867825976386,38.69732173599934,97.96654057519883
277.5104455831115,162.27694283218813,36.30700495194105,100.61400679167846
277.90930261057224,162.5792145632631,35.38383313334774,105.440981884216
278.4281830653935,165.6564564676197,34.30276778034582,105.46346951104968
278.6906652235217,166.83504044123686,35.2760944797144,106.61048247201849
276.3282459914133,166.5347203281818,37.439195883384286,104.9281942313317
273.26821348946555,169.77867121977198,39.64904360212359,103.93019112979195
268.3271953200154,170.57731931105792,41.45789878868019,106.66034856050135
267.5713806649307,171.40577101236693,42.69352712228699,107.09182406413336
265.8748572406424,173.0783400938293,42.877345455238604,107.52210704378675
264.70983215683674,173.11119287619542,41.840086052537444,108.5820423481951
264.1960781767212,172.02907037535508,40.20640016511227,110.17499828737579
263.31217704034054,170.9873902655121,39.5562642054517,111.37365391721804
263.05885764131386,169.21258301276035,37.703375415614474,110.89668761217462
264.31002986794164,168.063781888428,35.96192573774958,110.86286896240183
261.5047810189274,167.91279504168196,34.83569858226238,111.92122082972202
258.56227197146933,166.68882415312723,34.374708376397265,111.00725464784712
256.871183986611,168.38870459888648,34.41807819377016,112.9070237856255
255.15798562700638,170.77316149679132,33.64446270594814,114.50578577106579
253.31623126566166,171.70427064134924,33.78835961223136,116.33680478663743
249.5728506592672,174.9155174236268,34.68484982892655,116.90076141739482
247.16164521862157,176.79263024566112,36.67602291724907,115.34618176941997
244.76363022672962,176.58258112235356,37.69669279361108,111.41035350236321
242.63615698325606,182.26524872607914,38.87589465165196,111.55670652733392
239.2766402483615,184.74080452791623,40.412433004253536,113.09012251155035
237.7151958462775,184.35304265345613,41.01933059748403,114.86372365304867
230.77764768853575,183.90147472443155,44.86122378796753,115.61341712828533
229.04890994827997,183.31989336144017,46.72159233488536,114.69094753004939
226.7591711700315,183.97859509378145,47.90019098513235,110.51923498333554
224.7458545235454,185.59456948270028,48.384038633573255,109.56505720159163
222.73880118778771,185.95351455776722,48.314130412510494,109.8576956159109
221.1816280186764,182.75322673760752,47.61094135034249,110.6806650550584
218.15612667225446,179.88898350117907,47.40236152365512,109.65741202596216
216.25825965124125,180.01452684508075,47.70538926685343,113.64958095339321
214.1498269122689,180.6896821409772,47.291242781907485,117.50767490261592
212.9091924924614,178.95989227893836,48.012074609803804,122.22625731224048
209.5617045516055,178.49316098501106,48.15868013018746,125.46449895282942
208.5167236267788,179.88514176358535,47.83103944077837,127.71325223943086
206.21039225528577,183.68109161848616,48.96704813103004,127.96812376986364
204.61154132831106,186.76314417245015,51.06935203576069,125.88281504865438
199.3288386420134,187.6122770748364,51.7010110704654,125.06272307200686
197.52165607430726,188.66971477308505,53.39865867658078,125.50284035129081
195.4445673887143,187.9446411557015,55.475535022376114,124.88590994933915
193.7386272075725,187.7635721261575,55.47539756239402,124.93481558655216
192.52425366367012,188.46174427186384,55.06326330254255,124.28798301388952
190.65575291916187,186.93153131718975,54.75921864898096,122.77916453847203
185.71191293311722,186.5881462391618,54.881243103492125,119.63698571991858
184.95083230895233,187.5134672395472,55.759025689712544,117.15054049649153
182.1396186938797,187.5101155143622,55.91609037102966,116.96388457186153
181.6419706719762,185.442895990561,55.50654022343042,115.57259730110457
179.87673834340472,185.40160947861094,52.77662890401089,115.15434635039531
182.00666668810882,182.9807500549177,50.177721921633925,113.1911640747349
182.24187328369499,184.4460633785494,49.194674453117855,117.13037995676837
181.66514224819676,182.6522225859923,49.672965625676795,118.90693483289823
182.44456956525693,182.13557302255722,49.567327544290826,118.9649531980496
183.12534332519232,184.11809772322624,49.834594721685704,119.91189110139908
182.45122752297263,182.70467033196286,49.78975991987505,117.0300666847071
183.1238316325685,183.6349167681812,50.320101017089556,114.02357771852039
184.82642047623693,185.89897616895408,50.25693382779958,113.86722405369342
186.73351506705313,183.76270808269234,50.025264177417185,107.74492380043564
184.3444804915356,182.3946970740922,51.361286209311636,102.54921363990157
182.71454293381737,181.6044950192923,54.24957929349808,102.94175153856386
179.13005208768848,175.51889244806495,56.11073017520898,105.4092823646123
179.68361015906456,177.11796012722175,56.481397235581824,107.83874100043934
176.7551880735942,171.3468932028159,58.54255659206937,108.80580160706353
173.5771758234865,174.73660420621297,62.35188919775355,109.5531129987069
173.69649684112014,179.07671119475384,64.9379541937363,114.0182847638126
173.93383726271514,178.99075545506184,67.98164493257755,116.72593232718103
172.0112195491651,181.2370134255469,74.30509080889637,110.98451501902338
168.05745223814534,182.07897554702842,74.69217865359212,111.53981807098222
172.50410874677146,183.2070082957568,70.27796109532426,113.25436414579107
171.86348907652683,180.9923326767904,67.78841796511041,107.12014726848952
177.6402635802831,178.7150570669714,61.50638385017599,102.34877075375248
177.06550574711466,178.05636973905354,57.094955912997236,101.14829262638513
180.9867467268075,177.79531294921156,54.166383865720974,100.60207734864719
179.52601619823832,177.97506107798523,53.95320136817181,103.75210257547485
178.0844576286985,180.98457456736315,54.86949111467333,105.6641363877346
176.18263615061883,184.23735634640389,55.523201209504506,109.44449201910626
176.58247065170974,186.38460436876665,55.76796580107272,109.76889245875574
175.37790053698393,192.31658807397835,56.513562329352425,111.87459057567611
173.6818802041671,188.90350404547215,57.40044552428296,112.16844051745416
171.51768099898368,192.28140501900094,58.98943353425923,111.05668153914655
168.41239860463315,193.80427918004546,60.149918977257144,110.7191851701825
165.70073224743456,194.3415267243072,60.78775974829496,110.37610487658094
164.00368147310957,198.40898281191073,61.22061862116368,111.42274177363947
160.8829643635219,196.52514787526218,60.65510703955778,110.7219668227178
160.3445955341858,199.7760315260936,59.921297823229956,114.55372613238313
156.9777711033634,197.36008632645132,60.31281411651539,113.65581916838644
154.5678859497765,200.43050311705525,59.63649067368921,113.02520897585046
151.51654912552547,204.8356788704486,59.79131886320687,114.5095046858606
153.00077859399852,203.864405016734,57.68278424266702,120.2010758307898
150.55742655653196,200.78813701750022,56.32949808322515,124.80222022769485
147.54347202926212,203.0654601389658,55.56413321198356,129.01789869179498
144.8917487012868,198.7329463638238,53.629664828871725,131.15835959168834
143.28624437963086,195.10093083042705,51.42420008351171,131.22790213309122
141.63498066070593,199.00470977871893,50.23356345886154,131.10402953924182
138.18230193270554,197.98735308954025,46.98187745783112,132.4228310523648
137.39285980789617,195.503721424303,48.04748656096545,135.5078617168237
129.44852539103763,197.38190270597346,52.42431457437006,135.75833509098277
126.05594098770635,200.39757966778785,53.98267674040761,137.00484371618214
123.44564154896267,196.76651776129256,55.42465012961373,138.1798093260477
122.99087424060765,199.1339777416776,56.76890764671438,136.52945357426202
118.541608938319,199.44616718316968,59.3914372747292,134.82234153698093
119.62126810313595,198.7171127317896,59.38995585915781,134.82909545927237
120.35808487829641,197.36802442465859,58.998353558836854,135.14162143876877
120.633450007904,197.50882841977955,57.60170655157481,134.03634401493312
119.80633531225789,198.3563425763963,57.2092745659139,133.35108132669964
120.1835344727138,199.22891856280285,57.28672438953333,133.9320707113084
119.50657788685648,199.262745751589,56.48493687765423,134.27994367748607
122.35953367615781,199.02075918541811,55.61270449827033,135.29931720045286
121.04990825950962,200.33544094042338,54.897604745629195,135.02411018458292
121.85723380779925,201.38633579964142,52.927576451784326,133.4593993235687
122.7800279044838,202.85370421682933,51.69630710607147,133.6773724501304
122.96488875448684,200.74097538828283,50.267594927549766,134.9976787400359
124.96092077414251,203.23927521207236,48.80195911089468,133.8258471588631
126.33087652602524,201.5113616671677,47.90152514619171,134.73797307679743
127.82023647416378,200.04275545105696,46.90458625577402,132.27986080198767
128.72971109386012,203.45418839796267,46.56274883278759,133.30944241794185
130.1054469359038,204.7114490363474,45.948209521747046,132.97781298687548
131.4368408921137,205.36377730828633,45.88298630659291,132.690581980107
133.305520223298,205.18032736809258,45.66912617938057,133.6360646241664
134.1249530812184,206.3253017684778,45.4859794576804,132.0966346222241
135.73902050034138,205.84430993323218,45.1236283108407,131.21074841966845
138.03964930868264,205.72420244686643,44.857301114080016,131.45142115607183
137.92841059162953,205.47354128922132,44.5752314290456,131.67475885222143
137.63003338904534,206.9381096939279,44.957477777573374,131.66508615413633
137.7552947460342,205.33617378464112,46.01478587414255,133.6915287734912
138.22724902112765,206.70752136001147,46.284500370830614,132.93751160126612
137.99534602140443,206.85223297370052,46.81358346988648,132.82966796373177
138.85800858208964,207.25994484375136,47.920716844609785,132.19353499511448
137.9854749995127,206.98573376863996,47.84965241796681,131.25709386408727
137.95458712286307,208.16943702383602,47.956655222047274,131.7513511720545
137.57135506356207,209.03897479189246,47.84238203596183,132.04389184687915
136.95986468580287,208.97163195492774,48.050683836402044,130.40605554815232
136.78644169917212,207.90719488888735,47.945656030366706,130.78660814703
136.83707015448348,208.60947151086603,47.23777070177522,131.49707565502575
136.66704223751964,208.9583031539957,46.93930724859355,131.60141432189138
136.89316130388013,207.70121402579537,46.405922875638176,131.84822807633896
136.46799680500314,208.11877736222357,46.51546818198591,130.63285238004508
135.08872401919365,206.36444742666777,46.171261068057994,129.41821513201606
135.23758463367068,206.02033181319285,45.07822123558832,130.17431745271588
135.62924897400435,204.57587562066198,44.03347898070224,132.00857285535574
135.029507716607,204.66486935327475,43.39952643690323,132.5433844623958
135.45071851120517,202.86669308555713,41.92389561919124,132.9829071638467
134.95691544136653,199.60466131823034,41.44562041121224,133.1520512649065
132.2065989824906,197.7492464372167,41.72649624888602,131.88091691560567
133.7315056187335,192.41922338581136,42.757157829915776,133.56043323326008
131.14876199739192,193.43969191086887,41.608680228848996,134.02096102689507
134.40795828813162,195.27362687754638,41.60804887783834,133.2727077927588
133.35655070883257,194.98758295826872,41.45500466143643,131.86277048482975
137.21167800619673,197.8150655249343,40.82266144366121,129.69898577142047
138.13324416419508,200.06461226661125,40.94949983078955,130.65191865525406
136.0897289970818,202.39832113861445,40.87503114157856,128.18378069640394
137.02110702097139,202.1529744534098,42.49948822856506,125.83148700626634
137.84477984597314,205.11723575402,43.254730469186555,125.14985161207721
138.4320210872493,205.3175774678839,43.89351092608733,124.87947824294316
137.27894735301516,206.44583280142018,44.90235614846189,124.52470097430808
139.37997039658495,208.85170548034802,46.129814455853506,123.4561196789524
135.46048681636927,206.36043974279477,47.200776245191136,122.517050812262
137.15707065194434,208.84764977138482,48.33418938458787,120.92175062812879
140.42499865880905,209.50016222849086,48.03395959156159,121.05208948344793
140.952200280932,207.26887739537017,48.15716865200318,122.52469943289248
139.41296603868363,207.14169146475962,47.99613518337493,123.8244204152073
142.54238801753152,210.36733804952348,48.958757290132255,122.34062602497647
142.48939865395718,210.50739981831921,49.641029962593436,123.99235673543188
142.38340904093843,214.2026137009935,50.38615127847467,123.77468897984892
143.56779989601011,210.0806391028114,50.24133807419073,122.78853563715064
143.62177997175323,212.1081042329534,50.85148705356387,122.96062564053854
144.45941750400743,213.43373876680258,50.81412092460232,123.76403796932453
146.61652576858296,211.05789831495616,50.72500205170125,124.42193835543924
147.2058028560375,215.90931307351585,50.226226929526575,125.4929430668355
148.07037641785593,213.37581291422154,51.00599093870219,121.5316230729241
145.15624444295693,215.40439339209934,51.19427075764081,119.17224654099661
147.7137435570524,216.79434999701138,50.52266242202805,117.89993220812566
148.23092797815863,217.6737529809633,51.407299927471776,122.1657844433469
147.93645853745937,216.89592273712307,52.44374857449529,124.58567222594915
146.85593762660056,218.43978178447458,53.583336538791045,126.56292605507429
145.16964266630038,217.72224142407856,55.66292719181332,125.77794452000694
141.43877742041394,218.66092514616554,56.89446359178929,124.65896940981737
143.15898698847076,219.33095801166473,56.388126486925664,123.72075914756896
141.61324687236527,219.54885728505502,55.75539407265231,120.84584316914777
144.9994578422474,223.65202053303554,54.798188197341105,121.39464362631173
142.74501187409703,221.15490549435242,55.17744146176685,119.31056559820925
141.25285448100306,216.4639797994414,54.21803066201733,113.98764403881253
139.66775351865977,212.6521370364782,53.459857342563254,110.35312033622331
141.96845292078737,218.19830954572518,52.60330106760496,105.59924577671367
144.60126824699856,222.9237052562122,51.371361821432565,102.51082007839588
143.20914834953427,216.9378650265067,50.721489067533014,100.68370293038505
144.92700830962158,214.37136448465435,49.99551646181153,98.94036124065224
147.85585034440948,214.64363202641368,48.39851354457946,100.80595188955544
146.79503053638786,208.10409237493033,48.06962215476332,100.4305023839284
148.5867452523102,209.20797254878477,49.17216684401241,102.45736117684456
149.27385097052715,207.27294053667777,49.71964730210976,102.66766567957418
146.8602627143964,206.29809798517067,51.55008919523061,105.96268769665087
149.46501991359148,214.24302222158184,53.425016935512375,107.82015367695351
148.4292492139697,208.91782283607887,57.925696518349646,105.07400703780317
147.3404858374017,214.18264745535419,61.9351629687513,102.48841907854944
147.8815044303814,215.29287494983572,64.47083208162003,101.07079001732073
149.95309212439275,215.6935232278738,63.72111982836292,102.7545398479633
151.76133066423148,212.68227746941247,61.84969890102923,105.66042369887037
150.19363849026155,212.22967511171487,62.6563784149847,106.93312109004682
148.70956607120218,208.12644794857454,63.26340875115034,109.54381125617127
149.9775350573755,201.53215391643036,63.25643196044433,109.66111025795959
151.34930899109693,211.4101929839461,62.101812315657696,112.04330726941251
148.88605738444159,203.96672983327326,62.66787241373403,112.63586101216441
151.34990807694132,201.7439455622594,62.13091809904706,112.14460094091092
154.20761615297778,211.30473504485582,58.207066888380396,113.52863721009302
157.13275309587647,209.9121959284834,55.44459207484864,113.34813927096283
158.1257761807239,207.04329037445254,53.53963111023188,110.73820257629025
161.09517446143627,213.20601189550536,52.234532058572796,110.39884351855963
161.93427030555785,207.99709184387004,50.85065189376712,113.12066921753336
163.95738592645228,212.49015740584466,50.37595385510329,113.89820996858413
163.60858425118818,211.8641055485948,50.52369148297522,116.91828853659946
165.47838374423378,214.5391636427119,50.4341474285246,119.07308567844336
166.4789214136297,209.25262694720172,51.001217841685886,119.78342713587
167.3982930481548,215.99258057186856,51.7694081663857,121.80892149786446
167.4953235697984,215.2182141377378,52.116301712942274,123.07353571378222
167.4989019411083,217.76554152280858,53.27198676719746,124.69299227176563
168.22782883711085,209.97123839597103,54.890457438082976,125.05036683598763
171.00638481263388,209.1917342719857,55.57037551633382,126.87551888278642
169.7264225132317,204.56948943680146,57.520192693263155,129.43852051604551
170.44190811429146,194.30913009016064,59.53972197942488,128.4745285159678
164.58077600913248,190.90614364020806,60.652855330367856,128.6151571775917
177.28473002873938,191.47340317036657,60.48490700795091,124.44600066610278
177.5153421814339,198.57981724629377,59.77475081779625,121.96535024862342
181.10851314419799,194.91954076189535,57.88391060125247,124.57914662562337
183.0482630462143,198.88384306914529,56.610764556985465,123.91110109315474
186.13110897924372,203.1905856148323,55.68689397998915,123.22132205646827
188.69297447585635,204.93574252703786,53.87596816254511,124.66939324182269
189.6569290060793,205.78019356715362,52.90521242241171,125.5814738276068
195.13970939254492,207.97169780987335,50.72819535065234,126.17899512732362
199.47830954305317,204.83938938721417,48.27505510822959,127.10651480467322
202.62215200353296,206.5299586063418,46.47790973805128,126.84048867110545
204.3452984060608,204.5941901209543,45.04608226502685,127.59349536844294
205.8863801831634,205.18340265025176,45.1944179783998,127.43136669656678
206.2917717808969,200.41115115747573,46.48184034933899,127.88654473094701
206.63410490161624,210.25474326365725,48.38115848290035,126.56001725686522
215.2025606418126,208.67563024420787,50.236983818913856,126.37278431138895
210.05881205193444,205.1894429746467,51.631506145154546,128.59045914348002
211.13519342853976,207.71241522043147,53.65064890952205,130.1594133335511
215.78523495861927,218.45873783377453,56.469828544675536,127.76149466936496
219.21797362228037,217.98182710382775,60.331188375556465,128.7173302894148
217.52996838066522,215.9845123648504,65.05509924941173,129.10740654471329
219.05948514293812,210.26731708562582,69.39468633033468,127.30720848011555
214.4799055516589,222.94566014277132,75.87592803242438,121.4662389185589
222.5632143867466,219.8756844574491,78.13646490326462,119.21306284779712
221.28732340810495,217.4562309487868,80.31782449726663,121.7039474041842
232.69470544980018,200.70734462680923,80.26822765020432,123.2353504192331
255.1259762484255,165.89494376269232,73.66478029123493,128.70139970606064
271.9490718915042,149.72294152986615,66.74441908320244,136.6187989471036
270.33687189456657,158.6872523391811,62.91504710442153,148.87099397886433
273.8424995833987,157.61038851557788,62.57914573066353,153.2312645948208
274.1130157082436,165.70296894035533,65.6076630415206,158.98470237807842
275.1449703046111,152.1500796329697,64.49108050894182,160.53677005534968
278.2274926028029,156.40828781600098,66.29600661568325,166.64578093538086
275.4847943562742,168.63037202820354,69.52337698569376,163.00449947386636
283.91551218152614,182.98671350762407,65.57200603245553,150.85132579236904
297.5147416185365,202.02153001954287,63.34904154320037,137.25361659665646
315.58492562261654,217.3091219807634,61.77498823230603,124.41314336757479
319.19458733077363,213.90682909836096,62.845063009351165,118.08937219878587
315.01980510376086,201.59101812084052,65.22957009032983,117.81153980812367
318.1930583791576,198.64598057239408,72.20841143992692,112.7644505983759
320.58327960384526,197.50839485321558,72.68984032844234,113.00873824767041
351.0404858096421,201.3852968481058,70.0433722527861,111.06343645515555
366.7818524965117,213.49010784726548,67.07562300990625,111.1377194861331
368.64856891469003,207.39088575407527,68.93328514425272,115.4432803717323
371.47256524468145,212.54533897965183,70.90202222059806,116.21918227018853
367.85497658097376,208.81623345919797,71.42784896207596,120.22927319390874
379.9957047381106,212.2163714167471,69.81723005014601,117.12769722998232
394.47505166903227,216.39727404545224,68.13020366877136,117.17198938468145
403.49458165939114,221.64295665175808,66.98088367828805,116.45949380097602
405.57727313590885,221.23722933741152,63.699106682283855,115.38227655466915
408.9080628000838,219.67078003637045,60.486501963308875,114.86484556690755
410.43448473331335,217.97166981585139,59.015353653490436,115.63083334193007
410.34878642780495,217.43616700192692,57.263166280132324,116.21721982915399
415.7325242366552,218.13750755654624,54.784295398759944,117.23983168866533
413.50564983432275,213.57839799817813,55.79767555108103,120.32789943821405
408.3669280672647,210.28814723974034,57.42420966136897,123.93330329883962
405.73206617457413,208.9674102257345,57.323083837375236,126.2384430983357
406.2340803330885,205.18295700136753,57.74743076448709,125.80051360956962
399.0247357587041,206.36951327039066,58.257703165209044,124.2077050266015
394.6274104947465,202.23367331251762,57.53163225757724,125.02424578219131
394.4064835038241,202.15854902403248,56.79678946207838,123.49871310916157
390.2953309688909,201.59150864668152,56.09868437569483,120.19486661776978
389.5909051908245,195.6545169132972,54.854642865421305,119.91626219391347
388.01978938392426,190.87473313833462,53.376330045628094,120.50350918719795
385.8113567640727,188.2337346295519,52.072278537284376,120.61515708366967
382.69970035426786,185.4697106015306,50.12685966744084,121.22920367486844
379.3035748910312,184.7559353392536,47.869946775554766,120.99836796895372
376.06231686946234,183.076586863831,46.084304859708126,121.4185883572989
372.56875471854033,182.02125135956678,45.50563326311469,122.11177889707739
367.4544229270225,182.37548722749273,45.82707028365034,122.94938870419423
363.48753916018575,183.278289515243,46.37491252435508,121.74983271267811
360.3162606285668,184.5090711380168,46.65429820087418,119.99203533627112
357.6402390100402,184.33112548208086,46.542047004333696,117.47771790790857
354.6000036718058,184.5299780871953,46.34773740736506,116.7860673851797
352.86124446923253,184.3350729142916,48.750762404308425,115.21518437161212
349.3285951375364,184.06723851093702,50.320913362622534,111.4061266158213
347.3451321631962,182.5422904006346,52.617795365990425,108.76156482861361
344.94488631414936,184.72598953735593,53.6355111851779,106.70346220946783
343.9468757431799,179.80297725444652,54.25464023727309,106.56575264442728
343.40838780773294,181.65895611133703,54.65589589332316,105.69998633689625
342.4654382447211,178.57970909029473,55.17891049786253,107.89977066218395
340.36263120395324,176.30095963082198,53.839144940726385,106.77169218855133
340.7124512748727,174.48971134943434,51.70145548248115,105.33422171031097
341.29592333662663,174.9808508726478,51.26864221834828,104.3632952029466
340.96349918416894,172.07407728493024,51.659229048654325,98.38762729049111
340.71397130700615,173.30929361767676,51.76262440258925,101.22969462499805
341.38439619145026,173.82752354263354,51.23839450674792,102.72732290985012
341.8588453377482,174.67118344591503,50.710211546183245,104.92760686305273
342.17913306443097,175.67532631249946,50.06963609281773,104.81040389355577
341.0110931004945,176.4800048024792,49.04240425311257,104.67339798781504
341.3388922994856,175.52689637526646,46.895564400052145,102.28933163911549
343.2657096119018,177.0457862277309,44.35531478498551,100.38515789121791
344.1133007104272,176.54103744833674,43.33783644535657,98.16986296953745
342.5685753279191,176.52041369571145,43.73075400724771,98.18376672478803
341.397429085076,176.83022960507202,43.88502769410583,98.56218178106693
339.26865358142817,176.58891436488042,44.26916561546394,99.35334497629383
337.6046174661584,176.64148087546903,44.70523955498783,100.57563505081974
336.6150248974518,178.23277093389282,45.28769617677605,100.4594611839722
335.1177697404144,177.43400812273538,45.605936959600825,101.06397533167768
332.95829688516676,177.50060672000473,45.86146714275239,101.19536553948271
331.8437909838224,178.56341491302064,46.243127871222384,101.99238709290404
331.7856861621437,179.37024040502385,46.48183507317353,102.02595290577261
329.4218731726578,181.93529731980794,46.232044059957815,101.38427291409505
330.79627807718873,181.9134892528255,45.268756711833525,103.61105555196615
331.1552396479128,182.57286961964246,44.31395612897906,104.0858739198948
330.2158003757969,183.9248240245547,43.26717549352334,104.29346413350777
329.8621140802181,183.23387644650512,42.66027806514978,104.01923135991947
328.5017682357395,185.45712324998263,42.41026662910685,103.40992647366755
327.13002761311907,184.53462864206023,42.51925690755094,103.75650260357487
328.04581146341036,184.15576063503983,42.29309692181215,103.13667514105319
325.59737549735695,182.27215610870303,42.68185117813771,102.65632559997678
323.1939952327862,181.43481607649815,44.865747937747884,101.57386455110526
319.50400309195777,180.00092630041735,47.192356975264104,102.16066876146996
316.5276203275269,179.01098933437282,49.110881781469615,102.96460885566842
313.9215774874123,180.7405125523378,51.15841668044876,103.62946378692598
311.84433326257994,176.511534855958,51.45813828441043,104.68809666991996
311.2074945651557,178.34785779917894,51.43591724175893,104.73883945535303
312.36371861342775,176.43770170650816,49.38057974091798,104.09375857428833
311.11219757557643,175.4156961853174,48.9331213283393,104.11790267331054
311.4476655156903,175.39602167728313,48.53788124889285,105.16698679680091
311.1260416781907,175.60776729705947,48.4043650078764,108.00902900451388
310.8834764794533,175.86523262564126,48.61352494636684,108.30125777117843
308.4803875393836,176.7968174307518,50.27254706478741,111.79917214533239
304.4207105948546,176.89476837129655,51.54326814134545,114.79730102596159
303.16765794092913,179.05833157338728,51.94915372263389,115.70448858662388
301.9549995796598,180.1988515361355,52.30281517173515,115.36848650292431
299.47048200053644,179.87155203109,52.98577855263806,114.9697407864528
297.90882208784495,180.950674338405,53.066129628021045,115.59225789057282
296.2626701301242,180.16184631513218,53.728062449712475,118.01421325352469
293.7669248605548,181.6730591985858,54.55756568416381,115.43386512333623
291.34873191850653,181.66257872446917,54.85424819911972,115.23946352274135
288.6714486328615,179.1608222417751,55.13932624501917,115.86754924203575
284.11591623748535,178.57807715051504,57.550775557255854,114.30400500072773
284.9668389161725,177.9937915873818,57.03331740691286,114.51090620511926
283.6308327488556,175.10374808240977,56.26145156771851,116.03498125217263
283.80763473469295,175.36170241424955,55.73450775229374,117.13351350646182
284.3029592059119,173.70845947564538,55.07259416141832,118.86849669812327
285.026426740014,173.25384391126119,54.95677481587035,120.13432572728229
286.1707784275354,172.27568881855666,54.605693511140146,121.71108879355072
288.0850575783203,172.05857042237795,54.41025288535161,122.58038417965813
289.26221210906544,173.60724169786928,53.77780661683008,121.26462732203485
288.68953046941914,173.3894147615021,53.239698216435144,120.0176334896911
288.67965935327163,175.00949187680482,54.27857497021455,117.8675976672888
285.00417740664557,176.47060315649995,56.42131742791983,115.25174107469542
282.5212743507176,177.29136794842293,60.86179394993205,113.26865875647442
279.68759623591586,178.50504434208693,66.2124082361761,112.43176007070898
275.7753195918787,177.07201574972933,70.22128769612534,112.34762194292415
275.151114724525,176.426858067169,72.49978776286417,113.45336699554478
274.97230611382844,174.39156281285608,73.24812153699153,114.05764891042068
275.92168932471594,173.50477157036886,72.9736532109197,114.85985688367634
275.4661207765335,170.87153831227403,71.1616457760346,115.99125259908479
278.0039037126598,168.76144361676165,67.75798542136008,116.30552768346888
280.5768687415678,167.3183218138616,63.988092961200316,116.91638066426904
280.56470469190583,164.2067253948859,59.56469767185237,117.86100904909543
282.7372313978939,163.2033876901579,56.59430856651689,115.9652186382389
283.44465995113217,162.01674907794893,53.99308061043098,114.24755347984434
284.13800616425465,162.72555710291,53.15704736387356,113.79035613109409
284.0752651555295,164.39090182940242,52.99108651023007,112.84284538904672
284.3113745985944,166.37332680366507,53.33057416706902,110.98373884872453
285.52152731200255,167.99697879789437,53.15083880861211,110.38734428409406
285.691848937168,167.42641276694695,53.186874025078104,109.92633401200453
288.9060455587329,167.85930269596045,52.25924372140142,107.84586299186815
291.61561929783306,163.34172124655606,50.94107890921671,108.09321461138006
293.95860663880495,164.06240300975765,50.446815653054124,109.18014087989879
294.7042711911663,162.04166410420754,49.42036081590959,112.32730106404587
296.17330250133296,165.51187806379716,48.926481545185624,113.02386655306977
300.99850546253504,166.52590554991212,48.801985046609616,113.14687359255856
303.426179736783,166.92407856725038,48.04380446686368,111.53808859303828
305.97000974128395,169.37533569480263,48.938840991064936,109.53584289262133
307.891691451305,168.91546963237016,49.46434353781969,107.91037848428309
309.79945945388886,169.87298074643525,51.161106116636375,107.93129985966854
311.9069058190306,168.0047635595203,51.090256355102824,107.36344346201403
312.84969918008915,165.80171168875708,51.19569746501702,107.87953255510304
315.5377668476214,163.41878266814365,51.97437780378058,109.02875241273614
316.2821161622019,170.08767794509563,52.60073044415093,109.31449701508217
318.9551677831339,168.40537716386447,51.84691235853683,107.45921942715387
321.8466207711984,168.82609938911634,51.46070438045477,102.12186433211889
322.506904173714,166.97286227032464,52.334442995345356,102.48873896032725
321.94214140547655,164.87153794242133,53.714090602132885,105.78648038957142
316.87812598748536,167.69724903326824,54.01970322522459,106.56257895983074
315.1280803030265,165.0859869873256,57.40251554140801,105.22226735835656
310.44378083697114,157.8728573884914,59.769680147346754,107.34121454430621
313.3950899927274,156.05392536003615,61.91668341786551,110.72468406996677
323.3904626398446,152.4403042942263,58.35760926620921,116.79628655314896
316.7650240783933,139.30775473907042,63.396023010205525,122.77842667908573
309.9708467802013,132.1670930479151,69.77386735268328,126.70623443639636
305.3824673943465,130.39897013620464,68.01239370251788,130.477526646536
304.4314426224726,135.11624873054842,63.89390491618754,130.15573190902035
305.63086364131595,126.5783443426761,62.083319714438375,127.57791519648372
275.85193385070426,171.16456132017166,62.09259531128677,129.12658109500825
257.8588352111991,190.7488264123785,66.8067283813127,131.59907263911023
254.11941421406527,197.6383758580215,73.78261017050228,133.59826354274608
254.29541772992906,193.6922460222854,76.77075206455595,135.08665358531204
264.2968089804492,193.45291246044727,78.35286946585944,134.65452358984766
268.329876067028,196.72041890563577,77.41551947238933,132.415012408455
270.7948410760645,197.297263695992,76.30956406369133,130.6712654546957
280.54602897668985,190.03605348558585,74.60800003001876,130.08391414699238
280.47686942512576,200.70100465992823,73.24302323470945,126.88221614401075
292.31406924158347,192.90950082949826,70.82692438304402,123.82859660760508
290.95431925946633,197.61788441506172,70.78488870274705,123.88607260054063
299.8133098006492,189.4270020605777,68.30174038405312,121.59007241693051
302.733031705949,193.30565246380917,70.13331708126613,116.750099491327
303.2246646438697,186.18920353264764,69.69124993589347,115.08614676771256
306.46150176141487,178.60552363735877,67.66368165783433,111.70434273993088
311.85238000564954,175.94800845563293,63.25143200530253,111.69195000767942
313.0607520449745,171.50075345450244,61.27792523134002,109.67062749040915
317.0267786741701,163.44090213785844,61.66505532255826,110.20445365885344
317.55703240962464,173.08876422702255,60.55980908211788,114.34793846490022
317.91570680757764,171.26462935509596,59.33861507136818,119.74111177320648
319.52973752976123,171.14436034571392,58.96681583403226,124.4839691279081
320.31303057947827,184.82139826474344,61.07802514475442,130.67624949102094
323.3996612185494,173.91806866603036,59.72544257754963,127.6620468720408
326.1973828375234,180.9905867662744,54.5459844470235,128.97593401139653
325.2719825429537,175.06721688715749,52.00255896194416,132.2386283594741
322.3329055833702,179.51515355317497,52.86603392603312,135.2158019024391
326.7406716129558,183.37287621486809,53.83339981608057,135.10350599311542
329.3510370187779,187.0179758548905,52.93084527396768,132.84846296307057
332.28191831908407,190.32762749189584,51.92088931398031,124.9537080289036
327.94305571035005,192.0015082142624,54.25364382832332,116.82960991424866
327.4796571045612,201.06612260942896,54.966573852400934,108.55249294032178
323.67393056410583,185.30191029902892,56.76174275362422,107.10911580330938
327.9237336521724,202.6992080821325,58.31163608920981,109.25815427030531
333.66050321776584,207.0818367887337,58.26512942872614,108.90729505046227
335.50473284196386,201.3336812870898,56.54087306118943,105.94459116117196
335.86753349377886,204.36821539682424,53.41372146459072,107.57992967998433
335.17311347463647,207.16850329391497,47.92069504779743,102.96403406158412
336.7710784337875,211.87235602600342,43.270846672463975,101.12651902709473
336.9918124206309,213.4841877080323,42.26535281987107,102.96227338764633
335.8105122958764,214.25043382468962,41.80376483695812,102.37314052933169
335.75028069693764,217.25253185285743,42.12869580827312,99.78755409213673
336.8525376156877,218.66151144530792,42.464831384835534,94.78203387207948
336.1295419607985,222.14439600782634,43.6815136125826,92.90763437594887
337.1449829023258,224.0184355672495,44.3203399814812,93.11246663405569
338.8981296293549,226.57092422958542,44.87236561921986,94.14738188750886
340.43311704820354,223.843820988684,43.85155459988194,95.58309471696793
339.8167668320798,219.86395389100903,41.44063930947326,97.28669487911478
341.0391543061755,219.233709548405,40.37953135346939,99.27731662096346
342.0005557383717,217.39096116280325,39.5948510476707,99.11378385115134
342.03692428032423,214.0041422188302,38.72719208876556,99.74621690511304
344.9769241973523,209.8857504988453,37.902612176584476,97.84765488609844
346.02282267603266,214.14647182800928,39.14843118602066,96.97074347777048
342.74036846200704,210.84531760710428,38.82512550274378,92.6100087066899
344.6422057858171,212.41529772104622,39.67962346254542,91.48713832255604
344.06986541251007,213.04240201417653,40.59600220720642,92.61513188473288
343.3618903307563,212.43139630901737,40.62581345469829,88.04682957434807
346.76065846176715,215.32448452359847,39.577544770801595,84.46637213932651
347.84084137602156,213.24277059530837,39.94920714053498,80.5609065632895
346.5344932376643,212.2806569607606,39.78600925221044,80.74766129820532
346.11591258052425,210.36365180721765,38.574632358482695,81.44174850958811
346.23355473996884,208.9622992962282,37.21782704349981,81.61933146125452
346.10140817387474,209.37746498853264,36.584659238188024,82.01739363133316
347.02765374230506,208.13684206305302,34.88298597242113,83.91698970201895
347.96663568552054,206.1875450247002,33.940294302787066,85.72404630313866
345.85394900098015,206.59234906872874,34.187579292961566,85.48334690648782
345.7264698244057,207.10077083468218,34.25226054650112,83.58346199274499
344.22560375287253,207.86612914714078,34.367914808708036,82.73699524575747
343.7379254938448,206.9362367303383,34.89061934922452,81.89009978151093
342.5171459913968,207.25784050234887,35.78162598595648,80.73871352655225
341.0422621298234,208.0658222318564,36.407144441525,80.31464459878721
340.4380472044378,208.92384219569,37.45026057159318,81.12344597971374
340.12902308713177,206.87622080124913,38.34258553960369,87.8293912832439
338.68292804245726,208.57987865891744,40.30455407133549,87.25665503568078
338.99041688294926,205.44018423079703,40.695771458710816,88.36842609406999
338.56609351532467,204.99042210101862,41.29484544005378,89.77789908409557
337.876922120923,205.35102177587783,41.831482906591496,90.40524099414276
337.36032607523583,203.63079754005946,42.60054535929392,87.70243995406074
338.04169374408673,203.04866779136094,42.686326867295264,88.03399681473904
337.9850879193079,203.34742701283054,43.34842767700927,88.49580454367488
335.60290716767634,203.42905252394587,43.805355098241115,94.43631328706917
334.497098659954,203.4392304315019,45.79422431095132,92.77020551883214
332.1935638522883,200.05683888833255,49.18541257862643,87.92219563642087
326.98264801985783,204.42514479412722,50.92804502473746,84.24735140295653
322.83201858364083,208.69840054267013,54.066431582718295,81.91415777696446
324.9413608842892,211.47922084283368,52.06338418845286,88.41520028210608
325.38671944006035,209.0599763557148,50.47558455737925,88.8861965805626
333.3082064134735,209.4498969161479,44.785625747271794,89.25744798899326
336.5685797746867,207.86797433232215,41.06385973773592,87.22094525625417
338.01781790433375,208.98576067506664,38.23523821477003,83.92326929928078
336.7767870189641,208.33127228489673,37.41203265152488,81.917884507355
333.67688009282404,205.35713005423497,36.35203510243781,82.23793410539724
332.67245728849105,202.351094676134,37.16988644840848,86.8430071809351
327.2105954152619,202.43035345261026,38.521634486859,90.1592210732951
324.2293473763354,201.86689568800458,39.622543040297984,90.09361646090491
317.85998346854853,200.36510676373814,41.44609446427009,93.64757883092213
312.0389957879717,199.2851100174624,43.14977636839249,92.47667022386432
307.97888072342056,189.89282417005543,45.18480141936981,93.071743017311
