250.0,168.0,106,105
246.22489302588323,171.112630364991,108.13001741503041,101.91484547118986
237.15253969659477,187.47603069442363,112.04379755993543,99.23064735138712
216.52116878481397,209.31968966855734,117.80574592646582,95.37102715702592
213.90899060968826,214.11742840423665,111.49006321421726,95.85681799621423
218.23125934455703,208.1783739910621,111.1156978636203,98.50409186162578
219.32348126083934,198.60872998092458,108.79261267363378,99.33496923736962
217.13043109871182,198.17495414945304,107.82495323226388,99.5874696307814
185.55684417393968,220.86679431951342,117.74516785329254,93.72716575550442
150.87417798416146,256.53646757907825,114.8361472055052,92.82507509574978
187.90107560117787,265.456360628395,123.82428312381616,84.26571502250692
239.4231337664758,239.41279388133404,124.17353837525155,88.4687847959257
225.45670984943376,217.41349675804216,115.38833811363244,90.8204674214157
218.99452465629713,207.16910399502106,111.32644141006199,94.74168702948913
209.40924539621886,205.52167886978663,108.34450359232787,95.7195511959736
194.97130333568586,212.91385148671583,108.87627150245639,97.14315273945897
195.8821529895778,220.97816296394433,107.29587468490689,96.46649511703322
203.05210332162858,218.62931878338213,112.62137929424281,96.03988538245451
221.6986996796913,199.72967650504205,115.00714165624245,93.15481324968151
213.54266602648812,159.41637863318147,118.49334226343001,96.87961455980897
200.97876537278964,144.4007954647206,111.38133644192072,98.2902059455588
203.62133577583415,170.91965287249565,119.49036067489419,93.62428678430558
229.81560699692247,204.80130145136349,124.69102111357694,91.1948519312574
261.28079980706957,239.01981395947664,125.9398652296108,93.76203834081234
268.15905410362603,243.28267308569383,116.52890717360731,96.73412282275297
259.37101467779075,245.05398391328458,110.16538031238727,97.9109530718683
245.32463398668247,251.01480071863426,109.27831381374443,97.27832092601271
240.43737879360947,252.3522613509595,108.34884470770291,97.74707641917476
233.34682945077486,243.74679427032817,109.74277298321593,98.99759187926557
228.57375031479495,225.9897851685801,108.61437070830075,100.2906933347148
226.71254612849458,217.03606224929078,108.75206228402644,100.04130933930908
232.2559657191818,211.17791297027352,110.47195528038638,98.39829393249983
242.45246469533095,201.56780299015938,112.17987895894748,97.70573313100937
237.77768441970446,178.7754271465859,115.94930035004423,100.92079487675005
224.66292154841375,159.3950719973304,116.57537150278189,98.70701787057358
223.04368633561697,134.9891846108427,112.34011756314108,102.70784904003338
228.27366583254587,123.35927835398725,110.66116442865824,99.66581218850988
247.05729297396513,132.92348300840737,109.58902733331973,96.6980168933415
254.9869918422104,134.22822634317674,108.13896187221988,98.43151728434961
255.41816856624692,144.6614645486261,110.4905061292249,100.26029233829466
261.11572374497854,191.7430278430733,116.89089748074605,92.92407004627529
266.37911230942433,224.48086671583977,113.94706712919822,94.85265865816422
274.7647380705824,236.5264329637019,110.14712908344465,96.9895840237681
277.51736443239184,239.58843187639016,109.9672852953726,98.1941384444853
273.3272718395932,236.53080164793977,107.98705788331364,98.32673288576106
266.9788920218587,222.19189890301902,108.4782511125326,98.78597148107134
265.1525143700232,214.8607393462139,108.9214422072192,99.06273151265033
268.08279614775086,205.4679298683954,109.35711278262333,100.30626672805298
267.99074263248434,163.78578111098153,111.58009920768757,105.58429104952133
269.91149152194515,158.80432882948506,109.4446561162659,104.50529497774863
273.4372094694946,178.3379157842042,108.57931641257336,102.6436569569822
268.2451724147774,183.3275030827116,108.18201845169514,100.28646111973308
267.02810274540855,179.55513945192953,108.80100276113599,100.52036684809406
269.93313075847544,180.3618306342575,109.58262153968974,100.72476402445372
276.0530848357462,188.3135173235475,110.0953989320233,98.2757058314206
282.9940648595078,198.42559435241768,112.78176774192198,100.0828322912584
281.7146690349992,207.71548292802822,112.2785781897672,102.02975802089668
262.31427411685,223.03413965644955,108.92275181512815,94.71669383163213
225.5484388559823,220.2376302634619,110.05894504194161,91.86031076213868
202.88449312381772,211.74623830425517,108.73504207267709,94.78022846961466
206.05090030584137,207.61641366850031,108.23703605823911,97.31566509464001
229.92496312524628,213.23402055876113,108.79909108349185,95.43817836489964
265.88962392794843,220.63719927742062,111.70360126519692,92.18074060531498
307.4562247744045,221.41966911709528,116.62060098830034,90.43211562323128
332.58122093147244,221.68266093372114,110.93057571518017,95.23187661888588
332.03308103387803,223.0105815681788,108.24453739513461,97.43049701989239
314.7744425735427,211.62533843674146,115.14957066346152,99.4202825991733
291.8740418500312,185.11845890625517,124.88805521595323,106.35024039061464
257.5276239556464,163.51897492413457,129.42082630745722,103.08930845251214
240.82233785790316,156.97820903026164,117.97965289747494,102.28805825783608
241.82564610230332,171.1596836360566,114.18098318601832,101.79672159507429
250.41787814154483,187.98865319875728,113.32446100206658,101.2357368153761
257.5100126540718,198.80033982817702,109.8767947602158,102.14861843934908
269.1564784174323,216.09546189576497,112.6570138682604,97.81609525143881
296.42990253887615,226.54262975140585,112.4521761234196,96.70154469640701
310.3639286635661,234.0155207669966,110.2374136689615,98.46224459881934
308.79870255872066,243.69254443599777,109.42493374974617,98.90769677253569
301.3761590701279,251.71986197734827,109.23193478943165,98.0106544632722
291.94386789370066,252.5101319907499,109.20570903681741,95.89443938764082
261.69035757735935,245.57119555794915,115.18126604645322,92.31787499738296
232.60014005259313,235.47677251369893,112.07871159403246,91.96469838080526
217.42500851258254,230.6671271518835,109.7856946447568,96.47870345990489
215.5233510246053,236.59057052446474,107.91545615391439,97.27347931239866
222.31437084999445,237.49755997405885,112.7794614250111,96.62740812805421
239.07656258925647,218.0034368588469,119.03046857148703,100.01888311824374
251.94837865922725,188.4292910506907,118.14508228115488,102.5017389435405
265.4489956750865,159.80983159569257,122.94652158928014,101.00249867384922
297.2156060602796,145.91531625751446,113.23776370951899,96.87838237754919
320.86844810567464,148.2878319535617,111.4671443159945,96.76811661045474
329.59301738915565,155.8001401514833,109.96734656934495,101.95138595679902
329.6134719956823,173.1802308105441,110.76118467074481,100.50590190430245
317.3976457497233,184.9262889590964,111.11764185016274,98.27968526540093
298.744672773826,200.83184613952685,113.43652725508235,95.62567539672756
270.0560993008286,219.40222989413283,117.72923206240529,95.87205388360933
252.71028895321874,230.0802864418647,113.95640573614065,97.05109703814557
238.07806409482924,230.31857951507124,110.08880589237275,97.10820229798256
225.57285277624646,218.4798418808599,111.10414185961648,98.40655769335834
215.67632543633846,208.40270829837186,108.48777271130744,96.50244473138127
209.98473475778044,204.6390072259095,107.00883248639224,97.19107124154039
216.09422005780226,207.06429410752787,114.18829938634858,92.90900944119424
233.0211844846807,181.32167147294797,116.3719376712636,97.47491266933847
245.48714148266728,168.77764629310926,111.52467943700917,97.20032264815649
262.17960946604643,177.12584776859012,111.29587139993839,94.26972780266348
280.9916720168257,193.2524498463683,115.92028145462987,99.42176656702901
300.956151184623,219.75294615358683,113.26640856825395,102.11001345454511
309.4146363900659,222.98594144521135,107.85035368471196,99.78180973653043
297.923409936513,210.32415392737676,115.6828432129115,99.93924707688709
253.2214351034226,197.65039593497028,118.99462979315479,94.39354406755945
207.53698137898172,209.9943420694885,120.72547571859904,89.34270624188234
180.9284131030886,222.58629973740182,120.91236935046345,92.52903016386824
166.8107482332593,237.13995403394347,116.0410706721533,96.73278724461309
165.82985013635536,238.97082516562028,110.27697575267992,97.47293096758759
180.1588240174544,237.65387716262512,116.58332242407556,95.92909259857785
196.63406194865655,207.05489478085747,123.11243030190563,93.09892015508191
225.89847941419004,177.46515802581956,116.06824502904182,96.07679454406403
234.93857663812358,174.48504372303034,111.23951542492472,101.06598433128306
229.2869323865271,195.24343783462913,111.61308591053954,104.82550226042923
228.65575409912623,206.42810438907878,109.13877866698189,101.95452120231116
226.10419857225827,205.84418483347673,108.30530524806161,100.91831978617154
232.41383344181818,195.5675730776557,109.16638218862926,100.52558992867299
243.0672920774261,197.96560114262596,107.38903645061659,99.66886485341998
237.50393921615841,210.66580129117733,112.70055662627689,99.10214375553595
225.42054313793722,224.8099075949457,112.61768447607867,97.36513964409295
212.18759959386108,225.42229307468267,109.10694802907474,96.38475345024403
204.77279665658887,210.03972523141226,109.56008905986917,100.61287131451925
202.11488012981025,192.65536972503875,109.6149357853014,100.26952178039124
199.14300794619527,191.44234898075598,108.00066623651571,98.70944876700364
201.52047343386397,205.95747231101967,113.04850015375641,101.25043013382003
208.73825127968115,231.6446137826655,112.4412220500127,104.02113620420027
209.42330481272927,253.9817690011236,108.72434374368211,100.25765340400281
207.3863030677231,252.33359454223398,107.54053473369441,99.13713220459456
204.05019943604617,225.41209456148277,108.74524321775138,102.36962801570633
204.4173985641145,202.806704722073,109.63767601630224,102.09322507733836
190.3585825957083,190.93555090742575,118.08917025780212,95.59215502108597
175.6735956630559,177.48107964640468,112.48844099810694,96.34008680094067
167.4782989029802,186.82889047365217,108.73343515302398,99.3808237890238
173.21523209492753,199.72320036970706,110.11226041951994,97.21103944613273
186.33305448145518,206.9759530193635,108.38729679880836,96.56536691049175
204.11395081139608,207.67613009015088,108.01810057447348,96.04517023962015
229.64402722997352,222.59776692660327,111.72155857716234,89.31853475030908
250.68969431404284,241.3120292773085,117.15906352035181,86.3983108301486
278.03133710295145,252.82613903829898,116.08374913394084,84.65884863238642
296.4844138805905,247.49505463479562,110.87098547124077,92.56198423626816
290.636312024584,248.59134824209644,110.54341598989444,90.68946538104149
249.37382819359436,244.36665935986332,119.10238023390501,85.7402835751952
199.54407894993486,233.3600751245748,116.22516607473965,84.31692860827226
171.24117847357155,227.05258344652978,113.7597390001225,86.86938144678417
141.08299094439445,234.12635805559157,113.93255937097675,86.78253169155124
110.44946180894371,227.95771607714212,110.62069918484696,92.69028073634077
110.10840002579953,236.24080080988483,121.21004931363532,83.48922357554285
147.63067097370504,213.46292943300813,128.34650717368368,81.69788991328062
215.36705601935867,204.98972833229038,119.92128346909516,84.74237561080986
227.6761932350821,191.0488175363649,112.48532104936703,92.04942913625456
229.54373818667358,192.21726019867634,109.15086591180906,95.27040513975669
237.93139595160648,204.3874585378449,112.79577743272452,95.15583853954455
244.5643814091914,212.9219026341093,109.51793517966408,97.75824551303141
234.99209569331154,222.7298109862823,107.84887746103317,94.52566855477917
196.24696717794694,227.37149843896634,109.31710080035614,90.9857018525361
175.4174347077825,225.9413146508527,108.82064816256005,95.40271005376337
176.71674934428404,229.57607183350845,107.8667637626038,94.54313831540497
207.48985003890385,234.07146250812673,114.80747033234852,85.47026468101214
259.04287420771317,225.7548999461523,114.17154528574558,85.56283194363291
276.83029013132614,218.4125353924384,110.54672564555082,92.30411012332634
271.0701017572317,220.54784402600012,109.33648105584905,93.13624554174976
261.9219505740049,211.8187065441398,110.47696066839646,93.99445336679855
255.2114387141154,199.58682514723662,109.13934791356611,96.57198569185488
252.1272174248821,194.4651447655155,107.37065670297017,98.39948341818774
257.10658778825814,187.1048108751143,108.0976459566869,98.93848005641202
269.7038395788202,196.13528457338703,111.7200063892347,95.89160126338223
277.662923003184,201.68049776984097,109.48396844675695,98.55788873766183
269.2261162708594,207.39195430505723,110.10019665749996,97.82189583324492
242.53424476160592,224.17804781293427,112.29921677561626,89.1477495889752
205.6407010850697,247.71297653501944,114.6562199001731,86.33707793582047
190.55282761149337,254.1749942830704,111.959469288732,90.7169975178436
178.69639323236993,251.16643855342113,109.24872354502574,95.43326669198584
184.5027703062753,248.45192796014192,109.84123062768381,96.42738187268495
209.83681129191066,244.4319419025726,109.44127609781928,94.26242845071422
213.98839661810263,239.50849507969167,109.0745678477791,95.65085652030419
197.0133429543386,239.46202811968334,111.37339954054156,95.3853614852427
178.9660974212876,232.42197734118324,111.41265379023733,95.37772500513353
175.5188707457188,223.13112274130697,110.3928005007499,97.38103454668293
195.34112724843007,230.0294919343642,110.21831923360861,89.07324879728725
229.79305303722964,237.07807723485666,114.02619861304073,79.69733063770857
281.68640849997695,205.62249994750465,111.44398597856173,88.40496348389698
281.0651716969257,201.29567814327808,110.41033653778922,91.52079581305321
251.00286547873506,207.88088521597857,117.46762719682675,85.26059895280851
210.57137313284377,193.61099044896545,115.92723054095308,87.44861236378784
200.15987027394564,184.6874601984969,112.5479352333587,92.47822901706871
185.57310760093037,188.06014595965877,110.2464239582955,96.34708478966681
171.51402530901333,188.4811427223505,109.09594230189519,97.75414521936148
173.65745514958152,191.68475956300261,108.34243833364945,96.20183097165105
206.80052171217088,207.52757618567557,122.55075100925198,86.97893576341448
271.2537656547524,204.47533155719185,120.87827191315151,86.7130331746788
293.7967970086577,195.62848593185393,114.58478122682521,92.76280352691714
293.493882080939,192.96013387457054,110.8720075666377,94.91426594226515
279.36002691080085,198.66210323134206,109.12110218425764,95.15510261934715
257.00379998154074,202.58896071667704,108.9447010623092,95.4963949728959
238.57520479004296,218.745091771845,110.2486687890547,90.64287309693495
212.27575320949097,220.58562510002153,108.77469597359621,91.33613505386319
177.60487497855678,221.54890136102196,114.51858256241772,87.5946106080342
142.7781885070718,196.19395475214782,114.2393993530439,89.28234806406377
142.5975211852675,187.74497358039162,111.06853795173059,92.99793736070113
161.78080292255922,196.15102315624048,111.4744354146472,90.39659260353466
189.022187883537,200.47772542052957,112.10918868605103,90.74974935425334
195.14485792305578,197.30462417921854,109.68568698591969,94.63940886812541
193.3539191052458,191.00435623194727,109.04005607661777,96.19453460641799
197.35346758286954,182.11786099207214,113.44278407254217,95.85784491038697
207.1063568234532,172.29629499819907,110.80812985895292,96.5956119078987
217.70586500537803,173.43523342631727,109.50648287986894,97.14817938759981
218.42554510834086,181.44245377812504,110.16215441222454,98.37391202382804
207.35036205709585,197.81784297450477,114.59438086627705,95.77907845528732
201.17787522030702,209.72516673932694,113.0030447254016,96.41444313267422
215.03008365184135,239.76451061283134,114.88148308694231,95.4927988426967
226.749736583252,248.57855028801958,110.44458811279287,97.0131569923202
214.20238039850142,254.85541941801574,108.07418207409091,95.80869241396849
195.39994928063135,247.54890179070858,111.58083874342479,95.19711829358283
182.24338064541934,224.0669361924468,113.03569964666134,96.36985075963763
181.26785366176193,183.72568402196623,112.78466621163241,96.44719152638005
192.55438482047316,161.01608304386937,110.12884022233493,94.24514714468313
205.35081013705582,164.80876937057818,110.22385580010709,93.06892366118741
224.20596564108104,177.97718574342463,115.27810167682227,93.15262314205701
239.75387976832457,187.98927344658586,111.22432664499149,94.02197190565644
244.62739323391753,187.65698430105084,108.17834951849305,96.04507070453897
237.9284489442121,190.76295035884107,107.60043853735704,93.34687149911471
218.47417004393918,206.78335799904443,108.01271948243415,87.06252594527052
194.40853174930373,209.40688978948052,108.03874094475194,87.53100801869522
188.7940533440889,216.70304736112516,107.18047851690034,91.85776025821842
192.445670734263,218.15657446514783,106.84288094358342,95.04891161657935
191.63071002162684,213.27996729624073,107.51946374580885,95.37570383525295
190.83391960927548,200.71727984949962,110.18448622090213,92.93717492014136
199.50358779000362,172.01487717672762,111.87917695905524,90.51776151568541
229.93538303765234,176.58425362322535,111.78865775282031,84.25855574183056
271.4439131448399,186.93422210044332,114.28438440367962,81.84462952958214
295.4618225569998,197.25684238320957,114.8070067414692,92.03383110272145
298.46086219027535,215.18259117095752,110.16488450616802,94.58678299011619
297.21748745788136,222.30555787067715,107.6657025744716,95.67098875083317
298.53203071501946,223.9774119932366,106.0370738238673,96.66630028110495
302.5355329707322,219.36176941051116,105.78705783783244,97.52475219460268
298.1508562053031,228.0215571846312,105.1928249429094,94.05191736901887
268.40690777770476,240.3680067602486,103.47845129029363,88.6213473193466
243.07998388671825,234.1265317617055,105.19965136718847,90.18507734572961
234.43284338911008,241.08606958628906,108.83063280185797,93.47806834695317
223.34861502634524,243.46242433464465,104.81003313090326,94.72349727797632
212.91921492397464,235.29233331112158,106.75953157783198,94.85216199103809
210.44524551426838,220.1311646771329,111.05726287771323,94.50845311643734
216.08713728424817,208.78624164181576,109.80314242369118,95.7564046558216
222.1185142032649,205.04888502522658,107.15088052901706,95.19263522298436
239.18071360600982,208.0573400135777,103.55513772938659,91.40799453339153
258.79752263211225,202.2693585823811,109.17012197210359,89.9048863508628
258.66933835768094,184.02398711887366,111.74497196627877,93.80929504936204
262.1997572457754,167.89755602101826,107.24925870180857,95.99309596577595
274.3022960771399,181.31849221101947,112.83452527736091,101.19764082210165
286.00121177055604,227.22621184222922,114.72023270888789,98.81121767296344
279.64121927090616,253.31403952648057,115.24633953435952,99.35708940407012
265.79041915341236,259.72374481168345,109.080233470519,95.99269592350815
250.38611418715118,253.07292078529974,114.62736879366639,89.83810618330676
242.53865162150498,208.48343640197498,117.26809470620876,92.39308203003438
240.7226794129395,169.56332058851063,113.1816248166991,96.07401189915059
238.63855620386244,158.1306810233481,108.17970521922827,96.92403224041317
228.63789015102023,166.15804102655773,105.27136935616267,93.50130075938452
210.58305529394448,173.668253615383,104.05822412890791,95.58106479071837
223.6577897765393,181.27211820441755,101.75992093520266,90.07554508530555
251.3387661597782,172.7431492354081,104.71876894997484,85.73123082605878
270.59781161645736,153.58547137224153,107.88219659130402,87.75523523403257
282.578822939618,145.82243109674914,106.1742938180296,91.57574937876737
277.79791885702946,169.01944434869972,113.85319793047233,89.39006638072553
258.3842767070356,191.976956265972,115.92495854881945,85.44202252664974
244.83858684752335,190.2522708378903,110.87372962526581,89.83243342187563
238.74247467840095,189.10593607399096,107.04709410022936,93.33124918990873
242.8019099069896,186.59423251642696,104.8703317973489,93.65159234019296
250.7288327428134,188.8912630643986,104.39304252218568,94.69873607823406
240.87043607911906,214.22218844829865,109.3761932714494,85.40852837684021
212.14208440474187,218.94407325455478,107.75822010653188,85.82636154753106
203.54052752294183,215.92460953272985,104.55123865528822,90.20751311227471
217.04224731823584,208.8615501285863,108.0670861740752,90.0147842643118
232.47862406202324,191.19519623793045,109.76678141696917,89.57136899874848
242.02040282484262,186.43533417396822,105.63769166476786,92.1016827262823
243.6518035845857,194.3094628155711,106.30598145387549,94.06253188838906
241.46651834447556,201.0483232321879,104.0871659477676,96.07419093796793
240.02577718895802,205.09338453134882,103.33510333692772,95.27285618144296
234.89587968532885,212.67250712084115,105.68300259223292,93.54268107081768
215.42880948913484,230.7628648122693,109.88887150024595,89.47988560983637
210.9114505459752,238.10397999763498,106.59067312679957,91.93376363754254
221.35371978615376,240.1563908748455,103.51445373823933,93.91906029132461
224.67191956340886,233.1421797772109,104.54062132240102,94.86435260378128
222.7612462180332,228.40897108229404,102.1102895463555,93.25249240572444
217.7138687578006,224.5390887369563,101.88891287502378,93.98340699874366
228.74733057488464,224.35236863956396,107.03262156507449,89.14227810173148
256.6321363585276,213.39960218967428,114.72941014427292,82.20732638237018
276.5446237381353,170.3414522523924,109.00108455497941,88.37016556357457
281.60208436866066,162.3430155938992,105.63628536424116,91.62775055048286
283.157952089521,176.58715144718713,106.25407262759862,94.15193001578203
277.3817974434596,201.4562778183764,109.9301001814401,95.09360891402847
266.2077097072327,222.00953032313322,110.23533742147204,94.73432680490546
264.42690182633163,231.13079958723088,105.13511846647737,92.41241205600699
241.68201391086978,243.3902682867898,107.17585865286982,83.42741020376417
220.35811384008565,233.25125467246744,107.8098648491256,87.17635418045577
217.16644013132665,243.05385897573552,107.81940245219046,90.50815729266961
229.89243531053177,250.36723816108167,103.08271360745209,91.26662231064917
242.0062537862704,246.55938447178482,102.22653661691234,92.19470761893032
242.95345690231534,231.20376958056124,102.27661891021307,94.36736318262754
243.84167097954966,212.31845021018992,102.80741121472879,93.2536635444639
257.1747687780195,223.9979307595631,105.61310892833602,83.6752810589988
291.79454279022144,225.95663810094965,103.80041026916652,81.1825489934132
305.4837342130262,214.06370627505584,103.09481795090076,88.22393632684147
299.28633357920876,211.06197847881134,103.32824226541058,88.24551936073668
287.14602914622697,206.97498689112288,102.47625225442103,88.38916806345736
272.9023526284159,219.2380560837094,106.14384210644945,88.28002186578433
266.89325988914123,236.79454099059873,109.40122436234256,89.59527470825567
260.6438395458582,246.3208166324264,107.3169351660961,88.0970447136628
255.6795058662251,245.78533628517903,103.33022776950293,89.42120975386072
264.9497423792899,241.11464521768846,103.17201792696704,89.17372470134184
269.42560554336245,230.73146095203194,102.60728500702514,91.96905441429548
265.7203346918018,223.11572542795005,103.73187700311519,90.79644221050611
261.67428081400305,215.00492230462848,102.24518837199386,91.34974401378992
260.6489774034792,209.65154146466355,100.41649221452602,91.47706843786038
263.50849598603133,212.18070238796327,100.81711447324989,87.33381617133907
271.4491034014557,202.03981011458572,102.79643431036985,89.75146497590669
273.7267000383494,193.03332701418668,100.48367267720742,91.00878542475164
274.12251010098515,202.52945244529968,102.38083429021717,91.62645887893186
282.7510848383254,217.62615227497002,104.88100903428665,91.86009169029434
289.42139724222557,230.80305405378533,103.37784760539265,90.29089506625746
292.8610877321384,232.99314943630566,101.40666975056698,90.08575312934184
280.4376256290951,243.0052501158536,101.40728048009098,83.20867701438652
254.12260203263872,248.44635908821368,101.41565408901945,82.25843538802577
230.8739971709323,245.13450771783874,100.24559696672912,84.08636176158814
215.1538363742398,230.49762626979197,105.13214658745792,90.10496718697854
199.8997783966636,199.51846141031183,108.01123422229779,92.75549661297012
203.66955662747225,178.10021607709757,106.21008108099302,89.88495602939861
213.3152303019267,167.73788255504377,102.35696615395906,88.20138943092806
226.21311567090308,178.60678075636585,106.90583042577197,88.40841724703394
242.5055626654086,186.07631940204584,102.17948746215154,87.02851353965832
250.09972821915693,186.26846435726526,100.38788487027989,88.90969604132889
256.70987227736975,193.85604195064627,102.17122834565112,86.45005599128555
270.59364605369626,211.46098055605853,105.15087317581056,92.63431330194541
287.54559367024365,236.3987020109484,107.1514884407627,95.6337483218532
294.2565938628433,250.66610572649387,102.07259718642275,93.19751266810604
290.46828832529104,250.21818713970447,102.49835987285539,92.27538719520044
274.81377175634174,222.72605614361538,110.05241864551962,94.95294752722234
263.2445289503517,207.32498169253142,110.34755098601529,88.7800598082965
247.99775962485205,204.0081893909056,107.63707962724902,83.48200378654818
224.75409661027456,211.21984640473596,109.87999037320088,82.04697100888748
222.80184779700298,224.03521366537052,103.51129464036903,87.9991222298058
231.68872811478968,233.4273783616444,98.9547886434675,87.99381505405498
245.82607471761267,232.33145021822028,98.80875754719654,87.3435082549657
268.7336348119957,230.8095054971298,97.74150112796166,87.0400466229279
278.4066862890568,236.1274759513122,98.94257834962076,88.82979541182871
277.99268210508484,246.47226763855164,100.04884599490848,90.79728601195922
274.26335784093516,259.0941077361268,100.12947328297346,90.62260606094958
274.18848517589885,262.2879276540326,97.88841050757728,89.14112467240352
275.02662374350643,258.21410239636657,98.15292927079963,89.25206254125128
276.0811106865324,253.04977508860995,98.79236847068529,89.25536925637385
278.2087524647077,241.5510059742468,99.22464594949092,91.44367286595953
280.3863726200067,234.02866126927955,97.7452601310804,90.0529069536284
274.50346195092106,235.2206127763263,100.13537956495469,89.78606936922239
265.1544840815005,246.79130338784347,101.69267978621764,88.10571719892246
256.53321253700375,244.23827318104583,98.59629465255496,88.6266640871271
255.29729805658667,233.2440095557797,98.64978865245168,92.17183196265935
255.24919241041542,220.50402668884573,98.36523212252854,91.88681356566792
252.90112609729618,218.22411562924722,97.69799194603266,90.28663202275555
248.5031864560265,221.78782002274036,97.71314002740014,90.28263632170676
251.81692733268858,227.78099375271645,96.86214753188844,88.79403056097335
265.68517798251196,231.128557710998,96.38916551935114,87.7388867752696
284.9152356315134,225.73479845526128,99.88907219400447,85.69351954455557
293.73482202384906,210.9256122804322,101.66026928237999,87.33618388640123
295.96161369514516,195.10715490698618,98.54881850814715,88.63529956102764
291.21609320453297,194.29833208081996,98.62646837609036,87.58628871921945
286.20310847398287,201.21672904797796,97.8908106399249,88.66438125951282
282.660890819262,210.63864644171548,98.43120908413223,88.04308065172526
266.0520717715436,221.31005252699947,99.55293043152221,82.31403801240734
240.08040264099554,208.1835722211089,102.92665809691519,85.43946566520407
227.57494874724102,195.9325120419948,96.58203609926798,86.75460482226035
225.70225395789907,199.77351231554877,96.04498549240499,89.86282644312118
231.64018621319525,233.35159003009161,102.95186634314072,82.46369005700427
247.978780850768,270.8448497251563,108.0655401051046,81.03280421179686
277.65023320183815,288.7560075678702,102.19404043226123,81.6556789560565
295.23084419910003,271.95388392734833,109.51530134789374,86.42118111991266
317.46397007273424,244.46492328053552,103.10642264750028,87.97478600728837
313.6982035775633,235.9105958189553,105.3930520733891,88.1509458132613
297.22523232838984,227.56545227375105,102.03207928853283,83.62834227866978
277.36897579083734,234.51922816167718,102.0840088675441,86.58520090320812
246.48915845384283,243.30224500848487,102.32606541653308,84.32486178967088
226.60947204190614,239.4887805028296,98.92216919743771,86.18409060566891
240.03867889108832,246.3463733139087,100.3783917295421,79.35415888976067
288.33301259541656,248.03277254938604,99.97231099080751,76.76001642466542
316.98172002559335,240.98981406013246,96.68154896248521,82.0197920457507
332.83564883489595,232.97068394173425,99.48669183216126,84.70191214582837
341.32257904433766,233.75998889886182,97.3881060714809,86.46992088391701
348.99984739106213,240.40292778064585,95.69631962217258,87.07469863792704
353.21963688018184,238.28128802435606,95.7576866888551,87.55116296495977
354.2924475479393,231.7636421033706,95.1107530974808,87.23669284404008
342.96603941979106,241.75471438706697,99.23378419752731,83.34927483914731
318.0006746724729,257.516103969413,104.23201857497608,84.56691315492404
299.1219762511433,265.87682180721754,99.4341175660728,84.95766009650248
296.86521015094314,258.04945711389814,102.37205772545747,86.86364070384433
307.60613523802493,246.11129166474106,101.26435305910641,84.84260221739288
317.05272791300644,242.96089585948914,97.2616706388309,83.7365334763342
328.58890222868524,254.51883352785825,103.6717133648952,88.23021624506472
348.6701117194956,261.933346982182,97.29676996921188,85.67065955126094
362.40695473524727,251.19723950228266,97.57357221895855,89.2524936516847
334.8163433813948,231.70669962836598,104.53100952627285,87.84072061631491
308.3257625013779,178.40099609002667,106.54461147185356,91.33054566174354
287.62075304178626,162.71696637947792,99.35636378947439,88.7042813523723
285.7765563345807,171.15904769972138,96.82701428396369,91.0306289657916
282.8695320314248,190.41886669858036,97.75272670863478,92.27740942510488
270.98873428415334,210.77645924219314,101.93778411724014,93.85116476756681
250.67760771637708,234.80678092607528,102.29819643248021,88.78243424159946
230.12782388285086,243.21915284086504,98.23748577922018,86.47136228701993
223.92600203323136,244.2852052952459,94.00660799408416,85.35033525911757
224.22940085134894,249.03915379653972,92.83200029925521,83.00381520965493
234.47173648784468,253.04084747917352,93.37201774696692,82.60504210219983
250.3777788694797,237.3521093351618,97.52254895049373,89.89673347811387
250.40835160701334,201.01869310911803,101.63553677620769,95.63671656496707
234.6963841720561,181.64192896868485,107.45790914612216,89.68446481653653
236.1958004047666,173.152920471605,98.2459724326543,87.71610119546189
229.09643473928702,182.25173061890484,97.98745889056657,86.16523993406531
212.60477883257977,196.04329143261134,100.82486616296544,88.52706459571485
196.73111147395431,210.51528311973826,98.18041621224762,84.95875260817974
191.9623087588439,209.5929525151797,93.93741251160904,85.16889233292187
187.95177502581112,214.248550938959,95.20249853236214,86.21633806348824
180.94823034315192,229.13135824426092,96.76003345432113,88.16748981030626
186.44100193762344,236.5238349887476,94.74122610522187,86.22482147758292
207.02727081894437,246.26959834901757,93.6343316531269,80.6278565246211
237.6688106923501,239.42002189964796,99.67778999225294,79.75953505812592
269.6643099382273,229.69453892170836,101.28368481104542,79.13612967611452
295.1672051640504,225.14382019670046,98.79873786525849,78.62431639370843
311.25809708069715,228.60216156204666,99.37800139524629,84.5192486532504
311.9636648336207,239.32308955760516,99.49192082103983,88.22775276955532
286.906111579014,259.6875459261966,101.01416234001887,80.49102753237241
242.90647519595223,238.63868345844867,108.24091313348615,84.20423098349332
207.7100159188575,220.31767668040067,108.15397328923812,82.91393252787056
185.64591372256217,222.05679483246962,103.51133417596944,80.55425701474827
178.29507877322385,229.59321889692748,99.84938713128665,83.91478901278566
208.63375680654485,240.61727523578656,96.10702862323845,79.89871979209872
232.81747408976605,219.93978849054787,100.17288263101479,86.48599308726367
246.40190170649825,200.83369063667135,103.52777007333162,84.50501252548545
264.64251518711717,197.89004643395532,97.29956435232815,82.06130727857371
292.7804520320699,204.0604541017849,94.17456956867272,79.65292602494581
325.1334020133073,211.12293177849256,94.86561174486978,79.23866403090553
335.5658872280173,211.20459840621967,91.83139082716852,82.01319698638876
329.4115705446046,207.4943289338308,92.87772561000952,83.51125057960408
304.1504459627351,210.65090592645177,100.82050700031107,77.83298428967458
265.2379984372294,191.06901077378018,109.61991987358803,80.73533050322092
235.90238614636291,164.48810715402385,104.40827092016477,82.3469973618742
247.47861563662102,151.05174605604807,102.77433610957047,80.77712312227884
283.52734719201385,148.80223306203146,99.21071699292537,81.4738419814058
296.8556143005701,133.0891172839115,99.80445743401603,83.32124663334886
303.2181080761564,120.68020083909735,94.7412740820622,84.7362780093053
304.95153084713866,132.1234295902983,92.92057722173828,87.73870600495029
302.8002561511221,155.2159160360868,98.46336098877148,94.04830098446698
305.4405795588923,195.9483413846297,100.89359063807481,95.05976864675617
309.73689353184255,227.71260743478186,95.24883866873675,89.17653073590505
310.1541880467489,230.39601369473507,91.46890662134595,86.05218037420175
304.8474320636561,216.7454399040841,95.03182044300037,87.79796906878494
300.037737653195,204.39056936441452,92.65419998657879,85.82579486492098
294.9232756561073,192.5553499279576,91.11505757450415,87.36863974369416
293.5316058303473,175.02968516685615,91.55119873969596,88.8937241487096
288.5088239976991,145.3444515028265,96.8960482936643,91.46786579317511
282.9723330548819,93.07218400095155,105.30063418320495,95.79529874614377
305.24985520355307,75.42710061728297,100.32292142883134,89.19828899980905
324.77324587084445,91.73810715609163,101.6607226137798,96.32798490656674
331.94782428578696,132.5840808467726,99.96290245381672,96.24416130450169
317.4254841362434,166.9493104787203,104.85819920798187,91.1044918355282
301.47995428249874,184.96216255387034,103.093436161565,86.94853866179056
292.08713677391574,207.11018355518485,100.00504774123105,84.80093415916159
283.23355333664,222.02175572216316,97.6963149575794,83.79407400489242
276.63011007592434,232.0559136292946,95.68936480908881,81.99477064180144
269.96926321248833,234.99148115288995,92.28538104572647,83.29709750867323
275.08127147182716,239.57824443829938,91.35646950751759,82.96631385777626
283.66640735207307,236.84948018730003,92.43912743452572,83.06638996719681
289.9995782030121,225.66686460269494,94.23378426780386,83.95957523796949
296.74168443266905,213.7141680609509,98.50997830263061,84.58203985466068
309.86597276437976,198.1410214075789,97.67045925639678,83.90484683327968
317.3061590656604,191.3997109704597,92.85429563821046,83.43177923095564
323.12081882117155,194.55871574385654,92.31909233812569,83.01812759431819
334.028256477769,204.15231311276938,94.85217845071199,84.92422509282059
336.39167071022746,219.62964126149302,96.06233118696693,88.16778046529524
317.1434524826316,243.81420484458658,101.16210016169,84.18146579910808
291.32132137804246,266.6781466647815,104.59219000758696,78.60647522512454
275.3791102159685,268.7435816770637,95.58556008564105,80.904773901732
268.26922062041024,265.264584336255,91.79645866152327,82.27246706967748
262.6934933978324,260.95865425876207,90.17240041136637,83.31599836724146
245.68229141579707,227.62867195718673,94.15723723676524,96.27436384929844
234.236042314804,191.6491403056986,104.72121371023576,97.21316348039966
256.1975182163094,180.70136687951083,103.94468524706872,86.32971863355645
281.18213501607374,177.37886025018508,96.05028074910254,82.84213301525486
292.7108059330201,182.14582360878478,99.63588325114738,84.95389721602422
306.94945490227155,199.07513355513566,101.31099009780064,86.31448508699432
324.4327115061325,215.57147833129042,105.28795833539124,89.55870349366916
335.82657440048524,232.19245174901283,105.08986267363889,95.58628790822436
347.5780144054326,255.74937831016075,96.596229489916,91.66378000077222
343.97569201267817,264.00037938786284,92.88992456839365,87.32260548208684
333.2031866935692,269.8686453296327,89.7112108413772,83.11155577628145
298.1606847459807,282.81426705190216,95.4923512111636,77.36566755635197
253.646345326205,283.6790413861908,94.75925026555876,74.68354320418088
217.03898038118479,277.2253378686355,93.75507756770858,76.72705863772893
212.94747293329937,251.43929707959728,97.76792644785442,88.76941609471166
221.03084114840914,217.85227181528586,98.32073347466608,97.24464460185018
220.22212574670414,195.6619958855293,100.07643942456048,94.28132439105075
231.7936309490934,187.4839353777213,104.60240484986006,85.43895907854179
269.7959628594067,187.30815231943086,99.85579766985845,81.45464873027888
298.000927744663,188.4943091612253,94.6795104774709,79.67745833770567
314.7991636409433,191.49288337077084,91.20593297201967,81.23032822916143
321.92097038337926,195.00598110490233,91.11283218246024,84.07492133511724
324.67294651253724,203.6465160177875,95.08339774640989,87.00686420465938
327.5980328271615,217.2018674890621,93.70261598630202,90.17289466054767
316.6187254424508,240.0222506495685,98.5242068299421,82.76870060515986
277.1308523734202,244.2251652808396,105.31101864183142,77.49296777816453
234.80766782825287,239.6633548077764,107.16884403099428,75.95310605827538
195.32186468393837,241.22700008923795,103.8133934348576,78.15284186253973
182.58099739836888,233.46819998107912,95.72203840638721,82.59835955932613
193.81854797760366,237.24106925550674,98.49617430846456,81.70530045383026
235.2924787905805,237.97558119853167,98.42218353212024,81.14887422403042
252.38263447556352,231.58478784664112,94.80659994535733,83.24045848640527
256.9083312616424,228.3543225047169,92.04558112905903,83.5075109964256
275.1662233452682,237.27718887911132,100.77128255751049,75.66385344294923
301.39102490894174,234.13132071966885,106.63900120750714,73.04247330675608
367.1282602032361,213.26070125382208,99.83668027712162,80.56252083219958
354.2275203884423,207.94845281952914,101.56378856881845,80.84427478086359
296.42623739464636,203.19810166047174,109.75107135328537,75.69779081968153
219.13726521665438,217.21125009543493,116.63326070438656,77.22953838334891
160.46155374082096,221.51358221625367,104.23324932988152,80.21667101671143
154.05157063317762,217.17860356033484,103.75618795727758,81.23800772308034
163.64980520968757,188.07085994531943,106.27920122613267,85.18490974803302
216.7353585973085,163.73205064716063,100.88202023214083,88.32221462364747
219.47910044235715,158.03608235400537,95.58600382719973,86.17942220605173
217.86871618872172,168.711510839414,99.82413683642375,91.14417802820326
229.7108350164981,192.23395059983199,103.71134083126165,101.39834025541413
236.45799904804613,222.48237570090612,99.62292707480614,99.38116534623464
233.34473832717578,245.54561770456905,95.69621975678129,93.5198485752369
242.00027279846012,262.80858061871425,94.8982428552282,89.60711244421208
250.87345244791953,266.9841929880423,91.1803564567,86.05993433641535
242.34833119907626,258.484397239658,96.13297322196465,87.53782783513716
222.06538335112103,255.70291368173858,93.58247487490637,85.2163345017572
223.40824435885722,271.3917094464937,100.37862541802775,88.62896514021577
251.5758973299077,288.6435637006553,102.26533485678617,86.67561063579872
273.47749486685586,286.583989948257,95.8665587282023,87.48704940036097
271.3213116724979,274.63088744664253,98.7369695505119,92.24606812429309
269.4056069008567,238.40876928323365,101.54063861527874,100.70983570111085
270.98479355058726,186.48582687103675,105.0198690755833,105.8853103692546
258.5620637212704,149.29993934740156,112.70535558968574,96.69846114894685
249.18633508651158,150.3441443112933,105.25292491975027,88.91067988327279
233.53521185477513,161.04571190576576,107.79687060197317,91.50284498729664
227.47104268333487,178.20991495210166,104.69559468704117,94.00058025204666
222.29163131677518,209.70710249425468,104.6644332893012,99.38788851735
224.03991479190157,242.63291443595188,99.24519788201717,95.97532103044003
233.8033066622155,254.21608362663787,93.76849348709243,90.75295237563051
241.12039787923555,247.18670876388845,100.59738478352111,91.60052046050436
246.89514745975168,231.33498192430727,94.75375720452007,91.3098335146667
247.9764915115988,227.57159958921216,91.35751807543525,87.83440091923191
261.74688473484093,227.75735564965555,90.91591375785723,84.70025452100137
278.7505897334423,217.64171710848163,97.26882480557632,84.29130333186487
277.89583904542155,203.14505561551923,101.70202002927408,87.96709091739905
269.9545517024737,188.54151514587073,96.1470336800136,89.08084910278978
280.91814862165285,185.12523250267253,96.4833896463427,83.66698494582681
291.73599595519346,180.51308968283507,97.42060147340214,85.55753035112674
294.34925245544287,190.45128677209829,97.79504062134086,91.97831634838158
279.5645013387734,223.1693357196254,102.37946595038278,95.51756025020232
272.52752469052405,252.4917503699827,96.48851446172529,91.86351464089398
286.29967026345514,262.2175676158737,92.09394255414435,88.3588405983307
289.769968664968,255.82642517166855,93.27718608314987,89.2474182113504
274.058240633978,240.04215255922304,99.90514043614559,89.97187774288201
270.45597494312744,236.92134142035195,92.5708839760498,85.27172755968675
275.6029013733424,240.07249906946203,90.08583848866678,84.06908267162285
276.61478412477123,237.06440906487256,89.7879640990903,83.9084438331455
271.55930131823584,229.4245780240477,92.65848171411423,84.97555098315463
262.67442117410917,221.40644997060008,91.80641583049254,84.3352629005967
257.616295274945,220.66767064355923,91.79565346866465,84.29945485545966
252.00442099900448,229.5383599896877,92.2206959658582,83.59692504015585
242.42560999219066,231.07973892532831,90.880789903314,83.06253753020276
241.16418825690752,226.74062976074316,91.25388361802091,83.40121728515432
265.49492959444217,223.38883781153038,92.73595563045154,79.88296890818927
289.1393029630162,223.6484366501249,92.9930157780692,83.35647752982831
276.8552638991269,242.16195417865214,97.9786048921759,79.47974154503946
258.6999405823269,244.15222106677393,94.29471417226017,80.26144531762401
256.42905624377755,242.04822785985132,93.49761566185892,81.91224179006296
262.5186164472219,233.06223195611602,97.67744300887644,83.48481953503357
269.56977682633413,217.18549835125356,94.72319353971456,84.70328308264911
271.2782666157294,213.82404895643907,92.06140194920522,84.21091087618436
275.8765920378954,220.16515529468674,91.69818616346703,84.14454292625152
284.7367633145504,224.63029571733455,90.50805601250076,82.95123107509654
282.0350078222162,227.19287088146666,91.16278770029415,82.25943035620732
275.0263915711041,224.096182173393,90.892575134159,82.10197769422959
274.2378603134454,218.2391387391072,91.26547505182009,82.38219615459812
277.5339474955199,223.28303272394868,91.06947988688995,82.85464988413389
275.0241018406758,232.88352959871946,94.1025073782187,84.82113660334232
267.11511382082995,247.08958089667465,95.83524782220732,84.00479816758819
265.2181577155965,250.01728791405907,93.25507556001796,82.37591611524122
274.5984746772059,244.16499199002376,97.9764362657054,80.53128310979622
285.3832799797885,224.1101187687104,94.19369089491526,82.2495195426573
285.0147378985218,220.81441606457497,93.46171988166736,81.62061855444381
275.4820806028969,236.15744633471377,96.16836137721407,80.1976195376037
268.6597994899824,242.38147001185087,94.3117944526524,80.5825494782514
267.5029563539629,238.6644351713267,94.27303321492585,81.21147389562786
268.5786886685366,212.53588841754168,95.58958616390335,85.23642018640103
274.32463039175065,206.2595146082681,93.18589851825652,83.59733430885447
276.55446048845903,212.20899785965975,93.91086967249596,85.73242542325863
273.6209457532562,228.20181942078807,94.31192624251102,85.64973640256451
269.82805078266915,238.36834402591563,94.59855236532572,82.75723895012189
265.43381603738646,239.82958022360145,92.1027200980786,82.18736665240645
268.3630635491283,235.16029228704124,94.56441550428248,83.01941176380814
270.26935873176734,230.78636500899947,92.34249286361378,83.1314020620792
261.65726489069306,235.51880805665917,94.66308557505917,81.86219467769729
249.8860372790573,246.84881625470985,97.11871828856509,83.72488335972093
249.114925613141,252.6231383727845,94.33007003836644,82.67550670169665
249.60485351162737,250.45006152382456,95.11623596990935,82.94573266524148
251.2414288693345,240.71153327829825,94.86383720762005,83.6623521445754
252.55722224815835,237.47933479007068,93.26716255934735,82.26105698235862
248.10531551327398,244.8873152722157,93.75813423224108,84.10039997314675
251.81565436438115,258.49719339078894,92.438591783933,82.66888226139088
253.96695602797456,262.198430656951,92.18915007783991,81.78706812945728
253.43990288094062,264.81306192066,92.27633742659529,81.8448539418831
252.52054022462346,264.37779262014044,91.80060961422963,81.52575631245352
251.2257828881455,260.8585104718487,92.64537331062309,81.38133721059945
242.58450404547634,252.02095995601127,94.0041028709614,82.19788721688371
240.50094689517158,246.59312609147088,93.00028821649278,82.26165431119885
243.67518764084363,231.34157776538305,94.28800667632055,84.33314085595266
242.51987544789125,222.22448996380655,92.96456734152217,83.94967119543375
241.56921814682775,221.92063175224408,91.84021666044605,82.92542961074624
244.31237977880812,226.0682996791336,91.58085262500092,82.44094580774846
247.5530058118168,222.4975863944367,93.5581271703117,83.0641533830016
249.8506245867604,211.40844968610793,95.8166188684714,84.59005253208105
253.25880452723098,208.96720234452002,93.9555507355771,84.40348593595996
253.95794824769754,220.23229673331082,94.32459727901897,86.17072147478464
255.9251986105983,238.38981520999684,93.7718714555612,85.75583100578758
258.1323947556966,243.6105000838082,91.80932242708329,84.16565754722733
254.94164059901695,242.2159520005807,92.23239568184893,83.83658965118235
255.46061978461913,231.7764298389947,96.12931279892582,83.66030560521376
266.4046669500779,225.66235449873744,93.4465712512114,82.72366136385324
266.6653230840454,227.47964903320604,93.2917140614014,84.1239233691348
263.758338779275,236.67170020917706,93.3271182178172,84.05146652500522
257.2735730532489,240.1575862591498,92.15983936713496,84.0017220129504
252.05702184298613,240.00125257934155,93.13276722711369,82.43758883545752
254.36587608830263,228.4771469137265,95.48576186148065,84.36269225653137
253.71622924683007,223.37791406845247,93.69951477294143,83.48590159942317
237.92566424075758,237.39857299406356,98.86411036125826,86.52267823062292
235.33321488481334,250.47112510730545,97.00445340908425,84.63630203148287
238.4863143793837,253.81701127923685,94.62812502541226,83.22300258801069
252.1168459345003,252.54760626899355,96.08639174916343,82.30163804795042
271.37500929459736,249.5337031160658,102.89397860318809,79.31668800614966
279.1931812206352,231.29881423777215,96.88419114759671,81.66427337992445
260.9374394387565,242.90227492816723,105.11207485783859,79.2748873995249
243.7601112139255,249.75383874226458,98.45708775281302,81.38190991781462
266.2206477397355,257.71480645635336,99.83786406642744,79.47791882557459
285.30672506158453,250.8741673976262,98.57894794811997,81.12385758756008
274.3118951657325,238.6856267085377,103.9657635015428,80.33666284269019
254.46141189649794,229.45617541896286,101.11390411227757,80.60409813668367
238.71050394641924,230.71035499053622,96.86877177024749,82.35547410095883
236.97456485844447,232.81635345960228,93.59455619619703,83.05168028782671
240.09523065673883,231.61676416478343,93.74049266601452,83.17043285207377
242.19250529853338,228.93112997650482,91.77348244492546,82.83604326964661
236.11610836260007,228.73547669944438,92.29901801601082,83.25313717728312
235.27380189108445,229.99382172167898,91.52818662310456,82.71056822656391
244.51569707341184,238.48509143856705,92.40529713735597,82.82058860724088
242.6257844140638,247.08122034506576,91.87668129394274,83.82544383135286
252.58663228529923,261.07915420593804,102.18044941865932,75.37220916624895
293.7260118969717,264.97271074467443,110.53380079101751,67.17219325674489
314.7632994170847,248.93261912719515,102.84368620001035,74.7471885034222
282.9313586542908,260.0563760245805,110.17767270606679,68.54542055826087
242.00472735910114,270.4990631031115,120.42683983746178,70.42487794416766
211.6157108027498,274.91121160903907,107.9877403818051,75.80871081512502
222.6305086047755,278.25610759299127,101.06855737540994,77.31084389604868
247.04468158042678,271.4608380828008,102.91913598465423,76.24815415666396
257.42284169928575,262.49384654439166,95.84122150865502,79.39246438191981
247.71755632250716,266.0067587780139,94.43685085596226,80.5604265357691
232.36179526644722,264.9357376146633,91.77001603448839,80.26432799332963
219.6097993358733,266.1635202639909,90.67705354993309,81.45546069272129
226.72382384943344,268.8842339899662,93.28951965953154,80.91155521342691
244.54618020711274,268.99622652684207,92.52182110432923,81.21460871389405
248.97934652471065,263.5013892274271,91.87964008046153,81.6034227170208
248.5265891026985,255.7017897251715,90.0470872975327,82.10484340121953
240.38617486591568,252.01013063471203,89.76147900352018,81.67630245127907
239.45703541659995,248.84682736242894,91.47833944512041,80.8342993767046
248.95502346976969,240.40410347481517,92.47336065323405,81.71147688826028
252.46015600653317,232.87712815366152,89.87380114611338,82.53239530400509
248.92017540045518,228.05586368558028,89.5270960985037,82.11779533391757
248.26560981807842,219.95024151244883,91.295150603101,82.51449500244613
251.2746308703577,214.99738096745764,91.83295566651117,81.72942019399098
252.35392826320052,236.13118291108145,94.15766776559117,73.81054067197772
242.4796165978418,267.9316145302537,101.55051717052733,71.30870697464886
232.55065239287507,293.33513889007037,97.45355056092956,74.98096733704672
231.3351894193256,291.9834725457067,94.90461810959101,75.13660105116463
241.78431969704783,279.5644455120903,97.49390638227152,73.0965728430069
245.16093241432912,254.4504273560418,100.45659281294331,75.33779274885386
254.03167450019538,242.14500127778513,99.62892700058583,73.31427600888284
258.98602906644936,220.35727180156186,99.08636777042156,73.7587229984388
249.04629212631323,207.87773097818544,104.10976254913132,71.01232979167601
246.4798208572321,188.61990490185718,98.92031739198107,76.12588233495752
251.47919727465558,172.52677094342397,96.76323936182168,77.61488462682392
256.48613542016744,162.3950180268508,92.8327065766573,79.31592097754839
258.3510946467535,179.15318521079394,99.92593875825082,72.60811932450589
265.8720954014028,196.59702154442806,101.0793718192647,67.20976550489385
268.91607205105953,225.31626450538013,100.20791021916996,68.67423368455225
279.01495186452456,247.88925693949932,93.26347700825556,71.10890677529821
280.1982921706723,245.67054833241878,92.18241040963197,72.3725874171937
271.7304777924093,226.36989125978212,96.4739961974079,68.18074970699827
276.26064573431626,203.7106395181532,94.4389593858597,76.22648707697486
293.1849164040313,204.71959465801683,96.27453059525772,73.64149916052887
310.326458843978,215.23022422124825,99.68202799075488,70.81164628406603
318.89612086781045,218.0149626031718,94.61976082785567,77.54337801631266
309.1700937125651,220.7091720284592,92.39133418131512,81.10423895089414
296.3327616006537,224.48977077295044,90.02751573912218,82.1350519599585
297.6954332607338,231.19607364565132,89.50587725294642,80.95779777705674
296.953403367708,258.73591620577776,95.487007351498,72.91094957086639
306.56899424838446,281.8601135775393,97.63177163506701,71.36741932929641
315.7670294708938,283.60216975352347,92.24207936387643,76.75403451639056
303.4224872062853,282.3988308435015,101.36155329739029,71.76914129151263
291.4027475159701,263.27187734800094,102.06256221903638,70.6266859778262
287.8991331668078,240.80499873553597,98.21224697204845,70.50865487267805
287.5673202795115,213.16012777992438,96.73100580328169,72.38131304366685
287.652133738653,205.27312980557312,92.58768503734245,77.0887806720569
287.97126744856945,214.58494515758335,93.06755116243141,77.40603741920832
296.9208959140534,231.33781152335925,97.37407426076044,72.84293164078149
310.34069879760017,233.68847673368276,93.2379291870262,75.4461056146657
310.84020167192386,236.10680049012203,92.38815439541007,77.89284433225593
307.01873533063986,242.0751291083822,93.58443180454066,79.0007427597981
300.6984435534418,251.45567965483536,93.91831369878052,78.95924615907926
295.8966165254609,254.29227845738095,89.84746824302351,77.98789181570686
295.92020548736406,246.17946150072737,92.34338113952967,77.21056552393586
293.23780151935875,237.43846878261428,93.32671934897775,75.73524505195891
295.8054253462429,214.8101823648238,95.53738844325642,77.50222438168052
299.26413136013696,206.45860424206725,91.13987387640583,77.8991977658655
298.1816995724001,202.38379815028082,90.26274526437957,78.40263075021963
304.2770294775169,201.65256483700284,88.53503711430213,79.01445040411934
309.51041509779833,208.88098560610794,95.13372607881738,77.42229392450285
321.2884229544965,234.1282261851402,101.80155680096784,72.6126577371415
333.00448367365516,249.42048108105018,100.61916070444744,72.983104000009
307.92021896076346,263.6465010638897,107.08133026694966,68.42693805776747
274.5487265556018,259.2912449183216,102.6527147354762,74.81570352273187
258.4324617826152,254.82521565155312,100.32027235762115,78.46025595275314
239.95309913381462,244.93442410469487,99.52524399311295,82.50157415389154
229.85374155189606,230.51581726034664,95.93941325851256,85.24241333086924
226.4623405442719,198.6635443009302,101.10652313508896,83.5050647184521
239.43908044065256,179.6229639928219,101.34875257084332,82.06403905537184
264.6570318496032,189.48743181248614,106.26624330762954,79.74135341604337
273.4435824168937,203.20897219283873,102.87316536640782,79.44927363190067
278.8300154613702,208.897617989072,94.24553243175177,78.94328941248105
286.0689043520871,212.73942243278935,90.26458082219304,78.83215977309315
292.9476324757532,216.33799962899369,87.85999933072017,77.65029468732511
293.76706655527863,217.58507251927793,86.86264118143494,76.67323875050663
295.62692770661823,220.94329468355906,86.17346697445885,76.74369017389752
294.80328394692276,222.0860469225285,86.12211557783417,74.90276577408362
