228.0,236.0,80,64
227.9700844837154,233.1279243947157,82.89656198960044,62.45130453088109
231.20993939349782,237.1848591931382,83.51264684776997,62.07275597895797
232.71055821709047,244.4258732102566,84.33285085097532,61.91973795448678
231.12590548364753,253.48342400362384,84.77052789989243,62.08710707087731
226.15277202411363,256.0137762410999,84.23232826622589,61.753361824440844
225.55487632618372,247.54758731946384,84.53038406638257,61.95746818333791
225.84483871064958,231.55998053736164,84.9827774126852,62.59210557566736
224.52041095580535,226.30566593375116,85.51417076417053,62.14925773210708
222.54758240312196,240.69950219582017,85.6818432503967,63.5953498564065
219.38740467440468,261.97352497159585,85.30658103205,63.46872154118327
219.38503447395462,265.63953155303125,86.15607851302828,63.123341679093784
223.9772686807678,251.58482781063407,86.27010253104254,63.89137953498184
228.3624514007716,227.13782118248844,85.73319656369121,64.39536288404653
230.46299461175082,218.9248201268191,85.34058182142023,62.504714604760224
232.34385001072053,232.36072723424957,85.3297255156683,63.26144042896182
241.53146036179558,241.82101468239145,84.83035930570573,62.5228418510374
250.1206953807954,233.07547449394156,85.17834800794043,62.68762828262469
248.99230557898554,215.98792585186862,85.30768620531018,62.49953586950497
234.5017143234087,209.81046447627648,85.92735748599512,62.49480896248611
205.4578150396416,214.35990488784992,91.27730204962307,62.316002602229865
181.40499982545617,229.1722583416161,89.14568882565015,62.96802909313499
196.7777326112855,237.98239651751638,90.7527623164915,63.097325495240696
228.11938265032464,245.06969789819908,88.43387263880383,63.20461360301587
233.80359336440983,249.8831765622642,87.36257035125848,63.35341311082317
212.93204744374742,246.93059941661582,88.74033626484893,64.12911183571367
188.7203357972623,242.32114527915132,88.33120950899104,63.957364593064554
169.6243779769532,236.79788741627075,87.49211929023419,63.370274361794415
164.62770613466216,239.15032472321175,86.90871126583194,63.10628719908429
179.82675997837373,242.3032373149703,87.63398614676818,62.78318906634847
198.5718672560924,235.62717742091104,87.0309175874246,62.548486344701374
200.6475218269878,222.05003818901426,87.43600493000879,62.20996695693244
193.55410380212206,218.66516443644906,87.20887003247462,62.72974497964095
192.82812425264507,225.3390242562061,87.50552517635046,62.86334858231438
203.61465543808652,226.4794543105643,86.92010318632695,63.0721735321917
213.43333319812723,221.985279297512,86.93960801780807,62.98227648798381
211.84070859784623,216.78981730698735,86.86124637852627,62.890534453408115
204.61611610203533,222.90718226712076,87.07086838186683,63.26591195501628
205.35090769537157,246.40682753965746,88.72408792956934,63.66951447634913
212.6062520671409,270.2151597067363,88.43446852196818,63.93358744687892
215.25913829599253,273.41218967732596,87.53625832012432,63.334540933434084
205.58108462482133,261.89028013419346,87.06137201012295,63.25210879899588
192.56865810215027,262.80252501279995,87.07722236991823,63.61743837772039
181.6961332826809,270.8914043174413,87.53784818073194,63.76035847937523
181.24046524836797,275.34554746755583,88.24279386849841,64.2649444935993
195.39753494196054,276.35025789931626,88.37537078990701,63.78231806367218
208.3783107061633,280.00648064928356,87.63739103884531,63.55046948756568
214.9007989410701,284.9041795384463,87.79279298700044,63.64722258814655
214.90778617615453,278.96944338612957,88.92063370237844,64.23376642598302
216.76005963071157,261.27466108914086,88.95372717412371,64.79468722113232
228.31486261574173,243.07179783750172,88.55890391890716,64.67761709355126
244.11443369991332,238.0858392269522,89.07710183845461,64.37231263496281
258.8795534794085,252.53603838328706,88.54384103922982,63.90212062112121
256.62149658680767,257.94459551526586,88.57216185568149,63.95655787083544
230.1363932859866,250.63134421404084,90.77004484892524,64.19646379359804
207.64435979444147,240.4857981580851,90.52147633396865,63.98483984105638
198.12917918018326,235.61974498798338,89.85289347068816,63.44042640586915
204.1178299571889,238.8427165403544,89.72614733659879,63.40497524448655
213.4165327113946,245.15275033452417,89.3567081367811,63.770533876850095
224.70337130200605,249.0328787288389,89.03339716649572,64.53917723470502
234.21141098563888,238.93672955688407,89.79865935196442,64.17895482666155
234.1031251117923,223.18618291612972,89.85873695903257,64.23842823512334
230.33056496962575,223.33985525991517,89.16307355195944,63.87596880145872
237.03707857985538,222.21934714755935,89.70912225923455,63.50925797538912
254.0704910529881,216.74790564987262,90.6379943344535,63.23567978912195
274.83164410422694,213.02819497996666,89.6166953120539,63.07781108987136
281.686655304805,221.8669090790856,90.1565508405853,63.83489216897729
276.144720964488,239.02364680790254,90.40484823215678,64.71990303946839
261.6768352967109,249.17664562890843,90.50120306380475,64.3029434833941
253.60067345065255,245.35265681880787,89.96953627740584,64.63970284187647
260.7818346974539,231.37181352050916,89.31128482872501,65.80839017089572
269.26118001685273,224.06175426784128,90.16027241258357,65.26050940865338
273.2181801343137,221.503568635693,90.27892598625542,65.16225054599684
275.54576195120677,210.25341850071612,90.40788100481302,65.13654983938805
261.3264203867485,186.6450622385811,93.69495280560452,64.19035953162688
237.23530803680794,172.6388670322484,94.03986671447007,62.844534612261015
213.12412034590844,170.0741415440787,91.87918545564406,63.34062377219412
201.64408215684517,169.46937945033343,90.0318887868956,64.26313013741908
207.03185677791822,169.5561289450253,89.2829203552964,64.5784922320197
217.62633856973568,164.98320372481027,90.13234788494269,64.466347066981
223.2686526382729,156.53137169057825,89.96039064630577,64.62654189716379
229.31625994471787,168.4612133763784,90.26449854318145,64.50773376970415
226.83507492524325,185.69931883164088,91.04531950986507,64.92852603300732
220.8180479375863,199.90609331706804,91.06152070197587,64.94753321449674
218.13993479114248,206.41863363309778,90.3263468483791,64.9566627875154
205.62550686835897,203.54627274564456,92.60248662949297,63.76589872257807
187.52304948091847,197.14276817709066,92.26525662898334,62.76635878742026
180.87960296315217,185.02876811139996,94.00997437154723,63.90790261997354
191.55295010610462,168.74145018268564,97.4483753004861,62.07909609458967
211.32499678994952,171.41397525295787,99.24864228435878,65.00903985052958
236.1242623328036,205.06874744554392,98.74807262443184,67.4353658266856
244.44840965086053,234.85012203116065,94.68125992191175,67.58254707537398
240.91827352761072,248.3164027059076,91.94139178755199,65.74181311845825
234.9585985836125,242.3320032802375,91.24346262281401,65.0557962959703
224.86983667587123,226.63825884646818,91.56039073517158,64.10429590569647
221.91598162715064,211.1923921966576,90.64153222909718,64.8409999084426
224.1904297541955,211.85485978563167,90.22679124844495,64.2165652187757
229.4922724454985,215.14839207191153,90.0702494205265,64.39359976730974
237.16964648989645,210.86300331165333,91.65107872430866,64.47368514915426
239.0933822836612,196.8228649617797,91.55922237115415,64.48279485671408
227.95773937381497,194.9096344595709,92.45962806389348,64.90187671074099
214.59569399838514,208.88246977080001,92.0663482092844,64.75463748476716
218.70268296819276,222.05622422541722,93.75608731068478,64.54924893686089
246.99168047954515,224.28021372495255,99.06578760048001,65.90192911747775
279.75707832569685,216.84487936869712,96.70860641012976,66.80326799600421
276.6408928477631,208.07150625111657,94.62154987576292,65.33115436788405
248.5946371919968,212.56446251726626,99.87833731034235,64.3710597066784
227.58006217320832,221.07292341621786,97.04527421315365,66.30686618025958
215.76764171210544,220.77248509674365,92.43674721543755,65.93859609069237
212.4738715919334,207.49435284953387,92.70131992648476,67.46821873940885
210.56841600792217,195.54316014586357,91.9476253816166,66.95999013307755
216.1313036331897,200.15203748222925,91.69038040451903,66.35334996229933
219.72617965704578,212.99658818262992,90.59733856188501,64.22070608102923
242.2571575187623,219.35463421198781,98.95661696931128,64.24271216684467
281.6623245759213,223.76897916383325,94.86375111671211,65.98299198971631
289.4107054772121,218.99783504189693,91.94972246842741,65.63581490155771
262.09253608763777,208.44121247878053,101.56219650148225,63.058111541462374
195.24504740212208,193.2585003261778,114.80252299360738,58.07386543651162
142.09449518659702,189.50953479296209,109.3097736648919,62.217182245130545
127.429881080269,186.10135527789632,99.28777507090732,63.37405641198081
140.11670970685913,188.03252053653952,93.78472328647709,64.66287945914753
160.1839311423829,188.37995243591178,91.12797206582013,65.70413016235614
165.84970734996787,183.97760014057093,90.34930661354082,65.76078787803786
174.21188968265568,183.17478228272643,90.29449761222772,66.05795191403931
192.84764085926048,176.69697047781148,89.3104403273775,65.6651868519942
208.84137992437144,179.47231820483628,88.67653885731184,65.72282880028837
217.2877326243934,193.1922069076869,88.8499040139085,65.7184456816965
220.21713422443085,200.27627889541353,88.88120701500549,65.79828754608702
226.003152574479,201.264453227052,88.71706826412793,66.44944132421634
230.01656529394606,195.45837852630083,88.96468740527193,66.61676650696864
235.76792808221342,192.48782685167112,88.95039566662788,66.46164793239997
234.9106135797696,201.678529743249,90.24833765979673,67.35718917072856
233.67617321067524,206.36695306545522,88.98922157181354,66.42455639350364
252.27462508390536,207.94506859640515,89.55312104800959,65.50526380816626
272.95911006917737,219.950847836442,90.0066608430906,68.04863696871755
282.6872318628489,244.9845160548882,90.17599708973196,69.28174608846581
279.7396578756416,264.96472406468627,91.13050175359959,69.98948192433835
277.4548640556375,279.51415901894956,91.56007474517033,69.91606367596805
278.58348124134864,287.31888950237953,90.87385477804497,68.26198600988931
277.1736648255471,278.41638503001457,90.04981085183539,67.87436800149425
279.3486393425385,269.22959900422023,90.63168554832147,67.75575255308293
281.0731869177973,254.0994341195726,90.66080084702264,69.59289506651882
277.4362208681262,222.62985090055415,94.11948636433348,72.7855099908839
281.01513516368686,195.66729845815735,91.67546392555599,70.89747400653684
276.7346242288246,197.17818655634707,91.8160451214523,70.2728840894543
261.97673202027164,231.28707202087188,95.52036713621449,69.0788253186078
252.85151396214474,267.0581987976731,96.31197146535898,71.43967845445846
249.96692077378503,297.29582641864533,93.60224548856274,71.00440123985781
250.51274706899648,294.20941758153265,92.78155847431177,71.04318571095814
239.8106606716485,262.37845586021433,91.56204352486706,72.05651906570418
228.06499020149573,256.3485202647851,91.32395331282888,69.33340075460947
219.98359402695627,261.93807009744944,91.24284917753278,68.03027765178086
220.36039803581843,253.46963980282402,92.62275556410529,68.8680476648598
218.49764046792814,236.68889322450792,91.8096659635578,68.72296733516384
221.73725223909298,230.68445279034117,91.4428386614625,67.83588262732547
232.48670805399036,233.48476780935977,90.3698303519802,66.79488393694456
237.2644442504367,221.54904491039755,91.52148076182192,70.16037880713458
231.39511204782116,193.15506667685506,93.59669301861553,74.03704987382895
224.02473652247804,168.01294533850665,91.92090964547361,71.19556012865077
223.24737523934056,165.83252317360675,92.13108875471735,69.01618229048182
232.56655141750855,178.06032051209968,91.34347492377196,68.45084640255848
242.27569212809198,187.29921432935117,90.66377992838636,67.31271941258673
244.53162740267965,189.60198096569178,91.02431538507037,66.7954124582649
234.4935457170201,188.62153736809762,91.97380028959257,67.99708334485942
212.18323651368445,191.1350117667223,91.97463720212332,67.48127346362574
191.54396345731232,184.60757548607518,91.23502535588317,66.8649118940606
185.1861305532411,176.13044126761287,91.38309472847872,67.24035342668833
201.49775765440972,158.65043042943074,95.25611738161021,70.09426548391193
216.43990981683845,136.5842923710706,92.72694611339344,70.89420517485101
210.51134375442743,121.96954126052997,91.7775902011061,69.27946911468226
207.01653794423757,122.72299539703243,91.7851461574233,69.71509624206794
208.2920293040187,140.50304444167742,91.32333580114226,71.29608091644985
214.4579800281101,146.56950109654431,90.71781374749077,70.36247790945043
228.3317221983821,142.6939934051868,89.64104473897801,68.84301599724358
234.2799284960189,145.01731143407866,89.51141681167317,67.55486992969422
233.27365640392352,149.1017077241803,89.93082134742639,67.80764717370968
233.07682915933805,167.80723695002348,90.79841382487857,70.00388852671082
225.90046799312688,193.60399399532307,90.94645476081654,71.96475676033043
214.40847281497656,211.78475918865507,89.7531990233672,70.07762212561953
209.93228983170115,212.3505017049862,90.16784526335547,68.50296082342604
208.60038915118344,191.69659979755693,91.38010853845344,69.29004320273772
196.85702333605036,158.74668912268316,94.12593440700087,69.87196294115708
187.54474185550674,113.30198957397101,92.14835503410367,71.88833042237047
183.95865629816578,101.26611985170443,89.76327517222312,69.19108793330989
196.17524678883518,120.83082938688662,91.01020893697805,69.60128067935176
210.1388113091909,145.65792568342712,90.23051031618849,70.78818305697386
230.29495804383598,156.7009585363476,90.38696684689835,68.3214715991798
247.3550824530217,159.64295811494242,88.16753589962065,66.8251677544902
246.63355016084415,149.98898978051278,88.25439931210073,66.89595232374008
242.18759169370912,144.5557328626365,87.48793001590205,66.32017489972705
247.85377742617288,151.98938923624615,88.36564155878705,67.43812216227332
245.43395818255675,163.00136146971212,87.92851613000371,67.0261161719039
237.53179152282635,165.66494432850715,87.6392520373551,66.64023463400135
232.05797163268457,173.88223741853514,88.11078708131055,67.78920558285161
232.25423695522247,185.68798412980271,88.0531563385785,66.38846655484772
236.56752275182967,184.35801404986125,88.07328274341099,66.6619015877775
243.14290334829752,181.6639224237758,88.1996211598503,66.59699035752651
249.4973838786854,174.70295934763138,88.94317474751199,67.971949957081
248.38060849415885,159.64847387608685,88.30959905172138,67.27299853688878
242.60361476524858,168.29321720948127,90.00247200758878,73.30165762205309
237.05250967323445,215.9868354503795,91.06229327560138,73.84133154064725
244.40815200505025,256.00493191736905,89.49923248892293,72.22417547190257
254.62423679061092,269.4926687551098,88.25700432405161,68.5554034565773
265.8603412484498,276.0951523099062,87.37878954899884,66.49096979425008
257.6398708351462,256.42952190355913,89.1869789107623,70.42449501124105
243.3667391582597,242.27876105311313,87.4124414832853,68.0393712043206
246.56134034287598,251.79869340027355,88.34037778592773,69.12377408812479
260.0168320047608,265.98726242019245,87.89213249926756,67.86516632172447
267.21993143051424,271.62941969831934,87.23977886260431,66.18976900179885
264.4008783964597,256.17460038968943,87.5515909854009,67.8687252460117
254.22367023128066,243.7897199957867,87.14254906380589,66.84701264514537
247.23839408202764,239.4960832357454,86.43713700684319,65.22411160468108
251.97851185821446,231.9596663929674,87.28511800720389,66.29752512422147
264.386769146715,213.2375284728619,87.83862906496846,69.3232523804481
267.26203008881265,189.86096261268963,86.91232593077312,68.65514996993323
261.2909010863875,185.80083293739077,86.67770405281084,66.8916812931872
259.7277163656406,205.0049034360328,88.08056275211723,69.15443873340317
263.41240704820325,226.95423456989505,88.69696019558563,68.45148569419426
259.65321068015135,230.21778877932238,86.7748927266114,67.05834944330836
245.60021716510064,215.9956019806739,87.24040734460341,67.33863002302719
231.74363345138528,208.65726765779527,87.10991632476848,65.80704671565945
224.61946364813798,220.61604730524593,87.60224396837245,68.90715709849252
231.12186857843662,251.6289389943314,87.98458010386895,70.61788495079031
239.98295721883903,270.92099528327833,86.81040697345476,67.58656778305273
246.79079060470082,246.64017824256894,88.32636251618433,72.62751094650278
230.37964288743353,214.2961944326093,90.2598640054064,70.990283253922
224.46352113570734,207.82823201958712,88.02469417878063,67.02987629285704
248.1326646191061,215.16534642423392,91.47733128424878,65.62685720036026
279.56750150741533,221.07419645941405,90.1611853396615,64.67454409289067
294.22227275709,203.48824478960984,89.01817726414023,67.00877043054598
269.7028909153998,180.4589412153512,94.94137087916135,66.06093837007889
229.985444249467,171.62427720907155,96.22788774618317,65.32972316974752
192.04692823861885,185.04029120985402,96.60079989483263,65.4233848654482
177.70181791680756,193.4005045419024,90.0246631165802,63.77766523260148
177.6748297953855,179.12151973129585,88.5378373574712,66.82153573272078
181.05371116070535,165.16833795414252,87.17478898230021,64.84176037101184
198.7963269932705,160.51386841834525,88.7295048269356,64.16958982346576
231.39541771329306,159.01549842498687,91.0131959454842,63.943704077760614
258.9435721313848,155.7757432379447,87.21016103508185,63.537106053407484
259.6520322888996,155.5832024985921,86.20351904036482,63.60129519812829
243.72011403870368,159.86056395066095,86.38461628294417,63.778170194381204
218.3639186191475,160.84764332916535,86.49895414354089,63.85137471862242
198.35052899647891,169.409037818286,87.07044164083123,66.21000053530298
190.8511867386012,188.60847539179764,86.19083025814916,66.07485829843594
183.26905882144564,204.17894563819243,85.31852603386653,65.32735042283392
162.83035121666353,207.24934435313477,88.99092415358703,64.60052394021484
141.8473607090408,191.2667097768845,90.2813070243012,66.89867883490288
142.36153698269968,172.6976223332523,87.25829505315534,64.85945504052668
167.84068489913136,178.90141693677978,91.93949506990131,64.70482603854981
193.18484123852272,201.6267784396233,89.45442946143112,66.68806299380029
200.9250123684322,226.5026537391645,86.5703091254403,67.32681532440542
196.8510278971041,237.78647241649873,84.18504442551836,64.72554759864316
186.82298149165672,226.13779337546836,84.6870600879756,65.52641520218828
177.32632898209468,219.17265178881067,84.19589855436534,63.308138805191156
178.0150529689043,223.46370686582748,84.3833004342617,63.11369344607944
191.87395081844147,228.21228747323377,86.3440936023749,63.215622807438706
224.42024749526144,224.89232642401038,89.76120483857866,63.36701951526052
266.3197383470251,215.11444187778665,91.90011986356689,64.44860647880171
294.78905957342624,198.81920671935035,87.20589269396785,64.31883143434618
292.08032957719274,199.59531368163573,86.2557989754973,65.4986121386817
269.1428624901809,219.02046388984425,87.30605663584915,66.43227778671775
255.77532871162296,229.0107027334902,84.86018547226189,64.11729692559771
250.7341496131786,215.77026775258457,84.2602011398537,65.76061195576837
235.1669632060362,192.20758271167603,87.62833860257604,67.08214902977295
211.92087907269678,178.48519424252527,88.16600857823929,65.43610565557448
190.72594281608076,181.9622405439208,87.16012913834626,64.83339244731462
191.3043487252564,200.7153785961064,88.9697479840575,68.63278040544341
223.82788253334402,233.39178841247076,95.22135590499164,68.76662459107413
248.51406953094883,253.10955405149343,88.41593747618828,64.20456743412252
241.24594773361815,240.91313205888102,88.23605558256841,65.94860770840984
217.1542185070523,224.17458281767264,90.80113635015326,64.68196229434223
199.847880224373,216.18891071046653,86.78866032762122,64.13823082516068
206.89750854330583,225.84709102898245,88.75281921709924,65.2072156471132
238.13505445865752,249.06036600949676,93.45643832389592,62.498378088428346
273.7045571200075,254.77620094066214,89.12334120432097,63.0463224839101
282.22507318266884,240.72867505178448,86.51562817079511,65.66401830463414
265.28232559729065,223.1988011372665,89.65237456225458,64.91373805749822
239.75648587178645,208.2620720039551,90.25706304646614,64.77340237880856
237.57529456520604,199.50586367920874,86.74819932173637,64.35094354002004
262.596236341009,207.30100176658908,91.12544418809915,64.02125696486874
283.72506966699774,220.5944073140965,86.15223188182487,62.53603888743203
265.22416231971783,210.2444087629732,91.75603632247844,63.897748636163
240.67866418078523,193.81615873959558,87.35557752221857,63.07187563604323
241.69736297592712,188.85649652839487,85.40948852568482,63.28148326156962
260.7791362727477,185.48750152503936,85.47244339688741,62.69989319015565
279.2731484178836,185.02710651068537,83.57713150895937,62.62608483019174
272.714399023244,175.1611699731814,85.42824235878537,63.649187153246615
253.8043195749994,164.05541104377141,83.94844397988403,63.3507257640197
251.78007494497245,169.1382624968233,83.47743250751606,64.29351284815027
256.17588456352814,181.2527776411262,82.8235696180609,63.265105118138244
261.7176894308156,180.5502936865799,82.99215714911098,63.065489286996495
274.36867046719703,167.0233828962805,84.2055759357231,63.14552546720462
288.65019939842057,169.49977587882867,84.21521094436984,62.93279077163953
299.29508981325495,189.3769014706432,85.23957806391977,65.20310623840112
304.74934032803134,210.74550261210948,84.64922278632018,63.419364648827944
298.1811026406717,210.28108161678196,83.32454703799245,62.47522079963922
294.5433897905931,201.94033116158553,83.05263997447788,62.66630422956332
276.5791689678916,193.6684756552274,87.16617073120905,62.90267271298267
230.17687920874454,193.22463385111698,94.9327406059484,61.26249377237541
192.16386834266194,211.50265826487916,89.3335639738558,62.71083947610106
204.36115262490296,207.02841999507973,90.84390263593627,64.46760458991868
228.4617459118022,190.7115543665953,89.47859252698152,63.95115884493441
245.38875554592215,183.43463760984665,85.15399220405416,62.17778288577544
240.5480248130376,181.52567087668768,84.26205889443261,61.97465922318716
223.23849704864008,190.73487946717492,84.44117301697764,63.50088315549389
231.05719699204204,207.0311408021276,87.38009759306436,64.91031361058859
260.58757091544123,214.14038968505918,90.80811927751593,62.34281682128791
287.75713228412155,196.74015106179803,89.09952022179591,65.75208923382581
303.5489436376841,179.90208385330982,86.16039824709273,65.16543678556789
303.9615803620107,166.9948025505876,86.04008085312702,63.02705749648106
285.5971983914399,173.0840309702688,87.73670978450295,62.96517780555613
278.7006480535832,201.41516812699155,87.29693082154444,67.1509564706263
300.2615004205732,225.1890226949927,89.31115138053329,62.50012843813961
326.436788435225,205.88478373721486,88.28259683560469,64.65889932244528
336.85984615367954,184.67767130592665,85.85676948463309,64.8395121244748
327.42084024652854,180.6409474694783,85.27347758799765,63.64428303955904
308.42512776635226,193.4171590741563,86.85373921827208,62.95181466418738
295.775377225342,203.75747857105262,84.17600641357382,61.9054530141448
296.30932388203735,205.50186921471,83.53719024862059,61.51213071120496
295.8200216449546,198.53850858561594,84.22090336536425,62.41935123697125
290.6878663191272,193.42262139930136,83.0551603060816,62.236574828350385
289.0226158399694,187.50492568121425,83.46848597142844,62.60568818835276
287.81869862833514,185.8752359109149,83.46683553141564,62.6791241254358
282.0547251084841,185.84449298574458,83.02670395783655,63.049386831245215
272.9152167439445,187.51724764812388,83.1060136556657,63.47719293617412
266.8647122582754,190.51531756742142,82.82240958989453,63.6676375702353
268.08166902027585,195.35408336548377,83.19492306784674,64.59877906981372
267.1525738849806,201.25166247930574,82.86539971539037,63.7195449144354
267.4724542242318,202.20287374781097,83.14598815798176,63.29106036570618
280.7359219388844,211.82165190452582,86.09064086344205,60.572638573760884
296.34715641950174,220.45564728346883,84.0372087674418,61.363699329546726
291.70357260511133,227.2377394002219,84.42285662083205,61.90602144369683
274.4161197932364,225.2265666165822,86.83244852387872,60.8204568547262
267.6184860561708,214.46265035485325,84.6343200019162,61.69722736646535
269.4818695105893,214.96201370591606,86.07228697979797,62.21107390652723
286.5455059360108,223.8745532275794,87.16171945122058,59.304970693278676
278.4752552317739,224.37480329810984,90.6375785257101,58.526760591280315
233.04709914084202,222.2234440073139,93.76143831499567,58.70273967091909
218.78518584845676,213.2273919277183,89.49366944078182,61.292591632844655
233.7776317707902,202.61856245816472,86.812763191818,60.19845247624869
240.0522705261314,199.87346596127128,84.66393734129193,60.52116500128557
246.41673236010845,200.22054091550936,84.35890283349403,60.94337861820003
249.8313420574974,201.20371033997276,83.73402914184115,61.34624142942951
247.2705353435244,207.78588773955613,84.4964201576778,61.08978457948152
241.6020125042606,210.45829399890616,83.71777369753346,61.842109511953296
256.1374889352053,205.8718848077881,85.8556221051754,60.99826529653316
256.7151248393569,206.2966815738946,85.50839473046588,60.5510155143202
245.29257479804448,205.12788218422173,85.64786737168446,61.11444437179094
249.13870143888875,196.96683099790278,87.70610237124592,60.96251720341321
261.24608242589795,187.44730462214883,85.82334112964936,62.37104627328044
250.85383453856423,178.76956768414135,86.75081175783248,62.541858284061036
247.09900294881166,177.17398336848026,85.57715584554074,62.22402422983636
254.7744774125951,185.94339232438625,86.19495691797383,62.81908693325875
259.51936028229136,196.5171075831408,85.73012403990948,62.50219230442151
253.82542550235718,196.5352250035092,86.22962690055908,61.96842938751286
232.77890139027195,184.9304334514396,90.34431208762014,63.463901163527055
224.30300173063597,170.66658213425137,87.63830501040778,63.705501502981654
