352.0,197.0,56,100
353.7188463631296,193.96951762265468,54.31047621905324,98.8176481043
356.60600435190645,193.67668348813427,53.678189050093366,98.7658346838877
357.8426950762184,192.99899220381894,53.675815902250754,98.85446310212777
357.9114042969023,193.33230726721888,53.50073876947675,98.53005709642159
358.7884760566211,194.4473868562458,53.39610086527344,98.40878463711778
358.0130299604871,193.42042632799715,53.34704798918212,98.30639465845883
358.06644214384255,192.84110319446705,53.418415761143066,98.38108706809717
357.753635465928,192.52055485087976,53.362937808378376,98.167020181053
357.24587679992794,190.71556552550487,53.26917169311292,97.95226128297466
356.66096891572516,189.42648155086448,53.251609531830944,97.98123489631794
355.76698262781576,187.13636198274128,53.19696125804036,97.87253970639246
355.38304691724454,185.59995278920923,53.43919791355785,98.1753690797847
356.1236203806744,184.09898116662993,53.54719283240115,98.5289053425214
356.4710075158923,181.45202025355292,53.83801426509041,98.50706178781601
357.33851088021805,179.8059930225351,53.844645720032695,98.51789676742982
358.48987760829624,175.3386758607643,53.872265047079395,98.537644616362
361.0844363027847,170.83737822391657,53.952800978414984,97.81639345451063
364.07550305809286,167.4645048949226,53.774866686548705,98.28311789570165
365.9222068444379,170.19881199020335,54.11142737557734,99.18315604889017
367.4104099093464,178.0871848277911,54.148174321932146,100.03556076433965
369.66986857034783,193.8511715704598,52.97889689250741,101.61528381220542
372.12609016017757,220.23948229523512,52.07609726753543,101.22940943296726
372.1134310543018,247.27170493686975,52.13559516678697,100.0149397356355
370.64063289682065,263.0408842682672,53.33052009503052,98.77284572127819
369.43151297090463,265.5745430888249,54.00614520076887,98.8919599649283
368.073130437528,252.48695694764078,53.227304798772195,99.46639372190596
365.7806405902513,225.54928391614237,52.38928034293484,100.3059426657621
366.9132365629964,201.87869306040056,52.815158954085234,101.66439732646447
364.55848681735614,183.51394559634065,53.490844968803344,102.73852726434993
361.7345547386619,169.13375084392177,54.23203188009808,101.62043776528145
359.3892758465875,160.1944145137087,53.9256414220594,100.88238068937952
355.94511633745606,162.61182768670454,55.048732168837915,101.59845766370029
352.3194676332207,176.83157374517,53.93839627652733,97.63717599598813
343.43326664177573,197.80942642755826,54.274946208636095,94.9021432386335
324.51855810881204,210.9388958103027,53.86711962221963,95.49003674853518
307.36865858835586,218.06698114768412,54.163378624069594,97.61619029252239
298.9350361325469,210.69320516953144,54.354720215374996,99.80145587187465
306.5001772160876,204.6388198054026,54.31199297993414,99.57947708841354
325.1229187412922,194.12430739652766,57.66437980257179,98.64686250186656
344.38388629536445,166.08746795748493,55.223651969817965,101.40627136042079
346.61559025392575,134.1608622810415,54.20805899410165,104.48844084319043
331.6132231567006,108.72491876804659,55.302087622145685,104.97980418753963
325.8642105051731,109.33225235980024,54.28168030801319,104.07391385950109
330.7930741937466,135.95753105602412,54.327608936725554,109.09868605689707
347.66864169888163,193.32410916501888,58.64202568426805,121.0026758350013
365.0906691464666,248.51535877434947,59.41280843558239,116.09240562024641
380.6644778770543,280.8610586149989,57.90429009550072,108.43243904441621
386.4643027965361,288.622339012356,56.25343176044344,103.9879422145458
386.0322200085218,272.14484225240665,55.15623259037828,105.32599237506957
375.82908308522644,216.58822575677254,55.8129336830627,113.28601186536116
377.9492112081737,171.76067090915097,55.66548139224634,109.76291416314336
390.3766655599735,154.03515842632532,55.86645037419366,104.65424674598216
390.90565535011876,165.40280342129944,54.627348967731166,103.42002487126834
375.7055737449097,206.3999689789175,56.42167721721185,101.6351053771259
350.4934376488121,251.21207202592575,57.25082611839144,95.8650862948282
336.2954340280307,264.35110697718756,55.14896959042304,96.3931992536327
339.6509989874715,256.2190786041331,53.51334015982259,94.77923475950726
351.5091366654731,222.51828445621624,51.23233702061631,99.14415618522378
355.4626011487022,169.70177970178582,51.79528720454874,104.23201493724866
351.0545577616896,141.8826462566211,55.76066597076151,107.42768539203126
335.29285818880817,138.7801615728464,56.9523085247274,102.23131808965874
321.5890069144334,177.20612052695637,54.713068934805065,108.81229202714196
312.0118481492861,230.5347605180533,52.98310912134964,108.31449690822936
312.7452090964121,267.96439026734595,52.385588887253945,103.56836607175345
313.41939460825336,270.73290779655144,52.78148055888396,101.23723311295177
313.669394682352,225.55161077811792,52.33476410209285,111.80612597794385
308.1193762291377,169.5750873364329,53.77809324484962,121.97949451658737
304.53623308693835,127.11143523695577,54.59324427534206,112.53018128390096
307.152674743489,131.6695791897916,52.54972253450643,107.7271868352606
299.4956977893516,170.70134884554915,50.9651473900468,109.22111212335481
298.0753293657511,220.56775843201982,51.76566206927906,109.813122051976
308.1503983863018,249.2976656694181,53.47929355942767,104.98837837796063
340.5357070497372,243.76841960763758,55.52206124232252,101.25185707378735
351.59818127752436,227.95768737279676,55.365923821904396,101.76025391651586
324.8254317099017,200.81717207419427,61.88636802550913,106.26510043168955
280.73170133432876,162.69464480587118,59.8280554612253,106.13249993903887
285.44062191620657,167.19517375343386,59.63030707090715,109.74478432906977
302.6246635509678,210.6467159281097,58.00193937755655,112.7636665324525
310.51670315069146,243.22774067793893,55.73940558826558,109.00670736482527
321.7177141889144,271.1135193861957,56.55054879502279,105.82502421588981
332.63306687810655,266.98440373455304,55.279017000622844,100.9523961441752
332.8254761942687,224.53387568347753,55.618685672986054,111.64396433128712
317.5593379871479,173.97223413305318,58.689871999337,111.00526928272177
293.9285076120541,142.7036339555694,57.90294876514958,106.77977432518938
287.0695528657282,155.3540446815225,53.91617686131704,105.63645409398623
275.7206844864218,201.1047150953391,52.94759281914854,109.64936497533745
271.6252408316834,242.08151252279356,50.90608877120349,103.85122666339727
275.95732681596195,254.0403359450936,52.70276274991201,100.3440412445784
290.6347567928895,238.51080468585485,52.14422847965068,98.20446484704027
293.5802028749621,190.80725204942564,52.53556287800557,108.20330595974247
278.0435382452726,127.97266094806561,55.13107841668132,113.56535925621253
266.9234126131069,103.19242150444202,55.104056731794,108.27305494033472
266.91472183110045,119.65378015201861,52.74195221182259,115.73696484244715
262.4728795471992,186.43339198401105,52.90133258040622,116.4018927897904
265.3719581326502,240.57659392743403,53.00850988216047,115.62211121739756
270.3391218138914,259.96752695951614,53.7975711915532,107.12631693057705
273.8594200712694,247.0971388226625,52.45939777250021,104.37859833123755
268.8293764577905,200.44990115835034,54.039779188911226,113.81227959247899
259.8318051045797,153.9435183654881,55.5502112019734,113.8030725219535
257.9798183207142,143.9983891491394,55.38077168376697,107.48950405035403
244.990372677711,160.11450483129408,56.662488897507686,103.64521213916966
237.01186702244757,201.86483987652633,52.340020227565816,104.1749985916739
256.0362280509274,230.78600842643593,56.5913469987312,106.90645299576096
297.3727270659716,248.83543786986365,55.22978085340835,103.8186109546086
337.08230701497007,232.1117946505451,56.54203575033333,102.01794207098013
349.4394171999098,213.7377638822246,55.01867231404758,103.93311786543359
345.7674157127443,197.1899253201246,54.949223139941026,102.9730698919774
342.97095112170086,198.34567128404495,54.21045676538735,101.60652425319915
348.2766882480218,203.54084051640422,54.80192440727673,102.49212572988687
359.8006004961196,212.15441818730187,57.315165584909224,103.90046843496654
367.22716885789,226.08253627267962,57.72332036527477,102.79212655132045
371.6230120894246,233.43736224346907,56.39901061118982,101.79939355505407
365.3467141770265,229.3696307431426,57.35779540082979,102.09492125297261
349.1151317471207,211.13882557734212,59.90595171571957,106.55164877207356
312.420692189355,198.98313467507523,66.66018727656346,99.76613726606044
248.4828397203955,167.68442999311065,62.71414538831054,97.76689746006775
230.06374834380733,175.06034872574156,58.64922145203377,100.65040545379034
236.22907082369534,192.48475417670295,57.840854324289026,103.63264923936751
255.0443820508521,211.0019792528915,61.72262200669422,106.00216026863109
277.6916910914155,217.62109377822452,58.405237812286146,103.90626520234
308.07526655906184,218.14736754374536,57.22146090043105,101.10741029825145
328.1826832040156,210.82485294803706,57.13431315739855,100.98809622794928
342.2707072433507,195.78997945717504,57.66749359435326,102.05961322920464
343.30239810344267,187.62877206653116,57.123551571435,102.4490446120549
332.71074092374414,192.7427229143297,56.189190149582025,100.46879306294213
324.96138689369775,196.5831743141201,55.13641505537798,100.76509363250197
316.0008684348805,194.04213289745383,55.754534492543684,101.85648432716266
316.920088787738,192.77293785001697,56.366991003625515,102.5519178790676
326.32513360866983,198.83925274113818,57.98167553168377,104.4251474718252
325.23026694968235,202.98122094387554,56.85323258012744,103.82391980658488
302.3271150867202,201.31801938483926,56.31545061269237,103.46468449692301
282.7207816478086,195.40114520670966,56.604533506140626,104.14322045083848
280.06620511409244,186.81650954983382,56.46336919076039,102.35082184271516
289.7000223739159,176.00350715126905,56.37783305978547,102.39293381757912
286.25306358055735,171.96455010376914,55.93331070509621,102.16719801023515
284.50021641749686,160.91224767808683,56.64869131051415,102.10236926784975
291.74065487224834,151.45625734700644,56.981687692026696,101.6771001741512
295.95206983556994,144.7375177135247,57.3510330583523,103.08659482197399
295.33092686074525,144.1046845297026,57.42437369550173,101.85363448063386
301.71203736204865,153.05650053267797,59.39231626711364,101.87703494538626
303.79581366593334,158.84715932334035,58.168489245281705,101.87405598710833
299.3110231143675,155.62562467657318,57.485085729272754,101.9221057493927
306.71671040385314,143.48093420343622,59.6852773124109,101.158355592151
338.4808473457821,136.93664108803648,58.033498789881115,102.8377621354505
340.06032677738864,140.5629636152951,55.91146619619927,100.82992909265198
337.3583704721882,151.77904292821293,56.6516214823814,102.42389351369133
336.3147713346782,160.21189921724783,57.34657732576083,103.28623879694968
309.6751782107152,167.8589779339282,58.98870913032741,95.39289923468269
246.49802347386682,157.49049287008074,59.967743945821034,94.90275754597133
216.0693726972931,159.51669203024943,58.72677889740598,97.11924960649334
206.24026921312802,167.20234949942682,58.138709010267426,100.23133310563854
216.8149668001497,173.6792506595139,56.436152215130306,100.23379909601124
256.69781211592505,176.01898004634847,64.89171402498584,94.00813670906086
321.2998605918301,166.0441638472862,72.38973499309756,93.42322320874788
392.63159232535565,156.70203282106905,66.67988480729653,99.39453360102598
405.7044291472446,157.4587895316845,61.94171238422183,102.54221402745137
416.13263434521997,169.3508352649802,59.207585923817916,103.7001086448443
410.9380968891994,174.28275553065114,57.27668402921837,102.81371562326802
377.7983201155174,179.81930703118778,55.33463418302769,96.76112043469476
312.89972867281875,179.89659956876486,61.65412541803434,91.69607393375935
276.12357922284497,184.39829274267206,58.842654786731984,95.36801107227309
269.705073657943,189.12413525651516,59.419412010285924,97.72354650357124
256.784610463096,197.55657878514086,57.42427882966743,98.82951515921044
256.17209710104873,193.8851588826164,56.941847057668156,97.80940940761877
283.55925815922916,178.726211871279,59.153700478416646,97.46476680919983
315.43968547182214,168.07712114479511,61.16179726924635,98.06702541060508
353.54401456900183,165.10361938987023,58.30760074480879,97.90840758256425
396.1460951399963,165.38652586522915,56.021988186804315,95.46652651661205
438.3779014080851,174.990862738516,54.028895670157944,100.10282347316331
449.69310930879965,176.58668825220994,55.07722132380691,102.62909847116606
439.3991727829408,179.87997312835063,55.050348281774646,102.37361392396281
416.26775387996133,173.59024975207083,55.66059819710861,101.72228675074115
418.1595088028329,174.61811771168323,56.13886813652178,102.24266167136014
440.44583170921317,177.6236730468451,56.586394442901764,101.8241718506457
459.19154068105195,175.31029088265512,57.82834441914608,103.92350087629134
481.37871012038045,171.60115784677646,56.59627848970783,102.45883237773612
516.1312765923001,173.34250017419663,55.24571707907165,103.4072695490677
527.4713598563858,173.80361225358484,55.87979005285335,104.52447410122876
525.0624637567619,179.44374668029167,56.35734177358564,104.26956535523695
524.0074925964602,187.47463131188232,57.163908850048216,104.31668281080566
516.2582544170579,191.88193605679345,56.40640376354058,104.19302180731151
487.7829428210194,189.17379751679408,52.41653623296124,99.14457720762277
463.5552734980577,187.79657140641024,53.2590971689236,100.74491565885918
449.3848944893276,188.52094233596029,54.1732499617744,100.36395334077471
450.8821807130639,190.39531726862705,54.645657494770646,101.23141441294119
473.61123483452815,188.1901585766553,53.95454754285776,99.57016807618159
498.8670710676406,185.06587786637402,55.171482254367184,102.89276514127539
489.2612381717727,185.41881478324345,52.94573959883742,99.24743818253654
438.6068820794906,190.72972362423917,56.1382103283234,94.18299354742012
395.44561647371404,196.6882286575441,53.07983638850946,96.63799275815398
383.333021016331,193.60670032987372,53.695286092338016,99.2905208490416
376.05362114806024,190.80846283256452,54.12597303591076,100.08429198623816
365.53528783926015,194.77276292210433,54.74326709491723,99.795950596221
354.99795430555054,200.65222538290666,54.99383748264893,99.56717704180387
360.74042195080614,206.4031766504321,54.12700521948145,100.19222763175298
379.3717043326086,203.1083737202556,55.77999831720463,99.25973876554352
403.66046061590026,195.18664815909517,56.59814615101202,101.61689228044247
404.3902828264058,187.44723000914723,56.56336745265723,104.77791852174458
374.4760590996911,180.83439641238354,55.13284273811783,99.68299855706886
351.59192482685097,180.86806596309654,54.537768998641766,100.66045926033036
333.88923319623,179.58014853368752,54.50730020910251,101.0951503203203
321.41752218264236,181.1471209342211,54.36508991205904,101.21346382003438
309.8534823384655,186.35868566932965,54.77622013752219,100.27220690841105
308.3218389238893,192.35649209866943,55.648741585815195,101.66526592473147
316.8350442366647,196.50935053076304,54.97602969073304,101.78078319140361
329.9031964160616,194.14439093884442,55.2484472557675,101.75450730688146
335.7516661974799,185.18284446032234,55.29808972418088,103.50542008814436
328.8597210339742,181.14318716220285,54.35215217033284,101.92586017266463
315.0252389688608,183.36003597001766,54.314573331809726,102.74994453945686
294.0806324251662,186.23875417599595,53.60005717115203,100.29368610601591
273.74207150935155,180.08964817622498,55.44624638559375,102.76423086922972
259.42702254554297,174.9503118001027,55.083607496804646,101.19335528163053
257.49319609267974,178.53224707845638,55.80968935760923,101.78116319172005
263.32459603283655,183.68627219030827,55.84336164526445,101.75988664965692
278.28270120879307,187.10516707176032,55.469540209367,101.62097994339345
306.2766240461813,182.54402015620911,55.75989277677795,101.99602035652711
331.53658919514424,176.11418511212992,56.74240388510209,102.12152906773235
338.1088217733996,176.16339987630033,55.840400886794555,102.52056658040712
323.4707879808001,180.36605711757295,56.854597134103,101.45576723458065
303.68776589278036,187.22158330665266,56.01491010897057,102.16646778610874
284.9224762058673,188.76296390436798,56.45683591834343,103.25884697153748
257.64662262057703,185.2126162146828,57.53539855767404,102.7482142259078
242.63005076054435,179.31528670673848,56.860626017973786,101.57046113242149
240.51075770442424,176.95530096624753,56.971190889979624,102.28484789660652
235.909128399612,162.6290052535465,58.09495120858851,102.46856725169607
220.07738135670274,132.86253412336313,58.25273850729765,106.54038890659403
229.44362810373042,122.31501523895243,64.53846400738293,104.96019474182171
254.2316528574695,145.8808364782249,62.7338683573266,109.73242189218303
267.8040336802591,190.71979358174735,61.58401027620053,117.64929528279433
286.07143511391456,244.50153676506008,62.44651575849901,116.59414021499703
296.0285267918565,272.31746538436687,59.685561162380736,108.17261012482089
295.83821786416286,272.5037874078354,58.81761334393988,104.0149624157745
293.90076206409907,246.01584670561195,54.40343192648936,100.56674103701829
306.7593336019283,199.3254404624265,53.38871194653408,99.12666118940481
316.7247546850711,166.17479177769533,54.89808584470155,101.95568377859372
326.1214409426185,161.1438002316953,59.91825092726299,105.04427819871876
340.9561101528726,191.7348001582688,58.2906300360516,110.89267385338431
340.28767861742074,237.5249479241357,54.714834415549205,112.71756020641615
347.36784303641724,293.00989414274255,56.22146724747807,111.08772514224931
363.33842912447926,326.12851692613566,59.22289150690081,107.1854099953849
365.719549282268,329.4107338777983,58.07362726554211,104.30807936354401
357.11474062155304,300.39900899045847,56.699290729550185,110.86741781009867
349.23940361333314,243.96931735760194,55.332472070208766,118.70102898108516
344.17900652706226,204.86184569035507,56.72511682868793,113.18693789175082
321.7025471361558,184.37483489386614,59.445644253079124,107.49637818590053
314.57156200257214,197.55554249316015,53.99808082884009,105.69373984278127
322.95062608828374,237.1242875333084,57.324242208198115,111.17627539725035
340.90524782357164,285.7833849022957,59.66313716535676,109.00789145029132
353.6157398374,310.27692045679964,58.07665631152813,105.2966382123773
354.477565665631,313.7809830442808,57.36109181326929,103.39221176788368
342.62051041891067,293.29364006557694,58.597785314522454,105.88731398505703
319.8252378964496,239.61981646836034,60.48361844538204,108.89137902616994
301.7469578434449,189.97025077478435,57.93375765295397,114.54173721996254
300.9891773324583,156.72113173718878,58.448799876098946,108.38647187718495
312.97502789045933,164.69171893176886,59.066545781581375,109.39109826927478
314.67803879873003,210.964209455211,56.503297402539985,111.52311917551552
319.3914888124668,272.33289353667845,54.087292150457074,106.87309232117433
327.5984510118263,309.4604109626161,56.78259016384746,103.4592745103147
324.4833263143826,318.5264950702194,56.3733742267035,101.73778134393612
309.1054833239575,301.11020911218327,56.87988418216311,104.60660814282092
297.80704739166316,252.4102238432268,53.914439152220595,106.82145905182765
299.02912404514115,193.14084982480105,56.02308125542082,110.1372914392651
315.4043072751287,160.41398568764816,59.14649409232076,105.0112467643521
325.8374950680133,172.96953030659375,58.117642920613996,109.52555425497653
322.2210003176883,225.72695362842126,55.54423593688895,110.32101034569652
318.3485719719529,280.31019617579807,53.573058692812964,103.52574107125537
310.53996577558536,311.8622386088145,53.9995057046887,98.92315156655066
305.4709680725195,308.88637354432547,53.77391468503912,98.89407725216938
301.92896361267753,275.0750138038868,51.51469240355118,100.38418259730452
312.29180421640444,230.25004441418287,49.90625973125357,99.61107144995461
327.0911689722534,196.34002804638862,56.21921234846201,99.46003484960559
342.616407551616,217.20050116000382,56.987674398721055,107.11521777276579
343.0544233899778,265.01293340419755,54.1279391087163,109.94952076484708
337.55106910830204,318.0166153954799,53.67731124628659,107.45167826665734
334.40778686462863,337.8419727029344,55.090096436758415,103.1920769329983
326.99640505990936,320.02956936303747,54.73378289775944,104.0432324897454
316.1638123351963,265.54082200032167,54.815014489763584,108.85625272787229
299.27932076942875,194.87163295580308,55.59361065840814,115.76501961085475
299.03244468055163,163.96599946468544,56.107046674052945,107.23650387824631
310.43788336457925,186.61679712684582,55.52245714779465,108.06885020431616
322.1227505574309,241.20145577067268,55.71891538904444,112.9012113834593
330.5921834207277,294.7782410329048,56.727101664404,109.92449022422949
332.4034445313204,321.21270827975025,55.59304379868732,103.19276276178863
328.290908418086,318.18345462665263,56.68194659156236,100.83089042931198
314.75907353914647,279.4288986464335,55.088786515457116,104.97153315146903
310.39269370184024,214.4852278179796,53.75544511585081,108.82118559939241
309.0360302681079,152.97752550233537,55.38405518644048,114.31245082638398
305.65519609581486,134.02038099706613,55.78479213454219,107.5758304130943
301.53090068502206,149.07055062805625,53.95019203815901,105.92046795775471
298.70705063670613,199.4662586276496,52.6903909140877,111.13353804255235
310.98634874569706,259.65986042056636,56.1346938660278,114.21166648796878
331.5874420388258,297.80576375772307,59.566967728989,109.04284565349923
334.8502496448428,304.481042823781,57.39914060289257,104.27840812685199
324.8160815787277,287.2722504621312,55.98468864918532,104.02726116069863
312.7278470666707,240.99776630084568,55.36681563228369,108.37252464928521
296.0207389720098,174.20620978379412,56.286097739574174,117.24944566678678
294.72198547334426,137.78674497988885,57.28555175838965,108.72558230584733
305.68375900403925,138.82735291657298,57.22705596653092,108.45341794615089
301.4186196428522,184.4558571706599,55.38325021624871,110.58227369578961
295.91001976260134,243.86076641054257,53.77740310175045,110.55147743282114
302.27930044995674,295.45055981159874,54.52361345555529,107.09192236899005
310.14950138204335,311.2699381623968,55.30020988239771,103.04154457364393
318.2200500263058,299.6561167012175,53.88207401965406,100.27608446865875
325.400125071582,264.6948925239274,51.43235483730477,100.27870250097328
326.66377637877997,211.63843988208757,51.947288551033786,108.52278759422332
315.5039132564405,163.82468171284688,55.47480898516589,110.01494321493121
309.87361504495874,150.22789721400602,55.190178357348174,105.82475366769111
308.4551609029407,165.9057206379743,53.33723678786862,106.69707312834828
306.3872712873789,212.8270018941245,52.901604886179676,107.00355846761038
310.2052357834752,260.1255418158943,53.28636681195592,109.10966465922704
316.9502934052971,289.66469630147367,54.380022320265155,103.75645334431832
318.495774822964,290.50235981677423,53.513180578681414,98.74875937035782
329.91446524927983,261.91098887303826,52.40932023386219,98.4607828740406
337.95318777145405,209.89197915915588,50.772823675841835,105.2374955391101
327.05377105764956,169.1799334308061,55.113222044857146,106.07897591182527
316.9135982537557,146.4119396429918,55.80717238897294,104.34463878042263
318.9021700702691,151.2701466845768,54.41550849227423,104.5636495019402
319.1426518705731,183.20212543172255,52.63715109283818,105.7960360017893
315.38377455345625,229.29930414552354,50.67510836379067,104.6215760351248
321.4106494489843,272.90499480965144,52.92378777195324,102.30146057600962
328.7730429356635,292.2398835225429,55.345057927501074,101.37585429280475
330.1484103708717,290.6144915417749,54.64312066450654,100.33324225824705
331.99621233023055,264.6178157784445,51.72479946063264,99.08849564037669
333.8508579127944,219.58730421128806,51.516362787692415,104.0702188479317
328.37026128113587,170.09629390822266,54.80650502561895,111.15195564058592
318.72779948510816,138.66549989646987,55.906370023924254,106.90062862502903
316.1829406456519,139.72261994405972,56.36083379658679,104.98191465289618
315.6106928620039,155.63189199061725,54.7698557310704,103.37897724923428
317.4650105055982,191.96459902986317,55.23800877395988,112.36566278011742
328.98859001818414,250.73721401079737,56.679924455819275,111.31112495692089
326.6183559135231,277.2862463149085,55.37638631748506,102.29591557330802
315.01522883682134,286.2419952353331,55.55538827362294,100.56190796683381
315.0854921522885,267.235494628001,52.45218464073549,98.62654492368546
321.9382306615922,225.04901890040958,50.90918320806562,100.8637694501574
320.36318657474993,178.86038391796495,54.69510512198455,108.32564940039822
313.99131534406445,153.62673610372752,56.543431323589814,106.92273628863873
310.6182206224498,149.34746754985053,56.19553507345971,105.21326802529892
309.15703564651477,171.50679955817355,54.46113622650168,102.76185254380914
299.24127635725546,212.12249101464835,53.68019752962976,100.41554043164082
289.42358350539206,240.88031307667183,51.97265720796585,101.04824225485947
283.4289782160191,267.13499336438986,52.05717418319612,99.29779281223585
280.14748373135706,279.1464839090626,53.540115545098416,99.76559541429663
290.49594277620054,273.43354618778676,54.133022894864595,98.73093008536401
324.58592994116566,254.04075996401716,54.685317852043696,98.27608505243442
350.49884245911545,241.6873066702392,60.451381243878465,96.67433685483408
382.74420491334484,240.4665671142161,62.74001424557598,98.88263115242714
410.046308832366,249.47074512362224,61.839022960268096,102.07221214533362
438.2753148783841,254.47596956829304,58.68179211823182,103.97924372474205
445.5124956233191,259.8459477307783,57.12137105804928,102.78466703844349
430.7353999712604,261.0501280952691,57.55370567271354,98.93392349696182
393.1082715146249,258.4165828535296,54.27096002250799,93.08764117770653
352.1464103539258,257.59949622233717,54.480815156406244,92.77961473306004
313.7560341686802,259.1261410698824,52.846238547405264,95.14551449109459
298.7847767064861,256.4121618646348,53.6631431202309,97.97163574338664
301.3654836628082,252.00823541230295,53.68349190289926,97.81513317930032
317.7560219003919,243.5603871273058,55.844248923825646,95.5417013313259
353.6776358496449,223.53517459506867,61.11356985344459,96.73659661064391
377.49256759585114,213.1909501726342,57.337618714547716,100.8008389125441
382.72484420476803,206.56186712650117,55.35951569202646,101.20924304191956
384.7974733680729,200.82753537642787,54.65194047088552,101.430561571363
385.9198499333202,193.9343095651385,54.45958602203148,101.40423853573859
372.4294749995438,195.88794946764088,56.24487080169371,99.56653880885887
334.0694310524888,208.26379691190908,58.45673420849894,96.85067155704124
292.9651234315947,224.31403905469293,58.86458345907623,96.05939137303602
265.0850335565012,238.6144603263135,56.56677981082578,97.0138466813574
262.9152423843855,244.6535743341682,54.458974459744624,98.77314307971045
284.19229969713325,241.43906083017941,53.55866842799914,96.18831510721932
319.2912843044019,230.09558270230212,62.43198827596172,92.6462064215676
371.24351757663953,204.85132270707328,68.18181860648654,97.94499862882218
408.38577150922384,180.72318915018403,63.689363963974216,101.14132921916318
420.82344870374754,167.99649321318094,59.41535845187997,102.46007753848187
424.20815589815027,158.81668421423922,58.14350265682441,105.36577707933407
408.049200733911,153.54238052824755,57.21986635444358,103.88292082827051
364.79118801965626,147.7611844266781,59.81625982494534,99.32965141031566
328.8711280131403,155.67550969059943,59.28803267000839,98.61693716176993
281.9370195819792,177.52610946466706,62.13244582139311,96.06216095347835
236.2898258086631,201.7374074079612,63.29798815318162,93.45371301610885
191.78538977678923,205.94554332533053,62.016943224741865,95.12185280246393
154.7172511931961,211.42777442430886,59.02631304329534,96.93534470606976
153.23381219162124,207.4891864552898,57.781276983945034,99.6007286519204
185.14049222852933,204.79823425857808,62.499777261691364,96.61269896331258
245.15890896480101,196.40841045031038,73.94136786141362,94.34705849391047
312.97391692831474,165.3652550175232,78.71320740313617,101.28831931065673
349.77242046518813,143.8742793054111,69.2707413450143,103.76270237550592
364.08075283578364,143.57466213871137,63.28264716046394,106.61382879874913
386.607378207199,158.2026262202204,60.56930120278943,108.83528711034049
394.1429826375386,162.43959125679902,57.59941070148533,106.17745811140199
386.9416053859396,157.93327378151923,60.80325163046453,109.833281538524
350.0035976791396,149.40990605883925,63.81290351867388,103.83085316552463
285.9273566028331,128.1622173194447,72.63167595449006,101.42443621071999
233.99030451342134,121.19579205511101,65.38091746241514,100.8837149620436
201.46499990931088,118.41231279406897,62.05417681712042,100.66490688256519
169.08931418855238,119.91881039728206,59.814093180512415,100.84325689098276
156.97154489853267,117.27385876140872,59.28989665312997,103.31049780921381
172.4948681874813,104.82999337713525,59.34435481156085,103.58552716174513
208.96125861265526,93.87607509859177,61.896284654572284,102.37696967586332
235.27678456459552,88.78915415257823,62.97528524092617,104.33074931203103
259.238442380815,93.812236308128,60.89993103426848,106.61328983491586
268.4110749872935,102.15225205082524,59.733804004905174,106.76690703116202
263.454637857491,107.96764672946749,58.45746928013526,105.13837597465877
239.4417883249306,115.16390482868132,58.564406138224726,103.2962748152936
224.94920676566093,118.9380219922186,58.29679215715472,103.33898287103156
229.73190485061428,126.65748212164307,58.60667064545112,104.17588048327636
250.69438569198505,138.72531012433427,59.85642209747522,106.04400865758144
268.37851570815525,142.20140395068745,59.04367353974423,103.9561703701095
294.18983602748676,133.93754979603779,61.138348574909344,102.91484791769008
320.73466744081657,122.82428241913483,61.05753584590591,104.56099937071471
333.9003112070965,119.51578279174865,57.65300612584608,104.43260677978395
339.881926114801,121.51309445430965,56.25361908387453,104.34759038825571
334.53656709402173,127.49256593045135,56.76196407855807,103.72641599065982
323.99317330179474,134.16937107979558,56.44436323527776,104.74197683454945
296.7915437420558,137.39580367061836,56.05123563600554,101.99763826423201
267.78254763944426,138.0876915455528,57.321425106853624,101.54821920381632
255.53466148391814,143.28298636470487,56.79031143157779,101.94934709480903
254.39962175013392,139.4405883087191,57.240444610083735,102.79237684935865
261.57055237862835,125.15595848380438,57.67269223981364,103.33084426285998
288.080991491145,94.36819376244647,61.02574589954589,101.92807170362269
329.3606155338015,80.64634905922804,65.04721680837356,101.63521936201266
362.3400346263284,89.17736144917623,60.66744966824156,106.75272949422568
377.8357352206863,98.95879911853292,59.66848012015086,110.76782656762165
386.2832705282668,119.62122649381551,57.340761799911654,107.07822572330647
378.8447775754355,129.60235381488948,57.37714101612117,104.85092591514291
355.806137898489,136.32308159248925,59.64991597548294,103.65547255720904
324.2989558952458,145.55035128342558,59.966739698766254,101.64603205228948
310.3252837207631,148.99684059524992,57.995535463747224,101.98053145598456
314.05547012314526,144.4054725887937,58.03052398710798,101.53539881655323
325.74808526705147,128.3665866497127,56.9217219219517,102.71799857557461
330.8555757302212,103.70957194185634,55.35444607373738,105.5805814580842
334.8979159565719,96.28315409771544,55.568502193301455,106.15384561316287
358.007064152909,116.38720675957954,61.30314769515863,116.14291436170029
381.63714804646435,142.00630893472447,63.58204240804787,122.89167900555107
386.14696187871147,166.90370535002666,58.05673847402237,111.37090350893106
365.57211644322166,179.84393006095638,54.01520620047076,102.65805662613408
312.21985105325973,189.15670596557194,60.38567631144926,95.67740227784049
264.33271421413906,185.28282357568338,57.98836490668283,98.6458701826176
231.64078597220896,162.93974365379907,59.180403153238345,104.36245605177686
231.05829524839984,148.19095033632624,58.71818733523156,105.70800411250379
225.73881793995548,131.85265484290642,59.13253257712026,106.48087805832776
214.5495203852692,116.83934024175566,59.10597631930531,106.37722771961367
213.01929688951236,110.68626110921626,57.59528683620965,104.60959448078623
240.29963911481454,125.76922479362696,61.70400546177716,107.39441174087108
292.54894798320316,161.38544957044547,64.15851272499995,109.95871511692155
331.9371674718634,194.10422842760573,65.6794370289295,112.08930315455413
343.28697888137793,215.53975876037038,61.214067139587925,107.3748892175405
336.64040687428815,228.0617310007789,59.17386764790804,103.75657339883283
313.6341880546431,222.55023916134368,62.065547230557556,108.57020649176576
290.31147043464784,191.44581683365806,58.918563036954346,110.93365319791828
292.0904397549835,158.12828977762956,57.08428772636119,104.77415164591278
320.1723954427373,121.85930830767428,58.43346839186917,104.93879305262018
352.54584480962427,88.02901227934318,62.200821367079556,104.80748447451677
380.94920661356866,78.67822062963293,59.848351909581474,106.53516030323415
392.5693312759358,92.9199028719421,56.897409225472146,109.50385270338143
401.36451974710036,131.12222557859872,55.84136455853367,112.88210523928697
408.2995878469081,165.2270602138491,55.34589266555881,112.03187200394244
402.55757835174944,193.1043424007026,56.76396316954797,106.85680592125108
376.00773301131073,203.517385058387,55.630072307456665,102.80116738322599
331.9882138988696,204.29905345538458,52.546368833120155,102.24448342126206
296.69894336084724,184.08945105551737,59.26930383006329,106.98253587724653
290.1560947035485,159.33750432319664,55.51335685755147,107.33912099227862
293.55012132679855,122.60247639295929,53.65792079855131,105.6619600558783
301.6152232175178,91.0441142416164,57.56751193898787,105.57432339665002
327.34605389898854,88.12703134341857,60.07457005846824,108.14802166374879
352.67578499463315,106.00465631983846,66.30393233006967,119.19980906442463
373.9794708213802,132.59114962865848,69.68520813751313,124.92092645069086
394.79686168947234,174.80812266088617,66.91834632320375,120.66181559131363
388.7122867464458,199.9207307901341,64.41955797683504,111.72093160820842
360.3378175792094,209.80493310845458,59.82700461208897,108.72614757703617
322.6894778304717,199.38481786385114,64.00185793768951,111.44195790022741
279.8325365986526,158.0765870037065,70.3656427450776,117.91748944473548
241.89023668316565,114.8070556809651,71.49789272253585,121.00904232459322
231.3940084577581,75.56157808725723,64.24837529639785,114.97085322489961
250.7448024039686,46.49884197629437,70.08887114421125,109.24952368901282
290.9281078017211,67.74298338067743,69.24072348347187,118.13376895641859
308.832689996345,99.45769992501837,66.8872475707866,118.35320061383044
333.4596998599792,134.7270799006974,70.67616607594005,122.62633031090988
351.96617188535896,162.97735830915093,62.63014097049303,116.78507525181536
339.721052382422,180.28909073178696,61.53599887285131,109.72932891240265
314.05632988216394,183.9700031702606,61.43355910774247,108.87159339092412
305.72019340971497,168.80365504355342,57.74929518740606,107.53317758379163
304.8648125119739,142.01863968274998,55.685246191872515,106.66131377414848
309.289483522052,113.8380594426302,56.271573117028794,107.82679554345054
318.77577982497735,110.45071856499854,58.09082011078746,108.7306887244951
338.9615924461453,123.44387106215738,58.919085005170345,111.7769459860368
341.9540814770909,145.28214519579942,57.11455738273226,108.3290964492215
329.5114032935455,164.493147211488,58.41949993146362,106.4160340682349
316.2207359789055,176.69009127190435,58.085154629103,104.66023798841783
313.37332173419304,185.08598351356193,57.74800069665303,104.99983167893083
317.19430020066477,180.02427109710146,57.498591371131454,104.68990690247674
327.7872635267738,156.79563339135444,55.35758659391328,106.01040252881457
335.3015978474515,128.7275248748717,55.258574934979784,109.92643523560814
316.80830031677533,111.68397231543264,58.99916779906653,107.29149445604878
281.0128707217221,115.16821861243464,58.34790052432927,107.0359230046229
279.0849165680287,147.86319937582067,55.60017113640359,113.57921953449147
299.205158208284,187.34380451317543,62.69770055120544,120.03671043165696
306.0490996394067,198.53589005451778,59.399038880366376,112.15223417319099
308.68260431895277,189.13441354099695,57.869761454867856,107.11384808890455
330.1639053268566,158.18462962895447,58.26372682187274,105.79964027822388
346.2105724057644,126.57318329458717,56.06220784960398,109.33454466570848
341.6237822174746,109.7430095155744,57.61005580430853,109.03715906943714
327.7218795955209,116.90176475488781,59.016979944700466,105.9370252997947
317.8260496960973,149.05319677336198,54.75148031971951,109.80191638979947
326.5885249043518,189.53097989609643,57.97891027430421,107.46567387479934
314.1620863575004,204.410480949647,59.11587550277262,104.64935975597946
280.8498801946261,205.45328643987074,58.896995592193136,108.24020141225073
276.580263809525,182.12518090393857,56.209360686614076,106.60826551145881
294.01171952053255,143.56640014362821,60.59306181342704,107.27142029379826
303.34977641088403,126.41452802631174,60.25364847217719,109.31179782921245
296.8189881454343,127.64792202676938,57.96009194643612,108.23383429118779
302.47771647807195,158.13679601898184,63.622280056551446,115.96308703918473
329.8513512966277,203.89425917178065,65.53983585889303,114.08210238397778
328.4583769964273,218.73709873051837,61.264535679996925,108.08532707509609
318.25804465834926,213.71303806628367,58.59058487763742,106.02489737817486
319.08357795979373,178.33460178942354,57.19907027670159,107.6855785256451
322.88767416754524,171.73232336670088,59.05434832018295,107.76879748046545
321.53288972924605,197.45365173956873,57.499055136234475,104.64044127183914
294.3764306812879,245.2624356479593,58.6967693747289,104.45121818162045
285.7861538282139,264.95409524830546,57.92126839337691,103.65740703756879
290.52210286908564,243.7892452560403,55.083067821399,104.37815926819286
292.9687972929655,198.39587193339383,53.620831317389246,109.73859060586857
299.34634566313446,155.98640667018591,56.80961275087947,105.41137245064381
318.3036164463648,154.36739531893193,62.92250648715324,108.40348450862055
327.2100378965394,192.6494777452997,57.70802174110085,111.39892048596309
318.3791922366089,260.43196171624965,55.63576530705562,110.11196768078199
310.1792335719295,298.1211257136573,55.77075954071134,104.52901932463851
300.00432182882446,299.18279265204126,55.44367262653079,103.90681459826126
294.0794082711892,254.94828549086674,52.00648191953563,106.80177801728999
300.6745287814322,191.57193953520556,51.608080498659035,109.15891633974516
313.1499210356843,167.75612334035213,56.88092880265479,106.75514833882698
325.73666956536664,191.639777440043,57.46133799329014,112.85493608671091
323.5257621644136,238.26604626046452,54.82400972878997,115.97370581891468
311.565282468428,281.99632655985005,55.468205204745594,107.07088447795613
298.0189460829586,283.1305394157863,58.17763822959053,105.88738918600555
285.0729544077983,251.5986939900959,55.27143432405181,104.63946504715193
290.2790702561821,195.87180615044514,57.31074071322175,107.19825171278163
317.01879414017105,175.10975278120122,62.99166281829076,105.63993047275383
331.6094965844818,198.19690262844898,58.972794550763005,109.77275968450829
333.6620628227361,251.0540829270505,55.389756800816784,110.24428165566464
326.1935703301578,285.6175966515504,56.56197127816098,104.98142046643042
305.8920947822053,292.1515859270577,64.79916920023786,108.03081252088467
277.0787369409601,245.0761643735575,62.204571406165726,114.20536778608809
275.44550846282715,184.49524521020754,59.47221854797856,112.61412383739744
294.6719158989939,170.11701523222325,66.70534727916062,113.35010649844409
308.5035555807327,211.35293607593889,61.77278080630795,116.58569278952851
298.421677883139,276.8071112553347,58.6062139358704,119.86008168854934
304.72232445990437,329.4296664556863,58.73487073351157,112.58475888550247
311.4392606666301,328.2074080678291,57.52115212865384,104.71088576863869
319.805954205962,291.7289547250935,55.39805557733378,105.91011728321143
322.13155715196126,249.24921752358492,54.67977204861651,108.90427491376767
322.21148929071694,222.76621708980406,56.72346001719894,107.20081167000126
314.31769695921975,244.52407460624744,53.70486181886521,105.49616231094262
308.4610733708148,289.7213034404876,51.58815294098763,107.92238335339985
315.23158110252007,319.9459755912199,55.23176882523334,106.15706004802895
318.9053013358356,307.87224826479905,53.891347401571,106.09522515008939
316.7028082208297,263.67910306211,53.75190003783278,110.41417851933463
306.6867884472681,214.38098450246287,57.227543100580995,110.88556822651955
295.0994712195285,195.62594998518796,57.2303330736384,108.07276128450692
292.4868029912275,216.30905007601953,54.8030511220372,110.61799909112499
279.779661707243,265.54878236508614,56.081713572818714,105.37940975713242
269.4986767026611,276.7360448261857,56.11398997846692,104.95501911227697
262.6532090525974,250.43391161390457,53.18608982937559,106.89714564426114
273.2661763538689,203.4062392671914,54.10587666237937,108.34773875077343
294.0752218200111,171.99095184842471,61.53014412853244,106.01953062932245
311.43578492240556,192.93588723542024,60.159024027259164,109.73540326353455
304.1584355241832,243.19044405326213,59.120918868625864,108.01571833878825
281.89234172324205,286.2935531300387,59.802917261523746,101.2905182516414
277.2484199863135,288.55883225286664,55.44104149709956,101.96665556262604
282.64731002469443,243.03298605289223,51.654888617603326,100.31200335808273
288.1336985046181,170.1949756066724,51.779157556193525,105.04809810306148
287.1417442804701,126.43592254658815,55.012394617770745,109.78504577596433
277.6940424706233,126.20784783034772,56.22692055191747,106.90193129242957
272.4649922487899,170.87832676826588,54.31151635691245,108.4616386997964
275.3251300691017,231.24424431067817,54.02794725925756,107.91397719895618
267.12251868870476,255.96253693022493,55.90030258841075,104.25702452822199
258.68703121961136,239.54726793149962,54.36722479222264,106.65540310184451
267.70159110123785,199.0998849835932,55.96371538053209,103.59188652695426
288.3810235708032,154.57965667639456,60.59416928905756,103.32370361498428
296.71454923505956,151.1259452878881,59.645349161716794,105.66816862832538
287.98559052808497,180.51063545836794,59.306238987775394,103.64289839478755
275.8591329529808,214.7060301926161,56.65278206767114,98.3584321684787
256.63265508098755,232.11742888840595,57.02697194251705,100.07860352689903
241.99936134815962,239.18533868928392,56.231425619110425,101.73096141537744
224.49724672332005,231.53956940202718,57.37072566957086,104.25803465785968
230.10259929673748,227.39697182655038,57.54561012234534,102.21684431076639
254.63255493145056,227.15097738158582,58.50797668495047,103.46563862061743
269.30670408477357,230.42189333673286,58.037028231820045,102.96213678844833
271.5034188214235,229.12084675671724,58.29914685422328,102.70677755590145
282.21713313936056,221.85836879801965,58.577071001552326,102.14658943032786
291.2030092406219,205.5733192224688,56.88949848652969,103.65315098377334
295.8480537723993,192.43942225534326,56.91654809484992,103.82103036724318
304.0000345113105,192.45184861464452,56.99976313069931,104.9316451779375
302.0148712076851,197.5120149922625,56.93520814615329,103.93777726645159
294.4112620244779,202.6507451678326,56.7589426258489,103.38758131960822
283.9883569097513,202.3703405845792,57.17970402717707,103.90887022244314
270.0034336645618,200.756767963904,56.525343974587415,103.4281297216061
264.2596815732938,198.77089091724488,56.532989758685886,102.74589211570554
277.7997655365099,189.03468042535218,59.445436578347454,104.25148570691283
299.61902424630205,172.58458133125458,58.897403777903705,104.9901238365143
312.1692084805559,155.32267053217376,57.983345123849126,105.33120617686342
327.5309663609983,151.60820680829298,57.925509294604915,104.41061580235936
351.0419132313502,154.5369241504098,57.57484968476061,107.54018062984451
346.20785484288444,158.45031229254755,57.05571060231704,107.10363261705335
323.7727009523201,158.48476854026723,55.741539623680104,104.65093105911399
299.4263445647474,158.89343036363505,56.985796588278596,104.25890038112833
295.2234557310715,158.3772653071223,57.45242630641167,105.14566164649759
289.64000631431406,158.41191890172155,58.230164983676616,106.58605904714284
276.73931813775664,152.0786064892796,58.78837727429135,106.48010086421422
273.0578723584905,141.1214619453621,58.23394095196426,106.04902252040858
282.7562919113538,127.78069108140477,58.65839090873769,106.97674955105765
295.20491237279435,125.9267203513824,57.80741463429413,106.85070663610239
302.000551634497,127.49260043311713,57.849375856982576,107.16081048630478
304.69357270165307,133.61075049816176,57.48457395704541,108.27582871559054
308.18503624873097,139.96897946667792,57.440947399999,108.11579778051134
315.49484162643216,142.99342945823074,57.615007298893545,107.42486898881197
324.76954494380783,149.73921359660605,58.780169755939056,108.6253783487801
320.759602488284,154.3273122441002,58.44077121972107,106.77703139558865
308.50444290933086,161.23972899894005,58.01084379559606,106.12684998551836
298.9118888633768,165.5056079690673,57.83340305937918,105.47470019956069
298.790152979438,169.0448310518198,58.5172129620224,105.88484045983691
306.94565445716984,174.56249076290686,59.291445602261845,106.63894974860034
318.72482372630645,186.2344017048725,61.016554329613626,107.00225066740343
322.3909892890422,195.39430325616712,59.33409503031409,107.24665654918923
320.63910009770996,204.76517416674292,58.22843737782228,104.60592791163133
315.38186601199624,212.68783026390258,57.942948273859045,106.03109301223388
317.3696536204511,219.5975512028065,57.896572275699356,106.08393506997295
320.49457220829714,222.16657548961103,57.250677971100984,104.49132717019201
319.1513610194624,223.34214078518255,57.11462110072361,104.23156620795524
312.0962312502585,225.85345365169687,56.94530910592835,103.97938725227031
306.81529749525373,228.48872369616777,56.76828501437532,104.3885956984848
308.18507607687854,231.13231774167195,57.07673200151636,104.52767713872642
307.68284917187384,234.15263566819996,57.01935719824448,104.585826686061
