57.0,156.0,198,173
63.24387388773316,157.40756907578685,190.06956423625243,171.22136087186382
67.57114053339032,157.32234394088513,187.26714276134436,170.70516563385473
68.59663547012548,155.26559712500205,187.22066948943655,170.27947469530838
71.31713743807775,154.74981624847305,186.8503442644695,169.86413703430392
73.43365344552777,154.28919386140166,187.85803490581947,170.60862399594666
74.77718247018788,155.80698000367133,188.67170927837424,170.84478022703235
73.64844065733803,155.15652571903092,192.38524759157394,172.4918191674069
75.81583559375757,154.88101257353287,194.00211787498486,173.98101684512173
75.63398304962095,156.4306919603232,195.83182638122685,174.09180211450982
76.21235600578018,158.05118561580014,199.0001537110959,174.58061216683726
78.17684673237903,161.6510176252816,201.14935829305443,173.4643221713118
82.08017023528714,164.68949713109558,201.85204966614447,174.4561497807776
85.24101466895672,164.8656498092804,201.70766792771155,176.62392499081423
88.4911769832232,164.7666149607677,202.9539253304286,179.40066900424583
89.46347541125954,164.60968404873427,203.96019517357468,180.1180952814377
91.11485020648588,162.32622284078715,208.39389577843448,182.80342590045694
91.63080892052707,162.783996270856,212.5117586237896,184.45416322000673
90.29355033758353,160.9976727822442,217.3469203209267,187.51319935738658
91.1800689587785,161.03468252736582,227.092498801193,188.74167010151834
94.03573648491832,158.83774179099558,231.91705242078837,190.3676682734776
101.04333856407307,156.9365617890442,236.48674816482261,193.84434468363037
105.06915290230258,153.05449745389322,244.23181138289485,199.77699142033856
99.7610242852875,150.21739516886717,250.63932838255,202.9052365177344
110.68563210808549,150.6922546940516,249.28284955336028,202.1904417837718
118.38884683583964,149.0745966072259,248.42964275410196,201.44351918789192
129.75551983470345,154.4650792749297,249.74048620949935,202.73420912592184
136.60221850078406,146.46274796661515,249.63467432655688,201.16099088317594
143.09478834838634,147.53239325942965,256.48089449463356,199.88192978973444
153.58343271751264,151.28122624357374,257.2566575141935,195.09092886050877
169.71067063679078,147.47253023168247,251.06327786704344,193.9531939311663
188.1972519004715,148.69319309825676,247.88930967561947,192.99477835426774
191.16299195049083,145.69137800514883,244.3283740091746,190.26989291548358
192.9348712487792,143.9065592900626,240.01581658447284,183.4446939198748
213.44956843866942,145.98126437912344,235.1781946656299,183.25713676909686
209.58312975952242,140.89123739134516,235.76623559814263,185.56774494387216
216.34766497885934,136.70311119160084,233.70585412431257,185.13442703086085
224.31536844537496,135.02246311734206,227.93121379284383,180.6663774762534
223.8640593286808,125.76765944212515,223.19131493638838,184.2600912719997
232.1487872416227,125.41964013534894,218.15780881753582,180.05763135039587
233.9561671392955,122.9795592956975,215.875019237034,180.5471069945425
233.51982416143815,120.92514748710805,213.15889904040495,178.4077616664089
230.9815882134793,113.77200313731839,212.7577098035101,178.77496345192571
241.24703414405886,114.837338848355,211.64478669235103,178.2756396861025
238.76061150176452,116.89787789002449,207.81331068787725,174.37709578245102
244.92886976390673,118.3632123383968,205.56614963234279,169.3437657528939
249.25915320772333,116.46335119110162,202.6320231743971,170.50811207092175
250.3122053554634,116.59934717319348,196.2582797187607,165.2540034075193
257.5864048522802,118.1465314576917,193.5004691040333,164.73995710414786
263.38151385402443,121.61200365571469,186.0798677997636,160.47594386044562
265.98782957787495,123.16649963886306,181.7667724848751,156.78064818321138
270.9073250834397,121.12282279282657,177.2211774698394,156.02474015653436
276.90460456800514,120.43585710183677,170.11113998508347,155.4308370658577
279.8849186675102,118.69714360357978,167.1490469423234,155.91564931627795
281.98401723435427,116.24210658346388,166.04966572660402,156.21048898150974
287.98431145395585,117.48765179865728,164.4318897874008,154.93320470346669
293.0873959572613,116.9102428134707,163.44593562453986,154.1601051933711
296.35782186825367,115.66139359532133,163.3416682752114,154.41927823904484
297.709945918837,118.78311746468219,166.2759089435761,151.96092571516687
299.25094918459166,117.41026835820838,166.2944883495667,151.38625039295823
307.70210208071467,112.82371606950349,166.60250970575814,153.52676219693052
316.60985989696576,112.8891180178424,166.63764104591223,153.28090703072144
325.42388124977595,117.92667046765655,166.4510045902918,154.76964490453065
332.0434166685325,112.30311774713815,162.68178238559136,160.24160386119246
333.977588817244,104.63173333165383,165.21962705301198,162.05837171559858
346.75345963600716,111.56217165830886,167.82950650923567,168.0373998474448
349.6472109029389,115.94614353659597,174.1298946003721,168.18962210649556
346.3709110519483,114.5198397310977,180.62646402891585,168.31414133858584
356.28888592708506,109.21229096126676,183.6847403528611,165.98026426887273
368.10783013716105,113.36944961743339,185.47232800692797,164.53160857763322
386.6773048010855,111.09737087937606,190.80292213611034,160.86556097562288
395.9233034206118,108.71902536469221,190.28614462362017,160.11663677061557
405.2147073469901,113.78796116018898,186.8915081575823,158.36267631243453
417.1131086349228,111.59625037696269,185.41526222234194,157.73187668748088
431.6010295871896,110.81429572782991,182.92178115765205,156.93879135684017
428.6047071055749,112.01969117145384,185.60174301541272,154.2651830867798
451.14106377147743,117.20828504353305,180.8755873007952,155.55285129965264
449.53104289576555,114.01205803948382,179.7560294428439,153.65068860853236
457.62111490943255,108.80603284255497,176.89644205613496,153.5488840219213
458.31115947117917,115.78300166970178,173.08245400686036,152.24161384809645
464.38896136850394,115.84366600029679,167.3431099778359,150.68168655409391
466.61335673012616,118.55101129350993,165.5815751139665,149.2268958700114
468.29771453845706,118.56644188860929,163.60623107933583,147.16124464075017
466.7528152463655,121.74671147006254,165.92582702680025,146.58757071221868
467.6324806258386,122.69274411421924,164.3908615022291,145.23688725984277
464.93134508052196,123.2173948538224,167.25187282723732,145.09115023376145
462.93090134586464,122.65859634213298,168.71546781608325,145.97711883917154
460.0815873144544,121.56048887590197,172.77865886718493,146.08806765835232
456.4727613082134,123.00990912782613,175.8916966218544,144.70296006466023
455.45888139727754,121.90975556292852,177.21645351403873,144.06293516320545
451.8498931795784,123.89632502457823,177.789410418187,141.02790659146854
450.5511944117445,123.32409205811103,176.29818490697969,138.95954293455918
451.05532028169176,124.53087586116968,172.74678131161647,136.52113401984815
447.69761783356125,124.16954372833173,169.86098991881505,134.2597284613053
448.931788632661,128.07513594429705,166.73951111358434,133.76372957624966
448.5671532750988,128.0997843023594,163.80185067636484,131.27546801637493
449.25586568281994,131.51675701421436,160.68980672029755,128.86242103016505
450.4300293640981,126.8950188355076,162.51170640852246,129.39849992664105
452.7540971023497,128.6540690597605,163.02568030701934,128.37942291563522
453.4172048312229,131.7972348428034,163.90271191958544,129.0240605878307
451.2415222677348,126.7401601496155,167.5688963824992,131.97762647811274
455.2629409737009,123.93785319981374,171.78002625572324,132.58370522146626
458.2966921053405,125.33509451407424,176.9157710627564,134.79471575700776
457.80043333114423,127.29728040955948,178.43843997833653,136.55290011838105
457.8217756365582,124.4822347172899,178.21509130500863,140.32282304588895
465.1097120152284,124.03471190264295,176.34570048126199,141.2405127181516
468.8903384824538,124.44288220323656,173.8052605350925,141.94315405055812
472.0654003851849,126.56595337883651,170.28899903431775,145.04497312513948
475.62227840636194,129.20646173454196,167.8642688708699,145.91428600357233
475.3832385169252,129.38837891599565,167.00769288802462,147.54715574222746
482.54787994774955,133.74119700144044,162.91455504590715,146.23281595805662
486.989914816193,136.71357018095287,159.43710151995776,146.610396259188
488.9178494062445,139.13512726591705,155.8710272617298,145.28174742129093
493.00344057709106,139.26000476844655,149.8455358380054,145.33600852951312
497.56742785799145,143.4422370986823,145.81765893245463,142.08586271669787
498.16859770061217,142.46743758062786,144.1958246183069,145.1235354832755
498.9307703952972,143.4032080935794,143.81222629924935,145.58439191830996
499.0396615399322,144.9185275055018,143.8933942052919,145.61143131712137
498.4441107922913,143.4103799202747,144.09371200916732,145.9858197492944
497.274447907505,143.24837991159944,145.5047540873337,146.98700482523864
494.7526887099166,145.42891872449584,147.8314145723544,145.1530268088208
490.46431728347517,146.37252392410747,151.25361640961214,142.29291601897256
487.3055206548376,146.52733598747696,153.6550109364185,140.51710536879608
484.42582519281524,144.28100511510803,156.45218262218202,140.58752590259647
483.0177941268581,144.03427576558272,158.3130445587837,139.99053050008456
480.00286937762746,143.9947341593306,161.63238380333888,138.57101752118257
474.9073452458618,141.6568925852811,164.21192083640142,140.7206386575628
472.47164917042136,140.121345340209,165.0929565419698,140.50596654614452
469.8489644296682,137.33161009010738,166.58588461722613,141.85020755416025
469.3369712683433,134.32857717809682,168.0076370531571,144.9947621477126
468.3836212537305,133.12605085028665,169.08212272691404,146.30667515489546
467.2787309212126,128.81908710896252,170.96396149741855,151.72046836019996
471.8747296805067,128.91631256387961,170.6317662249241,153.71009948161577
471.65321240419195,126.87182616397219,169.95126562130358,157.10290528924313
475.0391242803855,128.03125607949067,170.10381931032273,156.60301518476862
475.8686152899262,132.5540780504203,167.5416390490538,154.12811098900315
476.1430793416389,136.21611887953986,164.4305161214097,153.55940042451402
476.0509598180864,139.90374248554096,163.0874114185146,153.42432655235558
475.05460366320716,135.827881262113,163.37303144311693,161.038085132024
476.0105002820727,135.43291736000947,161.1758988499171,163.89478539716856
478.9524591180255,135.16893948547397,158.70329709598025,165.30299016967703
486.0961730461315,129.06257216592832,155.79465341945564,167.74540010173712
486.6241664046791,137.04517367201646,153.99281709298552,165.92985529268583
486.185514105724,136.5901630049977,153.82465049948945,166.2911705720359
487.4252934245247,138.02126584387292,155.1900015298569,167.50269536303537
483.0587718790097,143.07277599344204,157.77411883963677,167.55146949749093
477.5886967172,141.8149629743491,161.85135412419376,171.56898762552055
471.018395738784,139.88104232831398,166.61945852243196,176.9331668082158
466.4532813747926,140.8592743600787,170.3533859808835,180.70241075249888
460.6117767094014,142.14056699116082,176.0543396476035,180.72582402549082
453.52469373597285,144.7777330254873,182.505971414773,179.8816677380879
442.9417982969997,147.25867841584005,190.04590780053186,178.01309971128865
438.44173420709205,149.29799673931507,194.97035238659709,178.50312761511984
421.3640144954429,148.0631542802193,209.20702960286422,180.50320804112394
401.9978462457158,150.0089671865875,228.2061507702872,184.82026142760623
388.01969508155116,147.6834594987713,243.25779001267898,190.29256586573865
388.0784978495352,146.67975267464283,259.6109486368671,192.2441933811831
375.3892388982773,138.73789314446358,266.44582640266407,195.94779769544783
373.61301606922495,129.74446452801706,271.20646297873765,197.84182045568463
375.3396214448974,121.51059780106758,268.153703887549,201.69938545255235
372.63734992859224,110.9412383151934,267.28895981078426,204.96414202195695
72.16817055499163,132.65441420019022,228.03261640954798,178.57898898243204
67.1369363208992,141.85927923311152,204.06542179179536,165.60041126033943
76.22271345749368,151.527502902597,188.83417513579388,156.3862783744935
81.28170003892649,147.46924902730942,177.46443195339702,155.49985643756867
83.88976066405607,146.59764554641322,168.9335524023566,158.02858586029856
90.98925418554069,145.81394592522332,165.71478996876237,154.89920775892836
94.06171040396835,143.85488423938352,166.3989180592508,154.76337605248298
85.24506605849558,147.42002917985045,166.87314913300884,160.12509056608036
85.0798401273125,139.41528407945725,161.8804808781875,156.081419145773
91.04238228788424,141.2399202263635,158.73212995548153,156.7590511488355
101.0681443792447,139.19623994961574,160.43042266729185,159.30185603826854
87.4645722141487,141.6698499214794,162.60119004435884,158.73952378985373
85.52532050274132,143.31068478930797,159.07496934607985,159.95468022607156
84.24030448198555,142.69137660336202,157.7610902547789,159.87805001593222
86.92941521682367,141.9888002820473,157.9493360702589,161.49316359606166
84.23393647368326,142.61405118965692,157.93807187685223,159.80375797224866
89.09147004677808,138.1729506236402,159.17612973066258,162.61802697537587
86.15004105977144,143.227440315563,158.53378018514462,161.79493626340528
83.44167124448336,138.0864705948881,160.07533671025203,163.31643869303628
81.96786486912706,140.17397491319306,164.5258181133084,165.14356628689512
76.77566095238107,138.27813169819956,165.3999110053941,165.60529666219466
83.62654686330836,136.72556119098698,167.26881789447702,168.49046697349476
74.86192583055123,139.8388064518645,168.7499642568663,165.5178827017397
55.53962291179124,135.82219134781457,174.67392800454252,160.08279015593337
88.45156102900853,144.6494963798488,176.6434477662017,161.41011368561487
64.89547097677458,135.74464730406268,180.8559696675446,156.6706785364059
80.67261890925062,144.37670353736868,179.31650534556127,159.02247183151263
64.95995013055321,134.07240069157373,175.88680139904983,158.08304285513378
69.30488733515733,133.5974591288972,178.4955109742166,158.30526484767432
72.34376240348972,132.66543695402203,178.2887325172393,158.34332042789345
72.743251325887,134.3472574495405,180.1220178560385,154.038395257169
67.90730979851512,139.01567085425322,178.94905227796977,150.49398788133732
75.2042580969628,141.4145830703585,180.3049847826369,148.16881969912671
89.13051265763497,136.88571991580397,177.80159675504257,150.39091368401702
69.2370609447635,140.49821663609288,175.593749204223,147.77822493093925
75.98468589018536,140.29249693081522,174.49711991884803,149.85690066961956
87.19438189436349,139.64227342377797,172.35354578158552,152.99914455869404
70.36114330950369,141.37973516394382,172.27228125208637,151.9150291838311
74.66899671828567,145.93603575492804,172.70399875092866,155.19305300186267
72.92975652715904,141.08149007477562,176.03629993396316,153.2519978777925
95.39328917456314,139.30226623421967,182.75913698290498,156.18294311749816
61.41132950066519,139.04180461244002,180.69546844007587,154.63184487668246
75.20800834322493,144.61735259099777,177.59649552058139,157.54495790394196
87.42536597106559,143.07310556405218,185.41104784302507,154.17684795392688
69.3620802428382,143.20230784642897,179.49843472916734,153.74107522511082
68.14892729931702,143.23466773594515,176.32738954199095,155.43746384451595
74.47238268259011,142.27606844874472,178.45220729106978,154.2998528486043
83.0252887831918,142.77410256504822,181.6040855195539,151.72016645193477
63.635404422324186,144.53593477171233,178.70782885066413,152.22122127688783
72.07090894706172,146.69070589283868,181.2427646254078,152.00506282369764
85.5626033437736,144.6679265693782,186.6832649921403,151.5067982284311
65.08682834615163,144.6145576862546,186.03160453816548,151.51252281108455
71.00227047949343,142.5282525961309,182.15531011523188,155.65022088195695
84.92370982872887,140.642543068337,187.34960182691725,153.71814872660724
69.38149971832479,142.13313375083516,184.57837019225667,155.55782917801722
75.03661088495774,138.8092772568439,187.24556485117827,152.97440202928095
76.0381456103857,145.8371185212208,184.73395047844735,153.08375856302717
76.45237797502318,140.9052628356095,181.57082998745364,151.25996993424974
82.65349756728791,139.46084697005898,182.11024119354917,151.63787637238204
75.75155346726231,143.42035510825178,182.94727148344413,153.2047609749027
66.12875823295991,141.4932772488509,183.23168031142393,152.58009589292323
76.43469060413375,145.72300876210932,179.89764760032625,157.62215874531262
72.17847092131655,149.68497900830502,172.0013345245544,151.5884770419837
74.71462509514527,141.6148453702619,177.23237090345947,157.0547941227575
70.45330182211566,136.70319253506898,176.50367467608118,157.0529655157995
83.59852086056112,143.09926265107526,173.215372829659,162.20925057675575
73.09621207040709,140.66215414241574,176.58040300762332,160.074739566731
64.50544475327807,139.6408858112839,178.0323844192251,163.76589683446346
87.92698660805573,137.59418796899232,182.8797303971698,168.87766410107787
68.99764696937197,133.76131017523235,190.3444887760998,165.9525993760978
82.17560068997976,139.17895163384776,190.80828348332173,163.883673880742
77.28701750686066,130.62390332328087,195.03186098237242,169.707210443282
71.9640632919357,130.10703658479935,198.53726648253485,170.26340485774506
73.9371184106889,135.9096607224023,194.15084862784096,168.29298324269544
82.5751525213654,134.9287390457859,192.29738782836296,166.8397875334282
79.94085674694503,134.9836715244998,191.86682166235994,165.06195382600038
81.78265642210928,135.10708225619922,193.41295864015643,164.7649004290078
82.6865332095903,133.73255947232477,193.8930468620694,165.13900703191297
89.90039143832195,129.21126627143087,192.0082991546061,162.88429118760698
81.99438540486219,139.44521800502048,188.62768426840063,161.1848203376153
86.50593609786578,125.73016549760868,191.71694860504968,167.0020103133764
81.66809568114368,144.99439115163477,185.18871098146263,158.42784367329298
104.24879563015574,120.03432471699588,190.50033354437602,164.99324021444573
79.75814187655321,131.919003322911,182.24751019220608,157.36658319792795
87.71954764864338,127.13864913573636,179.09288712458823,154.16947907227728
75.77702342726775,132.86148222960313,177.07943703218325,155.8092010681375
85.72268473116532,120.40512537591957,175.72449137751312,157.71361399425462
101.46569545724412,113.58865642678688,188.4960382847305,162.78167152142623
84.56954950380401,130.07107239091692,186.57232677364198,158.8918518001974
93.58382772862888,122.00738424089818,187.646980773211,162.40735065882865
87.46338202496712,123.7080618835474,184.53862901647202,161.2682024047802
121.18731932488473,99.52687567333984,188.72826662366805,165.55153429785156
83.15606243333275,128.099519773868,189.263436656772,160.0515708038265
122.86867391390413,99.08974575508276,199.51564289484799,167.67188788436573
94.1651266112884,113.07473476790753,198.80823554695445,161.7070368118412
105.65940352087213,125.6973541141842,196.64292391528699,163.2404236075691
84.60909996805172,134.80945400660767,194.3959968412403,162.58781806100345
100.19653993661822,114.57621407070607,200.85362422832605,166.63614607733786
95.33513605019121,115.85649082603348,201.55702282149258,164.44839530105804
101.55951501069458,111.52513216962396,202.66099927548584,163.72305109043958
84.41918456432063,134.5547138587766,199.0285131955775,161.94641945041556
98.63927254678268,112.45640750220387,209.6244700431534,169.569789976061
84.87244902691145,122.53143746772449,206.58817079383334,166.16521344345728
86.93072149347714,130.58475279201159,201.46839099742073,171.18474246285183
91.96008556897351,115.92317100394277,205.45226538549048,174.7851887538332
76.24555068999342,125.01295393692975,200.00157440126316,170.73501741910925
79.73423323328234,126.69152411703305,202.70523958812282,172.35407334796514
81.0405962285547,130.13634259304445,197.3133387928906,169.38472448187986
89.39646180444008,114.6850430901447,203.87589963330734,174.47848559705434
82.19281476491773,128.43249646217387,198.8015652943833,170.2068454545585
79.48841262349961,137.11426102771964,192.79972504596952,166.1085140773732
87.4794710272813,129.18193885552867,197.9319270860624,167.15894943738016
85.0069418552576,127.63454935738008,195.8727129691723,164.4700980625836
84.60527787915856,138.5711459735022,193.75807217137037,162.51908500612058
84.44563283201273,133.1969287864478,195.15103169925578,164.6040061966356
88.33401380324854,129.66720413828827,196.78766087006542,164.9268832273297
86.91720053352708,125.80970522369705,195.68659502669584,161.7747545916684
84.02419004608731,136.7477582247483,193.18819217345037,162.85036978097213
88.54680465866494,129.3539434065869,195.99995757720137,165.0770252962012
84.89765243364519,132.77262843369064,195.85124054286587,165.09695504668122
89.48013756367368,130.81214341040663,195.7600007515589,164.64420683153048
91.67608472624661,121.79658236743678,198.49866062563177,164.96530694481393
80.89463092160489,128.63368499215855,192.98747155522773,160.13735413677665
87.7469454749712,131.46234004862205,191.1532037766201,161.8053003715059
91.68199483332899,119.49508811527647,194.55941121224828,163.19793412100955
98.51350248966052,121.56131268299725,193.0240814464602,159.93859289572424
113.96991665180681,106.19053932369339,193.82573066123012,160.73812301276948
104.43338602904436,121.78449711292501,190.2445560669113,157.73099356711873
93.70528172097741,128.50502666949973,189.58614065960768,156.9566825008443
103.10675771830537,110.6269392575881,185.668747746983,159.2025423832613
90.60401937205859,126.39834049208137,186.62167316994532,155.942271652556
106.85124367160208,105.92468519681583,180.88100875054585,158.6433664227746
84.27111301433837,124.82049157664929,180.2925518033545,156.31617016701392
79.03618138811495,118.95386711237927,181.19137013392634,158.80735366586646
79.66344186613301,133.83758576207515,178.35060650210897,159.1616204680372
78.78390464447631,133.3188262555884,180.55737381651613,156.41727912944822
79.16418936344532,130.33646107519922,179.86925310904687,157.28075216600783
82.50937383140484,119.03048355822153,182.65660634109656,160.81525358668193
76.50235729365156,119.78302763813907,185.7322238892594,161.29441835653435
80.61376743442638,116.95594776625211,188.571720502241,161.88717673312078
83.36571498309945,118.56308780574633,189.7285309713011,161.45457390022608
86.66243426275823,114.87627875892295,195.35518518542105,163.58258652512285
71.1975895460012,113.91842256359251,197.3161246189351,165.91669491187747
78.39847328507156,116.89534965500832,194.36418624235688,170.47748916654587
72.98429444335471,104.2690571605501,207.53989500000932,178.2693807960873
84.91781307268286,117.20097310141762,207.17499397182178,178.30099569169602
86.15880434239463,120.14933135032996,216.643633990992,179.14738222121508
88.01480946176086,104.57374593538692,230.72727804913453,182.9007869378199
96.53758584007818,106.9979265997614,230.21865156203114,181.16595099969595
115.7450694201785,111.86065576322214,228.9418679955805,183.44622997746197
84.94450973654105,115.57524648770118,219.98970367144915,176.49709003241014
71.31400679201535,111.26059555726269,221.3102188378443,175.65764189328712
92.2232525527077,117.90334486776823,220.9065222383346,175.17927217852605
82.77123568331703,115.39834770525616,219.98438410211594,174.27660781214394
103.34272701974491,115.61843232040722,223.50534185894767,176.9410528396543
108.18677892916047,113.00064348805434,225.8727189971478,176.43017054342258
119.3514633644981,106.91082674170647,228.40931692334755,175.87878596971206
102.79989946315592,120.4972772180292,219.79265712837565,167.33509644284786
247.51207834008582,95.23841054052497,239.92481792920336,178.88426290332507
276.46475765326113,109.95904629190917,245.05913215441524,184.38268866618165
284.9644077991088,114.0098467464627,242.70631623771988,183.6625574836371
282.7534257824113,109.88838624702211,243.40037499767743,189.55654049423703
286.4554077015784,110.68874296061892,246.5469482687182,196.0434735514184
274.15189495680164,112.74759935932897,257.1321231723342,206.38456202352955
285.64850724176074,110.63722918441218,253.18070768444724,208.9043136038319
279.2697029441481,118.59897359652854,257.7101668656101,206.84038288506792
272.19835098905844,121.44523803851425,263.2004049554769,210.82955566125275
275.68287456702444,124.52007823660927,263.5917093620448,214.64703835100022
269.4088407046836,125.86287336337773,262.64392747735155,214.6690896990258
270.27884717919926,128.6082948868395,263.3583212666014,215.9558955778835
271.54439391265095,132.36223331510877,264.55470582704186,214.53853385806374
266.6089814034909,135.03491284168,269.98162215395575,212.83923193382748
261.22718446711286,138.45686026476102,273.0066906360868,213.26572282985296
251.84551079041518,143.23350288854715,279.9794496105759,211.86496443774945
247.97267351342958,145.88400955407508,280.51412562939083,212.07573089184984
245.98107142613367,151.67868383326856,279.76869210867017,209.91411670846287
245.6101368069533,151.3171274226821,277.14538800718714,208.89754447104207
242.35586079503852,155.0803511546877,275.09565145679795,206.95758382343712
243.18302158465946,155.39218615727617,276.88450614708734,206.6717434081039
241.7526275089468,156.59056376215352,277.7100770133564,207.43813517100546
245.33241813698677,156.52057085770792,278.6296583549327,207.93566492520915
242.65305626731487,156.92603403891655,280.4478547505265,207.88902078935436
241.69769745155452,155.6915320887981,286.31615294845346,207.65624246302878
248.649646014622,153.91864237798265,286.90731197466226,208.53472452137845
258.3500822580496,149.46411066647994,284.40499905811953,212.33606089360262
267.25005329421657,143.85294117196784,281.4411165560981,214.31157371075182
273.7398370266071,136.3044219109181,283.33020143506695,219.29594133441378
292.78626808048165,129.67847947060858,287.93936569450545,222.0348257267516
286.689323931916,118.96276073115425,296.33546346429296,228.460098654879
293.3623242855955,107.1985261740148,300.337851428809,235.7928890582204
305.1098180754053,107.0431997410387,301.38131599762687,236.4450946585476
317.5771849326819,101.44470024047911,297.5397219315111,240.69397354247928
333.66397216311356,103.00792698287766,299.5300879003354,241.83241263580717
340.11276900195486,101.77602575410235,301.1987784023403,235.5117912652328
331.30230904108527,95.80581961902637,308.95483016001697,226.69072892600977
339.66102292072117,98.12459784089339,307.81870122887017,229.26435412290073
262.38760758002456,105.49111666933534,298.81566618760706,222.68781060664182
307.91114864214046,93.59582046059572,295.11453132900033,210.71521943037106
355.9245836260918,101.95943788185932,294.3304592126601,209.85505001753137
61.34314990511237,132.248014184985,253.442301263994,182.25397163002998
60.97211777426497,138.03797774922202,220.0902493147513,170.89279450155595
76.2424766630079,143.79121181683493,193.0154128849217,163.69138007726764
78.24731712330703,143.82114934919645,177.92345657369845,161.5392198562946
80.3796866896785,145.55602897448603,171.3608658784555,162.53753921899673
83.18164875683193,147.06829919972844,169.35447592383613,164.02166576069936
90.95967930263119,137.86862938706707,164.89613211739388,159.03190626492838
92.60144288613833,144.7430684829332,165.73571286053584,159.81378979194608
96.8326033207419,141.29658522212299,165.35231044835996,161.92990084481656
97.77713760007373,143.61636864148304,164.46391327641504,160.89030959203393
86.78837062480466,147.89247560043162,163.6456708597657,161.39461422882428
93.54396285819139,142.33574259879893,162.61312408830472,161.7550895094334
99.47184814685056,141.95685074221683,162.24416991723638,161.97851042962887
87.82450290308921,142.37763733036968,162.90269097116533,161.74423705801064
88.99077500360642,146.5333352104338,163.97981473888092,161.4717206924137
89.36946900680961,141.64835557119574,160.92359860747453,159.20554715838978
97.41518058982942,143.27066543489298,160.48287124221616,162.40538543880777
89.0075746383843,142.032850074755,163.60246546932515,165.33713188174
85.57908274618204,144.61321839223916,160.41849466388592,162.92432005145918
89.03169374291062,140.76091900079524,160.984525111835,163.57893104137827
83.9632041464833,144.60245747725673,159.2536454179709,162.07700643220528
86.855405116894,144.10399234635673,160.96625275449324,161.3608629635365
86.693777468446,137.91713464383918,163.9153015084205,161.21651196232168
92.10083907005954,135.62689855526065,162.87803377394343,164.6761345301037
85.61417622849444,140.1287890761514,163.67466267972986,165.15337155472847
72.75507047508896,137.92243056110325,164.63896793654084,163.02250948326224
86.81623044504403,136.43258932909873,172.36558598491195,169.68877641992754
76.82774550461016,134.8854018895635,180.83462129546717,169.64185491227926
73.99995914772599,137.27426503481314,180.03426139204802,169.90136006709247
79.19653606441734,141.35386841421874,182.5576114649153,173.09371580828127
84.32785794326443,136.29856180850328,182.74076848847113,178.0104203283059
86.81690900756277,134.5431173306042,188.4261795434682,181.56684151066662
208.41087548944313,128.01720700605935,221.450038571895,193.7801611831938
178.2221994996909,128.62539345211817,242.1232279537432,201.76276290045115
148.2986990351667,122.82236151368913,260.23872253513537,206.38335314449674
125.59408317674368,129.0866979078027,280.36823013088764,202.09045916486338
104.73639191079985,128.4836778033059,267.8810980143378,200.67156040901318
96.71014243906541,128.01339322023762,259.03082596171294,198.89325750483727
94.50628274222555,129.77720530264156,254.0584794374239,196.92355570331063
85.54342224935435,132.75300134056516,246.32129759113505,193.15982983840092
83.18747422174934,130.82766213041185,233.29784208384507,192.7923075751138
78.87120048403628,131.9417599822679,223.5993348717712,188.5373784729642
76.68286099624905,134.20755375268288,215.68206853484565,182.5657274555717
72.4828612985715,136.25539177414558,210.803808652857,178.1566358853026
70.91169924909904,137.78083610547085,207.5525780643019,176.59097671483954
66.57399029013588,137.22620482062905,206.6426077986345,176.24076662827315
67.2618200621549,138.6192500567294,202.79343751240896,174.67489099982245
67.11173649444835,139.47643045523435,199.88462027282205,174.19246379656255
67.78369697970439,139.0184304124303,197.21019393121622,174.41302931185814
68.04441189038666,139.54484655466115,196.5690131332892,174.4012736875527
68.90106986067873,140.59425290076274,195.23350480989254,174.50460943284955
71.99417022984463,140.46059618647564,194.1986102239045,174.75641993173622
72.7208896024965,141.48156778148416,192.8061455996945,173.3994743003129
76.03781570551529,142.6741691349983,192.00615569834443,172.64433751125338
75.07849666742567,139.81811613753882,191.8169446534299,172.85424624054735
77.27967328478198,142.51528704741753,189.67307530543604,170.74091028016497
77.0717262943713,139.36344808659499,189.10550981360115,170.93130695181006
76.52530578584313,138.84141785871876,188.68156616268874,171.36666379428124
75.75082808572093,137.35574040158613,188.54607332074565,170.78064566167149
74.49582108625717,137.3231615330895,189.54119474154817,171.47623552757102
73.38080712669509,135.39013233024795,190.59055859817232,170.85102196059785
73.18621539743387,137.27029778237767,191.34509850200726,170.83745619305714
72.52404274085163,137.0732924963658,192.88343307298425,170.36372994867463
74.03206246001639,137.85252282951663,195.33010115418597,171.65518383315424
75.50522731351305,138.82585036217216,198.3049750604739,171.59604097487443
78.21356775678181,137.6387667351375,200.05223460362387,172.98290354144376
79.7774652387235,136.84486966017369,201.990723819428,174.6606024765276
85.85115483584067,136.99827030471465,201.38387196894365,176.48099845307073
91.31234660882367,137.09888954086205,205.6171891065714,180.48483810577588
93.60614516063245,129.50784173785317,214.41533419045385,187.3761011922624
94.67054955384845,127.05860707850984,222.2876850719906,190.29819111641783
94.66993589002227,131.94817383755768,234.6882654269867,190.1652367975409
98.3070747830125,128.95936900866104,241.608018402725,195.62984596705292
102.14689198553788,122.54957308537868,250.00760763048675,202.50058527455514
103.12991382154101,124.97493747348682,253.98254296238673,204.85029595146386
116.23811716750893,124.25992374600006,270.41292582123214,210.21995963690614
133.7749412366995,123.24014481242841,273.95030063206974,218.05559904701818
150.1673348518337,127.89614653526212,277.9699567611764,219.3807415974445
152.32970698034106,137.15757111149838,269.71991953541163,206.6710027965345
158.79162293064365,144.80816203353805,247.73639525199394,198.57111489776764
187.15975416268827,144.72330878942196,227.0785019285297,194.18851425709357
237.65343871681966,156.02841094458546,212.7693554765169,191.58667176317286
252.00370876562678,156.34806933185837,208.44875922655893,189.2193886800333
262.1068834776258,159.4730006840541,207.73197279084218,187.88004843657927
281.17600320301483,159.90248200328944,203.35398724631403,188.26492124732738
286.30616399729433,154.60023512487464,200.99900013041133,183.616241176032
300.96739665435933,156.05463854449488,195.86256997253133,180.60611597741647
302.82554239618224,151.16632292711142,197.03434001232304,173.58202699733965
301.26060424800517,151.73110056248166,198.99112060555217,169.66475200003669
302.17200608705286,148.90014981816935,202.18449124386296,167.7255792699113
305.8151300268189,146.2458312491713,203.92888301276838,163.29721689618867
306.01660967213843,144.2230131311106,208.90403651509808,160.94465977293504
302.1894493971937,142.87623272912174,211.9918897798314,159.61203649488152
306.1174036308556,137.3501735878129,214.50408433985126,162.04812694546794
312.9527725906213,135.5121011340869,211.89609056094486,160.80502136463875
319.91149378548334,137.96509316698695,209.11225412825206,159.08397382227608
317.72369608674705,131.7682221278607,210.72881632259967,160.30114119349736
322.8977102561298,132.10204009994368,211.88499940961532,161.02223815948767
341.4308047283778,132.5448760965612,206.65114689090072,162.20108032640886
350.89995052459153,131.82176167573164,203.809229810192,161.04397664853676
355.5575141310202,124.66370748775458,203.89351665983457,169.0023579737096
357.7793903632501,118.39705771672728,202.39550394146852,175.8255745079517
368.3183115065625,126.67471526937804,205.25137747515626,183.45525696124392
369.16345712288495,126.03403659949966,208.75713116438635,187.12797172287569
375.98376090555826,129.43509396804978,213.7299879545085,188.89897710296293
383.53447122416395,133.527950337078,223.42623577432838,187.79291524381273
395.2024935221675,136.81203508361352,222.91843824863372,189.84266567261673
384.44560872037846,131.0842958170448,222.5964534576806,197.63066373700414
391.7214614890728,133.05919377341436,229.51868590857322,197.61647573442127
403.3144622593255,129.30710076583975,229.38572391884895,199.761652960508
392.9065736487045,131.29619277266124,231.15206266352845,202.90669892733376
409.41891090904096,132.10251868848204,242.7777787678556,197.99021408787968
390.7772899051831,133.37220454240617,239.6014260490088,200.55039071987517
400.88912603542883,137.57029321109084,244.4038768353923,196.80539746453707
384.75432816404816,137.86647979076366,240.15363615237248,198.02955262550392
388.33557567872924,139.4934401291056,244.33452491207282,197.62035851132003
379.13565446260804,139.7577494760436,249.94005582087766,196.21814362603777
367.15941190731996,140.75276663176382,251.99776554082882,197.52620501772236
359.45230948495305,137.64898355469938,252.98136735821896,198.61212810544498
353.9628654502774,132.12986324614357,249.1443984939765,199.3146753631816
347.59219982392165,132.33791318785438,245.2747678326254,200.83009403444748
350.41609218311527,130.76290841355654,235.58218330955071,202.11010846585566
353.4230218313212,131.76669109626954,226.22280399360756,199.9018595066797
351.4853500861958,136.73224386232556,217.11151418307713,191.08788043941135
343.08034480850046,140.4940947811658,212.15950081268662,187.23367323063715
337.2959655325611,141.23486735128736,201.94621590753405,173.80828043414402
336.6998118625798,152.41776905722287,186.62887969280916,173.299654756648
343.79729404250253,156.48708121657867,179.98512382905744,162.13032975434265
346.9504204827693,157.96599407782645,169.47721079227392,165.15217932481585
348.78124174886983,164.3560658789195,157.12349062335406,165.16756794919223
344.048765699107,152.89560557601226,147.9400052228798,175.24357888703798
356.3184314382904,159.84363419358678,134.3013085101379,179.22447477688894
364.41841661806876,138.43216433699672,118.73262477167502,192.3228661502253
372.3536974432525,153.70721477901182,119.42010755490122,192.7277213208826
365.1463539072979,149.65244506196848,114.17231904087295,193.11857179012554
367.6733672115304,148.96300500572426,114.71863422928298,192.43489086745774
366.64833227872003,137.73230850752427,108.89382616521615,201.81333708651397
374.54460244021243,144.32143575113713,98.49935713129383,212.88032185710074
373.65115386379307,141.63900179129843,98.34558045600764,217.53132258927815
371.9926774449642,148.44272490671136,98.40923739522779,220.73393495220228
366.4422897008998,151.4720712226215,101.12439276616915,223.29505433210073
363.85614064380434,157.21049974573828,113.41247457176628,219.1742763874297
363.0150269266761,158.9155229094415,123.91257309977283,218.90534334127324
361.32625181669897,163.8961569164959,134.74892458925834,216.13175843263323
343.2221289733726,157.19156863665515,138.1406419555986,215.80466790247095
341.9409458951818,162.23291290111413,147.40503447916757,209.14623474464673
346.14924753857713,160.3665986944073,154.38320658300205,205.89497643931043
343.9542983806068,165.64123885586505,162.34775089503637,202.9770437726449
266.42580610330083,149.0397839346557,173.77711093792965,198.11897949396982
91.88248104675014,135.1651718744571,173.0874548986872,179.38883349717955
97.02776391276709,142.7172071165062,169.90632520180958,171.74655500526887
100.78695403745833,141.15882529554625,171.6928765930521,167.52512284640753
81.56805986120399,145.90366709307767,166.05186855884202,161.82706522790716
91.77758427949146,141.98411412507667,168.04718739804832,164.1475554412529
83.50160689638541,147.23860235159913,165.77138337519793,161.31185779680175
89.35333673765895,146.54317967683838,166.47722545046335,161.50726857601074
94.50820833874278,135.24007026280555,163.1617449436082,157.4853746111077
90.45492767795695,140.64544063786056,164.22191954642986,156.60487067740388
98.35702805653075,142.18759431031634,165.53002347678225,158.5035955590548
84.54952631584554,148.28297585753745,168.68671396987142,158.74392377320635
91.30197629519846,136.18613264234554,164.14635258538434,155.40422397312142
91.14218554826122,136.3532662499785,162.11870507535255,153.69977853519927
87.49984078317983,142.09300224172915,164.40687360942158,155.2374574306042
95.32162309280011,143.95001038436305,165.22626065033728,157.8698156570551
90.44429271970957,140.76784324150503,168.53640235354962,160.59498978652118
87.88157104301038,141.91867005737424,168.27128174210424,161.4241344946265
86.79922806864843,140.30499696763388,167.9245541166094,160.89665889676346
90.17129700590633,143.86649305831241,166.90557493349985,160.26188693025017
87.23615885370978,141.49215036320635,165.74008463633044,160.65614116811855
89.53433981567574,143.11118508572022,163.80900591552353,158.63419721137205
89.24858714119708,145.1778632410343,162.84559915510584,156.3162095530877
89.94360715253681,145.1639274732077,163.31884038242637,156.38894192858461
91.09894919696492,143.619137322778,162.5416645943514,155.46515553022525
88.10743486480904,146.03418170654334,161.77322841491318,157.3095662744133
89.99938159932461,134.42206120513197,166.48768699666329,159.87200307801731
87.77113843771393,140.59981002518896,165.82576511675964,159.95022125821583
87.90879315146972,146.66561593269932,165.49906408768555,159.69855329085135
89.03974951756891,139.481718534064,166.05825731251844,157.47412396702825
86.43207327714418,141.2545635763994,164.09233537930538,158.32436894095122
91.50564860954023,137.89360515387727,163.3712101051383,158.65004555162048
96.19338404488542,139.89319890054247,163.59382273054166,158.34580434735255
91.17884337361076,142.91006732960858,166.30851198324723,160.33410118062662
91.81481811116082,136.71136024782408,166.73340088705336,160.44019454341438
90.11708936432225,144.1446178754727,166.7121103338555,160.30970223733587
87.50093317071766,142.8404927557389,166.58889293590843,159.5430135119597
83.20709641672502,147.59259079138937,164.64281400248746,159.05358794847126
86.7444541541719,146.50139309477765,165.7082352463437,159.04927679872594
90.32677335655215,146.281966872722,166.64912662673945,159.31430111783726
83.71310382170942,149.7536989779892,166.45147790345615,160.19731395808412
89.66315315103687,147.70676995682234,166.66759018230127,161.30453869963657
88.50356786594351,144.3888575174829,165.40826954155048,159.45702617597166
84.69928701135268,148.01807174389702,168.4454811530759,162.4478042661122
89.70548321250615,146.3621596663158,167.6996292781127,162.1238251986184
86.20269142982207,142.73312853922383,165.19941450363712,160.1102199723336
81.46114302547426,149.6006552324068,164.23841951545774,158.70445125393638
92.2414659278343,144.2184480391781,164.1625759568314,161.06560636305002
87.92531298443774,146.3366022228907,163.04683496862452,162.30775258546862
87.85652506567968,141.50531202064994,163.32601236864065,162.79479588057512
84.03635036000608,146.57031724729688,160.11009957295659,160.79619411868745
87.32175532846895,145.01478846788893,163.97923104228084,161.83645089625335
90.24475874364876,144.9727498967083,162.31571932910873,159.60406075345838
89.49498030786326,145.80511364675294,163.13937288036723,158.36059790180664
91.4583428990089,143.36011759530783,163.01196410432595,159.00016275860312
95.00221019421235,141.68755658609774,161.51749123266904,159.6760953238983
85.95964649779916,142.90249601366523,164.1710390356517,162.13372867579454
84.30846579697653,146.16474606073217,161.81519731229693,160.6341309254107
88.66761680206199,142.2281139937133,161.04690750915728,161.6112768953859
87.42896843887866,141.34438143275332,157.5070533566177,159.27998713449335
92.11318806762509,141.6452227926065,156.12292806396857,162.42897580150577
85.1408531614776,145.08888294307195,156.9713454348573,161.1989430982311
90.05705773819096,148.6979832675037,157.71620678924307,162.3436574884301
92.35099212962677,139.93593816521746,160.1115533384027,159.18720570081507
85.97065582455991,144.88743478206374,160.94620055791142,161.3151572913413
88.72824221608795,143.34322617047224,162.18066156391785,161.08552031530553
84.61144611254139,143.62841211381587,160.65625816554223,159.4900629793995
89.34840556232047,144.9943089814705,163.04830606285907,163.64926045502776
86.36208360470546,143.2702306800968,163.07148708746408,160.2262622726189
85.99751820856959,142.73913973540851,161.40810078989207,158.966544747933
86.00499320476311,146.22173227769434,163.81203507484878,161.24977274929878
89.36032033267762,140.4619457995716,161.75189351433227,159.37377685788806
93.8583300873005,146.63376639243026,161.86836179805525,161.10642961748323
90.70374879644727,143.26138926612327,161.5845068016367,160.57524392869095
84.6055083194668,143.53627621051686,160.77451802903516,160.34126593834128
84.79306136424483,145.99549727399614,164.26983430276033,162.197054768414
88.30851900364107,142.55316721324408,163.58480525443662,162.01146342507434
89.01644284971647,144.55756094308822,164.6049927185358,161.93260760601103
88.53225374572473,144.95094280305466,163.8267888952693,160.68515052670315
83.90442034790524,144.5394198935552,161.3449678979395,158.67714165820215
83.30844593241024,147.62560290470398,165.52849387736703,162.02748071402954
91.17677647643809,144.77951909129072,164.24514089478006,160.9009837900748
85.27698686927141,146.65966422966537,162.47379725755093,159.00702652113802
85.8566280431503,143.0162492437024,165.30145338635566,161.34952055556397
82.52743158211484,148.058213276642,162.9916456248328,158.94930830999726
86.40689391045596,149.433114577798,165.30156862440057,161.88615121549776
92.7357699406913,142.99553959076238,160.7395196889299,157.016916423944
91.98957262957364,146.24400203061117,158.6882131392902,158.66488900518394
88.66684226418994,142.23267003938054,158.51641312787012,158.2313762298327
96.01126636952188,139.13875317662732,159.15410300314375,159.83907079518286
89.79604375517411,139.67367941316905,164.93373036074553,163.65471636897436
86.15646810433532,137.44539699927202,165.00194416242311,164.51917914598718
88.43110155591052,140.66772403869942,164.00852442724147,164.59649772338244
78.99794253889556,135.9510394523316,168.99679070345888,163.41444941564927
88.5574931246456,128.46184594183603,176.84039705149004,168.64942823351544
76.58769163976181,130.93486365273782,181.16970949391387,163.0390251359306
76.1938524823985,133.78239639157513,178.08818614848425,157.75088104497473
99.85206512445433,132.29022171465132,187.1482257081226,154.11975188319735
82.44527934459032,132.7948116490781,189.36530068581936,151.8898688893438
86.04665393209794,126.52656876013769,191.19599877642912,154.83535124925587
104.42581013512367,132.5950777405448,195.22491781569016,151.49069168687913
83.5490750470066,129.02412971664836,198.8648626012993,152.89143783232828
112.65828115962637,135.34665962072557,200.36031756355976,153.53544052417385
95.93126633629606,135.94787735996562,200.23439115553288,155.64782438163124
92.02731876741115,129.5980689373938,199.16331900814646,156.12655499630617
76.85519155206315,144.13254126065655,200.0126393568112,157.13695605290565
97.71508212814778,131.61284760032407,203.21754082182943,157.57752745560185
69.2983730224681,146.6826888993994,202.45043413084505,158.89487610745118
89.40913706528482,139.69741007217584,207.3630613186491,160.23841960174207
74.07430677866219,139.90018653505223,203.07691134501937,159.62247849239554
96.69918277813895,142.8221458862282,208.47205680700336,164.40966330566857
71.76979145903042,139.29928115312805,206.11520223818917,163.84357636561893
86.01073918453255,149.11452249654639,208.89301137702864,168.26234904987595
84.80161070762377,144.65547383670446,209.68016481522122,168.76620076409108
85.32247267313271,141.8054218392503,209.55604342326583,168.40703962228065
78.60000852189893,142.1510749898267,206.2070264132334,168.1983383015966
81.66769263661246,147.65689608320608,202.68725876974383,169.2830706265566
81.22403957948043,141.20154016042642,203.27378363400788,167.53960766742838
84.58685598164914,145.39601421633583,204.30700092732673,169.14718055170334
90.6565250394051,144.81978580769214,203.6185905461898,168.23323111899072
74.9241030445267,143.34850608593118,200.53662057110284,165.31055618751265
94.16361422219188,138.82688971340394,206.58402643842874,165.03152330756714
80.19254991060876,149.2634406761362,204.22274929987623,164.9473007766338
89.06485810167715,135.94471054064152,204.3690630935207,168.85935821559195
121.54733116178093,133.09903722389586,201.61017166081314,173.11454762252077
128.58637020188092,126.67116204597767,208.34666877592562,170.92098157210717
115.78623741685088,127.64284213475692,209.209446553017,168.5348113359549
233.47884772082904,124.31891665615795,222.82733873802943,169.5854332892466
212.2855829134735,131.26552115963642,230.54327509102174,177.30294205572716
207.6352330929915,133.67525598230264,235.11185803276697,174.34522778148846
207.61323780223947,136.70645233313303,236.08693992286481,175.6945172087339
206.98071144235092,135.87126973183354,230.9465971348294,180.5186910050829
206.15090736106004,138.7649909516532,231.43976242631746,180.5057846982561
203.80812187741105,140.85874653477654,229.04855116705286,183.7740840788844
196.03667401484174,140.73349491280084,231.93306066172278,188.28655021346083
181.29023288150728,143.86548423208245,240.3385405846417,187.76164628192882
177.87552452696107,147.3571618770156,248.7161750671716,190.10812497643752
163.95841335294196,148.09272063245967,256.8756537628661,190.25096010226815
162.5180066512517,149.06599927727925,264.67291003734033,195.05495212903526
153.869582728092,151.12078393309434,267.8015449930347,198.05121777834253
153.1929700713082,154.80477306777382,270.4984592714461,200.8807492746086
149.9106364237174,155.13727538598147,271.8607339885027,201.69883789991206
136.8368703496852,157.0775286109755,271.39651076547335,203.36227676242402
130.6450888405897,160.96041710755398,272.70304741647686,205.99628004270454
126.7635853467684,156.95467147230067,272.14183565411946,209.8706253171174
119.90898881692641,155.45764363410933,267.72688320599093,212.40636800521884
106.0758759661858,150.48359027108046,273.41593605590964,217.05369348127655
101.70149968144432,151.6300523447512,270.13667348867386,215.78249784956012
96.70709994353774,152.0587203514356,260.77165216370577,214.54863595728506
84.95848847734436,147.47623824056362,261.58576962734253,213.10300447590402
82.94998676346796,148.34188333742,257.6156514730641,209.98420207516
79.82558656174561,153.8881542632122,250.76227902494628,205.68987799701313
74.84820094378975,153.0841833743314,242.53949899132675,206.37838618102472
73.36700144750678,155.37093025111182,232.4054624370177,202.58132065012012
71.55860983930043,157.35367048278414,226.19222856358664,201.00152133911922
68.18569371856908,157.95288350847375,224.20582203551808,199.71929401820876
67.76905553853659,158.91545995890834,220.32718433308307,198.42664844155829
65.41155594020478,158.9749242280283,217.82202972115294,196.1004445126934
62.112244361302785,157.12395935954456,214.93005229301943,193.71393430825464
60.26252586572275,159.34614020542108,210.085910182617,191.31284654228284
58.47467346945652,157.8669833690461,208.1679015962432,188.08897027362656
55.309815097385126,158.47500758345296,203.78246941460475,185.93401803621907
53.28583625386358,157.6649495016209,202.72227280477284,185.2423666217582
52.8465623178907,156.47872678779018,202.4691068095311,184.27533451035714
50.300042676844186,158.8544474668077,201.06544199006163,183.0918863163846
49.981850497457714,159.1437620380653,198.55192400508457,183.04066195902567
49.92209508265461,158.8579944530365,197.49144215890954,182.2155296486145
48.96135716410552,159.61946163709908,196.1983183866327,181.33846930392684
49.37095178818515,160.03340941448533,195.4905182986297,180.86305177649805
49.17051942764165,160.87742923123426,195.43368038299795,180.82436517034398
49.91842170259514,162.39569790046914,195.16199692684097,180.71281562484296
50.12788206384501,162.75006152355783,195.71109378246624,181.02691552710309
50.21657535528317,163.0466104147061,195.8060460667774,181.13364684636903
49.24745461400008,163.6805600095444,195.1944828618436,180.63344785200496
48.98032800405716,164.07287116632654,194.69492260516694,180.13300522594068
48.91692791988092,162.04497243161603,195.68860509773816,181.09987447270547
50.563801449318476,161.76068089530645,195.79488245292555,180.9775395765746
49.907285863440734,161.95265677257984,195.63794292155603,181.2200526657778
50.05250951027571,162.22629753953447,195.50405080366733,181.0840870498373
50.33219416932087,162.6693575608438,195.51407845823326,182.09036202674992
49.59795805497396,164.01281839804454,196.19922549161458,182.7055033406297
50.27746138708699,164.3659437658894,198.48285798754478,183.73094205806495
49.628520724834615,166.18981411332516,198.44815874564327,185.1447858358497
51.91383744569944,165.52105262361755,197.89778897578861,186.7730802996399
52.26576567168851,165.83400915280092,198.02529238709172,186.71491626471067
52.32753011223319,165.85765086805463,199.13607747084612,187.70993019748448
53.44122625567739,166.27264158324397,199.91936633630147,188.84912601319954
55.44101721982949,166.50561497791273,198.33372483768477,189.8511357668308
55.921091411292025,167.20409486495157,198.15635233366595,190.30726437165933
56.77043806013404,168.01749364131717,197.53163364535692,190.10868947517818
