478.0,143.0,80,111
476.0955475268092,140.88901469277667,81.1555541163035,108.67137246991543
475.13304385811557,138.9999056694483,80.88057976423764,107.56726629782213
472.1449111422385,136.47415973878435,81.10406809638235,107.24430747555633
471.0510781185334,134.7303224737937,81.44569532543323,106.83339191764696
469.1881556707397,132.72208419012247,82.03149505500495,106.87168855334879
467.74941781030145,130.5386541191778,82.4418382075221,107.72237437883189
466.08616351654763,129.5811382270375,82.39606285948287,108.5202186631125
464.2842921915296,128.59138638095047,82.5381050700659,108.75994574395844
463.0890149727273,127.01051081146947,82.52564437095165,109.0294544512798
462.6867570159928,124.4741612804633,82.80061926879573,110.49756977305776
462.4152130477803,123.7843952602017,83.1530028595175,111.14678565147159
461.28642832799676,123.55375508025156,83.23683572681895,110.63815634340314
461.2588182163181,123.80039290134155,83.65167509080135,110.91572420708252
459.7212251871717,121.15228806885844,83.53548541667229,113.15419461423625
459.13511320939045,119.01315338559884,83.92591005582847,114.36398253544294
458.3538392133746,118.36241303263868,84.43483866309455,115.075558456207
457.62475249615756,119.16686702307553,84.45529847448172,115.43359993822395
456.88234640629895,119.93189052387179,85.07841631826145,115.85084907920955
454.5101219525373,120.77543909811016,85.65370629023785,115.53658518268594
452.1656278887047,120.2188500225441,87.27116121477808,115.80302261116181
449.76649328900265,121.32796301154812,88.13083178136965,116.71983691635687
446.76601808488647,122.33063878296694,89.77402462124269,117.59235402586299
442.3879567682894,123.07466169788843,91.43441361185859,118.25335604758251
437.64026494021346,125.52302445568486,92.79448232660437,117.8356954733959
430.6798631591603,127.83686673452257,94.80317651371072,119.2198822536111
422.3143345428531,131.41922018331053,97.96288364866888,119.19570880330082
415.12006918562486,134.5122353309474,100.64694658968779,119.99115433810522
405.1053270591799,136.48281609721226,104.18857683867147,120.08060193643482
396.1566452545644,139.80218675391893,105.99927052602746,120.35964626755275
385.4307951958202,145.2751120742625,106.8452882704689,121.24976364444376
378.66920573045365,147.60317456088916,104.497098792999,120.39249731376856
371.5902780478973,153.36345090120992,103.90825005654912,119.54998418390828
360.54105041576605,154.45317510085886,103.47762206885855,122.81072133148542
354.1912166881654,156.7226825552949,101.52818063734101,123.77329333667578
338.74748315050033,158.80327137252533,100.04748365017124,125.43667014557435
331.0043755165802,161.7074268395208,99.86527240433963,126.68411482681779
317.67511054007946,163.78862445884684,100.09530504288801,127.92104209793132
302.6981617576749,166.72201660928567,101.71311251980649,126.19231932049115
289.83107211709216,168.9151664438618,101.8357500529251,126.20445715133889
281.793099614978,166.3339663199431,102.8728766977784,129.56223093433258
270.24604178618,166.2250261821538,104.82816789248375,131.32484997944238
262.05102802993315,165.61345877323242,107.53133627411813,133.70225115470706
254.4871178578332,166.82206865479506,109.8700025655836,134.44619472165988
251.25137363416678,166.5647004441056,110.61068656955706,135.3353513090544
248.03315714891303,165.7413751247573,113.40560953029893,137.55149047314166
248.86909874468927,169.7312048836875,113.02898390710581,139.09142324043748
246.90325538717403,169.79434697701282,113.46244064166757,139.4492088780056
250.24472399075134,169.26516714192562,114.45015773138795,138.87445087239877
250.4204199015842,169.2496506447741,114.72111088042533,139.14150681592054
252.65809164418206,170.4801254063692,116.04398516866712,140.7672272146053
256.0973006319564,165.76576817419715,118.90378740796217,143.2753178996526
256.39747641740416,165.7121593425981,115.32290605191042,143.31960831675693
260.1194625741584,159.64398736961664,118.5060089337145,143.64455089553232
261.6745281687145,155.53152723431535,121.46753301803975,144.01461276769743
262.3410460014011,144.0799229857546,123.61118192297913,145.04065451677207
263.82568689480706,134.26259560828672,125.09771068304212,145.59852704514532
265.3682952179734,124.08454255402737,124.69065565780313,144.58732358335152
264.11707913462783,109.30052632967518,123.6388886057443,145.76247273127464
263.4961173075012,97.071148810226,123.98304614671632,147.839147692048
264.18331827429006,85.454579393949,122.86010905688858,148.51119033319574
263.89398678567113,74.51865089108034,122.17571051068897,149.45921921393307
266.08063427959576,65.333047660678,120.33049169471477,149.484051163019
260.10301192086575,57.122473308268255,117.40884432233099,151.816943031901
261.267507146578,49.97114172228295,114.5984695935628,151.58402270777785
261.705854937802,44.049827412361736,111.63724031970858,150.15846285105778
267.5174431973328,38.353509551127345,106.4487561834594,146.64008783133906
270.4821453353213,37.82946982107299,101.69208139966986,140.47219439105714
271.7778004453137,34.766657906015155,98.04113983202893,135.61655601414157
276.28072537519586,32.08015208280446,94.33457586093638,132.96835794376608
281.8277996470855,29.586119805244124,91.96637946559466,128.50894325083988
279.4524399677717,30.76902738632411,92.00841962500354,124.59655826446115
281.5887801722777,32.59486053783512,92.03844307341332,121.01773742042352
282.79327324227427,33.31463121191804,91.1645216306859,118.97782375780454
286.04421232063703,35.70758803480187,89.71418766341344,117.43922456516188
289.64762098050494,37.338699697208575,88.03700291203694,116.8756401563641
295.8305316554605,39.802034328588704,87.12751090782902,114.61779413579134
300.6854864392777,40.63493858899152,86.90041994371023,114.00279738256384
306.3312712491302,42.818558221854786,86.02227195486452,114.19113062660293
315.1058632255999,45.55329329190451,85.32193443747214,113.60978304509723
321.7124507652967,48.831987829933965,83.72762532487539,112.37517839286645
330.1380353288963,47.29114039382392,83.19744008439483,112.6726630600084
341.67750843897477,48.009884610495774,83.49910909861298,113.19901129658658
350.1619668412481,46.86824381943504,83.78043643469131,115.05333780058305
360.1143628746758,43.81636243003837,82.44031111588272,116.23781957351702
371.4274759244761,45.7597654175361,82.3048687076885,115.05044597156842
379.03200688001755,49.3373911430493,85.3731810641836,111.44640301663577
397.54757723633037,53.16993791487289,93.31646662108929,105.7189315433011
408.3685679316653,54.00757422377353,99.92836096284123,106.09978075167169
418.85882893108095,56.02639300612695,102.28139609291625,108.67197595063672
436.3163494003209,58.794867135801226,98.83220598451439,112.9427974666788
446.52662290268535,64.8822910654307,96.77658817900429,113.88824990038859
456.7139956304569,67.09354286512699,96.89387763557056,117.55690230685539
467.17047859491123,70.0305212993715,98.57301375744314,120.7857591590695
478.26822205417386,75.13550613585446,98.76967771782421,121.51920989625984
485.84094131217665,76.90603478331869,98.44272064713111,122.82370313844075
495.72739619593403,81.81412645269664,98.0615345124288,123.4605837645286
501.69812423999156,83.44175121369959,96.71538482079808,125.79438453549145
506.3325899075604,88.37198145352848,96.34846154230107,124.55721507145867
508.0138205918655,93.11857436291136,95.94983684361267,125.98181489722415
507.95263571063197,95.57564949004151,96.25534259240794,128.41852523866697
505.51311358486316,100.335996885279,95.60685998847674,127.67450281147323
503.11890453145656,104.28417612438426,94.66737282185254,126.4719614719346
499.6089520403228,108.52443542989022,94.4248571498232,124.7791931050633
492.9605750289064,112.8805904937183,95.46221175859344,122.57216251842276
486.7386441496044,116.08302148328757,96.45481008946302,120.13202221897174
479.40641048604954,118.13451665186493,98.769240795479,119.2069798798639
471.59416898575915,123.0366612716447,100.61525089566922,117.64399313053872
461.7188745962374,126.48104220268603,100.1260935809627,116.96821344619045
457.4010558912218,130.21220148736901,97.4815796238064,117.89587900768385
450.97184614146425,132.67036982980062,94.6597317893371,119.236958094305
444.33707004746464,135.10871546927063,94.63485038358638,119.25620187395873
438.3889000188045,137.4889017974902,95.29571680809413,120.68894445189457
428.1947826309883,139.92085952730548,98.99040910325775,124.14430389460782
416.6302561849769,140.75191126808937,104.80284212223376,126.89607980757124
405.40918574634173,145.17001252124822,111.84862069481653,129.34424009422227
396.94401739460704,148.7219870550488,116.38476184164534,130.57253589966803
387.6510409282545,152.7890405094119,116.54975530169418,133.4880810905512
384.0004198483675,156.9550229413815,112.59791518607746,133.65990040629953
380.4808729307704,160.3709608135652,106.60081517361552,137.34642676154144
374.00142512918484,167.1007521414852,104.52461556194282,143.44125694749837
365.12408417326566,168.8710101432276,110.56027281557809,153.02000363932603
358.9023311283578,170.94656653955445,110.57103964758129,161.0868473896411
352.187761291176,167.35781658659374,108.06231311100737,161.93133948306254
345.0620119717779,169.1468162380973,110.12844798027234,161.47339633239912
335.6331507250242,172.74153484743846,112.22927350112347,159.14974280512308
329.1931913200304,175.9532035322368,114.19799846345481,156.78036051365137
321.9014705017547,180.12649534605012,113.70197232656872,150.51849368289976
315.3178461856842,184.20156129595108,111.54042457199097,144.67060787684784
311.02675393802383,185.5037451579396,109.2173661473899,139.95564444974582
308.0465125337403,187.53281572123396,106.69911970791,137.57767910440708
306.81502481260856,189.22402586352916,105.21855266970479,135.9598462221604
308.86976538376837,190.1843988611214,103.99829271879139,134.32947498283534
310.39695846631486,190.85217343847103,103.08563018651094,133.23620488087045
319.540260021113,191.42265948659673,100.40025388355531,131.09501916157214
326.10891219336827,190.01450130950974,101.27219636521653,134.06609015441805
332.83926034838464,187.44429052073872,102.7762217348714,139.05944752297566
340.9237106835375,185.08022967605257,102.72597340831567,143.10641686859802
349.8151276443871,191.51190029759613,102.19936507255397,144.52060248097962
359.0712996406706,197.63651045300622,101.48899251553387,142.4156387619563
373.3068082271029,207.99936462212187,113.36673022548166,141.77803467177188
381.04043441758176,207.7271992387013,129.88940704374272,145.0063864347068
377.674718617482,206.90916318126918,134.2414441126923,148.56811772925852
384.2783904047683,209.5462579366469,133.1528139170259,146.3052807575656
394.24588649576356,213.58950866929717,130.27690376628533,140.73623534695253
408.2429583545836,220.3623829754263,125.29728641583284,135.41021329719428
392.0090201432912,222.79763704611122,137.92113818021443,135.18594539019946
389.98415407205295,227.63363522159983,151.7976525492535,135.5886560704722
386.1385002545759,229.89842121406394,164.59619895373888,138.71039023788776
386.08486442185927,229.88602878702076,175.0605873183909,141.6597356388491
392.40013240463264,228.7240611320415,174.26257088409412,143.92471098787013
384.7766475349349,226.02720188412576,176.74751669770825,146.08051444463914
378.4239432015092,224.94428903958186,177.45390192705977,145.4742454071644
381.9950108078951,222.04926652653384,170.99609288616293,143.9774862340417
393.22807292542535,217.26374719065953,158.59454384641492,141.73071484719657
421.2805844080623,215.39007863911672,137.44453797098475,141.31716327840715
427.8518057171411,211.42237393806136,122.80294984501472,140.0778290281742
434.85842716915226,211.75500647315386,110.55026602302362,139.2947050712704
436.7941779744177,211.28414897394316,105.58739478358648,138.1706546888324
432.7703690873922,206.7250100553066,109.19174473537183,141.3716656804024
431.80585728887735,203.12589815078627,109.76038625232343,145.32403988006806
433.1296707336394,198.80915968511326,109.92843319092432,148.69317354969536
434.56999574279206,193.23079033797043,109.40740231324396,151.26827772249663
434.3846523726039,186.96852823391652,112.61482001065161,154.30204875677632
433.51676219384547,187.4751697700589,114.942275172856,157.27436138761658
430.3559279737182,186.48576846306355,117.1791657810792,160.41466302504475
427.6879715531328,185.6766324617856,117.6934233488125,161.28446090650692
421.9673840616817,185.32523032781276,119.95863397624596,162.0138765025776
418.12789769529405,184.6220086656295,120.75015553714631,162.72195556913167
408.77460125544434,182.07259913836373,122.98720495981446,165.2192121236632
391.4528803400517,179.07687219032624,130.1222849741934,170.50406201583192
380.3712207777769,177.76873050068605,134.43306503624308,173.75840691854978
372.31606097998355,176.4931386549941,138.77354820604853,173.6169026216524
364.38564571135265,178.78959892265834,142.28379280581035,172.12401870741772
351.351236057096,180.31800151506917,144.72407207526118,172.383619772596
336.4399349640939,176.0577100474421,136.90269232767164,172.18423200472517
331.6471956735894,175.63568366095797,129.81483106493056,166.85299180894341
309.695771931504,176.97442153599684,126.34768343191388,162.06925385183447
295.21479335229543,174.38997854254583,121.78791207470603,156.7452809520177
283.74456290403066,174.48227371027266,118.353250900923,146.51943085093905
269.276853322186,174.08282744026954,115.8973736778936,138.5591681175078
255.99497697778577,174.86389248829653,113.40100673778782,134.13000310934444
248.177960468129,170.50001975771096,110.91843209108579,134.72920853145305
236.87094811216895,166.19978249820375,112.34312574831833,135.90399335320188
228.0762912653235,168.72165609021283,113.34973680529048,135.00120686254309
216.91338781536302,167.04636033361402,116.43241016028959,134.64543851245944
213.54693220298049,166.7531745320623,117.4800491682578,136.38848736165662
205.2958592004726,165.47697754350799,119.53819492913297,139.47307738368713
198.69891240076248,167.47508736436828,120.66714712230316,140.78020246852904
188.64253596749035,171.3877809890641,121.7485889536912,140.98148758241865
180.82200641766906,176.25270630747505,122.12957725255251,140.42668577372177
178.25416638421905,177.25493380406212,123.03271337414,142.73302179617264
169.59491167005933,180.2465414403107,124.91164760714696,143.40758240258177
159.99389582573826,180.72067828209816,130.05893076063288,145.77193078931933
157.63776849572054,182.92424255738797,129.5686707722308,148.30944335202093
153.7689250597902,183.7816212369434,129.66365744877896,150.6530356022851
148.41142388656766,185.4895140098874,130.6987891897553,152.36438628686585
150.04102155664464,187.48286900747954,130.4187808613201,152.0076201393378
145.16398455748757,188.74272056063865,130.68481775025924,152.5396748455196
144.71042350213685,186.70384660440934,132.6221522633044,154.7192293986032
142.07439969946248,184.64046733669608,134.59341861865317,156.077738422311
140.5424233223345,183.73294139129627,136.49483475181532,156.74941873107934
138.6000873178984,183.1212842846616,137.9562279520938,156.44660989747365
135.83678553360795,182.9855071642296,138.82218698942475,155.56289070083767
133.01789694449357,179.55037363716542,141.45856035905973,155.57201273543478
128.64880946026454,173.50105158523328,144.84218210486154,158.10998789398656
126.47149822898952,166.37880994506003,145.5066190205366,159.73008152589557
121.07678020115041,158.91332119395418,149.8513529277773,159.57219184060727
116.7151035041867,153.1798755533638,153.89062429045472,158.22505724288183
110.9104102206729,148.4018483490251,148.27588976373232,154.77677815546542
108.00720859724944,145.71307892809847,142.93995902620424,150.7999468801312
104.44497942813713,136.81328851941657,141.55135584099136,147.78324351780745
99.58003214675799,132.8712788367187,145.9282840951559,143.3074606371095
91.65167802456082,126.87382726695759,152.56282437080023,139.21612110085044
97.16556071991711,114.10523727612167,144.65151405821265,140.51123565283478
96.8468333090849,103.66481977221224,141.98110755175207,139.32346714502864
98.27814000779246,89.04335585993476,137.81038868558696,140.02544037973985
101.08095995138174,76.94303927041231,133.8630739937209,141.57092219159725
104.85772981652948,66.69561842261226,131.3033086774879,142.91830294969736
109.75736615008387,54.73191112410122,127.65601354944164,146.1836692068757
117.07123147537399,44.29630748008387,123.48806073089264,141.9231626277229
118.36299743411493,35.37641300271456,121.55382080559825,138.02238151410214
125.80464331335989,31.057267715972444,124.0719572697646,134.80093087664886
133.36015994781076,21.274633474916016,125.87602409851914,131.38444887048047
142.21979251444822,10.816903647651046,124.19887322305672,129.64066780235416
152.72852046538978,17.83146404685857,118.94972786804857,128.21487952347036
165.10267788641383,5.390980612962011,115.89788519396922,131.33577559048223
174.67966101551892,1.3801376864807793,108.93398241232154,131.32801198055407
186.6630381835791,-3.1407955843422144,102.57550444338867,127.71921323899693
199.25987219143516,0.7025165211161095,95.3687138690828,128.70605094214278
213.7818859345199,3.664386491818597,90.69095835556958,122.0186391257378
223.09036600180707,6.277180372734051,86.84178996904211,118.8467623014069
231.21057042271948,6.977084215597657,86.23611623463917,118.33794582661719
239.43862458747566,6.142712740806559,85.97968441879868,119.08643120784001
244.12223458846353,6.7222179040285965,85.72403668244797,117.62999656498968
250.38431273135797,8.680541997360926,85.04048708611218,115.22293089785627
254.4102756015003,12.315302921203966,85.07544489074937,112.50660118884207
255.6640521207254,13.32175693957985,85.93498779956485,111.50672415794968
258.85564844561037,16.640405474704735,84.76700511073238,109.66804158965303
259.6085035218832,19.862562611046812,84.58114969451478,109.542117209547
259.0360344539961,24.094930044606855,83.35697772286724,108.76225783070817
260.1843473074881,23.595447528752274,82.5100590471332,108.3087997667142
257.95759816970923,27.383340288854242,81.47872455901907,106.83433260588527
256.5411464163521,31.489436413412633,79.42381068292082,104.25467819856536
255.9144180427569,32.16713558804477,77.57875668792371,105.13597418523858
253.39670731007638,34.81073280967937,76.64298674703473,104.87429243728188
248.62519088750489,35.2189696479699,76.97300689686523,104.76845108491958
246.65993836941323,38.95531586442676,76.4924706732829,104.43732969692773
249.32776564205335,42.548396103630566,75.71159518073708,103.62348367164512
249.34330712272688,46.40480759030466,75.5208747682181,104.10276885259381
250.13385665746236,51.20592439942733,75.99443268116902,103.29020808591096
251.78891533529836,49.67606815054536,76.75636732745015,104.07980949969053
253.4530537610077,52.37731974483931,74.7810567846252,102.68917764899325
257.6016857634125,52.68532952436807,73.90136480130002,103.55991346102948
262.4417300897188,52.04465287272552,74.59587942017173,101.78819669595521
266.9193369884967,57.89715821749968,74.5086160620691,97.57900509820377
269.26294103623763,58.79819032915026,75.55108325955592,95.81823115810573
270.5865896180604,56.982550709936504,78.24683419161364,98.27220326762699
273.0236314924448,54.093066628013155,81.36286274753225,100.82970536702057
273.5164895402267,51.62388195097269,85.17206852696852,102.06192848086712
274.16049323650077,51.30294855629326,85.6434605484828,101.70153696944473
278.04902726226055,52.21508684013897,82.63375699891634,101.23111172011268
280.497163357811,55.114934878170835,79.0139435480499,99.1039620307677
280.75187676706867,55.68690074152456,77.97280896586267,99.35642312632588
281.8372795693882,56.772595944619255,76.81439349794233,98.15271460490212
279.3552014282396,56.53390454029059,79.96394406734896,98.41076757957507
280.8899676956481,56.48545261765402,80.2303490325319,99.21531302641071
277.57216714537185,57.863941152618935,82.1749711291782,99.32344826116838
278.1800254931082,60.3873550351973,81.1377517481586,98.69004212687102
279.9021194934744,64.5236744825302,78.68263845445746,97.15098477517398
277.7039705275914,67.54898405392379,77.46205406200467,96.53020572027742
277.5544354191307,70.68882738811091,76.11045899572296,95.40289331948131
275.86987820221253,72.94794670810748,75.49797552916868,94.67402235526941
275.5532486019502,74.21414749160297,75.49622496406835,94.6171762082003
276.0440434448286,75.17340602843004,75.70768947753024,95.9517414099368
275.65480089498135,77.73913385708425,76.0661916670686,96.10440440497213
276.9281050221606,79.84158660840635,75.88432950646003,95.87316223240606
276.5295857219268,85.00809656543946,74.22494720849011,95.29832102927733
278.7355632017846,87.635684812428,72.85333648705577,94.88692505287838
279.3190302673267,89.64009276450889,72.21792701417473,93.96294801590408
280.4956842876856,91.58956165595593,72.4223277136913,93.21327170761938
280.96327417833317,93.57766445551809,72.40850413356807,93.16959174326071
280.26297228213144,96.98695720760468,72.89644923456524,92.49822303596252
281.6261912587957,98.94246669738831,72.64224028514296,92.79570015014525
283.129831744804,102.4630433992293,70.36982259437642,94.69638024255701
283.42436334582135,105.52545539404423,69.01003795679482,94.45183579394278
285.15610737055323,107.17710086288555,67.28873740733101,91.78978020782264
283.51825749244665,111.67586625483304,66.42054678268481,89.45896695322455
283.9018092644817,115.46048803037512,66.84307946908345,87.12336598026539
283.53970804110975,119.61055871129015,66.91731853692107,84.84751661062282
285.9096088297624,123.69671106297893,66.85985948891272,82.71354198537026
287.39880819700744,127.3933264026421,64.73839434817262,80.1695239525283
288.3278227131996,131.55391992106644,64.42147249352267,78.43500683755462
288.48716908188055,134.07491425250873,66.08343161162954,77.94517271568563
292.00868065315365,135.29926144348238,68.03509841048964,78.93541265991026
294.3478003174759,138.4939206429979,68.15434443340754,79.08970388001984
296.14742077819045,141.3259991679842,68.80598852174413,77.87238520895347
294.57984846470464,144.62605090803717,70.74102938895014,79.26776512728503
294.8762861426624,146.52727305527708,71.4275424607689,80.20073343046144
295.6099000978792,153.4823170347504,70.99479941361662,82.52264010042109
293.0945092851107,158.1711700598773,71.86988035555981,86.36224972399538
293.2905969643032,161.2350691442591,72.66703605186234,86.27949550054427
294.8961031455126,161.59197335800496,76.85806226366232,89.37071026641198
301.28494978018506,162.8789879248437,76.4765481935361,91.07368918937512
301.3627565836908,165.99718152675285,76.50446730136848,92.89287449532242
304.09404011253474,167.262353784727,75.53866538039922,93.67228339734291
303.8283948784859,167.82039628913174,76.24793436412195,93.16807582993962
301.950720420362,172.47970392541592,78.09892537021344,90.72049327221502
297.47098161620306,174.6376899891625,77.74340053712518,87.80857387909685
298.16703477875325,176.1152859686796,74.90952175108724,86.86812191029708
299.77824504277993,176.53912893980387,73.18673501209636,86.88066546023599
301.21554155946836,175.1176889522701,73.61765345332886,86.71014821850669
301.0225784260375,175.65712363708448,73.48621521823748,86.41905961059665
298.82327893337833,173.59789315799046,78.99479955511836,86.41737286370659
300.8551815417208,171.6546504246623,81.37056953374592,88.22805266630039
302.1108869803645,171.27309817442992,81.32360567794281,88.98032342653079
298.1014162235573,168.926701130413,81.28825642007286,90.57329451651773
299.7808507464416,162.73219023819965,79.12949113406992,90.24820497281945
302.4489840176252,159.4255234357925,77.90058543154646,88.43587939794625
303.80064314126116,153.71729809137264,75.08493197919638,86.62454688366097
295.7594484521399,147.72461975294738,70.85759845704833,80.25626586519903
302.8623383912876,140.53363864576397,66.4568112545341,73.6509233920658
303.5397193807105,135.04260305859373,66.33111421709464,74.01476946875007
306.9600552781606,134.97176555391607,66.19671073274124,74.60999672419912
307.33006784799716,128.7212050789078,68.31178813213063,81.50192577968444
308.25314565772305,119.50441570042375,68.93819720994458,86.57741127493377
309.67172407212706,111.77422168381784,68.80849887723019,89.70381493314558
309.87791330168193,104.94261408627757,70.96338116030802,92.54571054814798
310.5456255095209,96.61478975078137,71.9355739321301,93.91989559609351
310.6021068663928,91.36720239016881,72.12284315198002,95.34579541497489
314.0500514338278,86.57216974794095,72.66039517921945,94.68583018185248
317.0420246791654,81.75406407724368,73.93481050495043,94.58080006816888
318.055705967008,75.62193173229238,75.80484783160901,97.26901495338397
322.1410783578178,71.95233891889845,76.5633327863176,98.42543080478121
324.4417604605653,67.20919417906528,76.65361897144743,98.5616531457757
325.2888492370178,60.670631727896776,76.42144703377691,98.65370114381582
327.3465856673821,54.35383367060835,76.73911015937642,99.29211903573642
332.1041890104882,49.12424037599928,76.43300991847671,99.80245308589207
337.83710718970957,44.04296153686449,76.06382272995589,100.16129982666165
344.4345456663382,40.34178214102397,76.95839279818307,100.73953142107706
350.29267423239,39.038602361517405,78.92807926959495,98.50519273790269
359.4514619897571,36.141225829520764,81.03268393064204,97.3842048350991
362.3679326816963,30.97916080628952,80.74182628699799,98.35369010617096
368.9452016636915,25.45967412895996,80.92359203394516,101.37618396864258
374.5226737879506,17.625897002919118,78.61148225808316,107.39401898244301
387.81683776664215,18.46480440937657,80.3966589393719,107.00639581991874
397.9404034822585,26.74620455111785,81.26384635579555,104.74858821221743
409.1726099386495,19.351616806284355,84.92223617738853,102.73011599680629
420.0521279948415,21.38613485082206,85.7594525064107,101.28702595265275
426.1491241829198,26.195756554410764,89.66540519861347,100.0440642837566
429.65263454593173,24.667311667854975,92.33709541008969,102.2001056681963
441.0658484958499,25.711487263218352,90.14384622119086,99.63156038567267
448.69201208871254,30.684824742317467,89.81400438702802,99.92865984153694
454.32495637619235,31.449377296716442,87.30397518706846,103.63234281867649
456.71824807046244,38.74838763431398,86.36071455243456,103.07777917473142
461.67372251120173,53.285098592097434,87.05999516314347,108.90673152674263
462.2420438958624,65.63835093984676,92.98454013796265,106.54296975116587
459.40091973281545,71.71072977298235,94.72178113983784,104.78581584466032
463.00722699409584,80.9560504186644,92.05073155868334,105.10721678962432
463.40487796267433,90.1616776483688,89.58163201410447,105.19242229115304
463.112238907075,99.43130496942078,86.54169650225631,114.12396232678343
460.74818439412223,102.11473990112052,84.85375938558369,120.0134706372121
458.4010521457259,101.41247762696972,84.23692769097016,121.55138751949808
458.9067978013072,106.12491167997652,80.66919248332309,116.44509241153133
456.8099448981882,110.93935874172217,79.14936679542053,114.65579789741504
456.7118274473702,117.16819662647713,78.76964344510341,114.2179890712645
455.35384058400325,122.43106177355541,78.1397919765247,111.38928026148292
455.8707575163543,128.49380305383156,76.67611802393213,105.90719980054003
455.12683190303966,134.69083394368803,74.48339674079568,101.3618013509052
454.5629954053018,140.08752263446902,72.51954751947451,97.49655507285881
454.60809167999435,144.73836888432697,72.50754100524574,94.8662187743148
455.13048253480224,150.55479874163055,71.85503224484864,94.20021696986389
455.529742592658,157.21582653666712,70.98583341819963,93.04960913369699
456.36117099078365,162.57203401323576,70.16336968835456,92.44980404384097
458.0564009115797,166.29676877362084,69.79421111629367,91.94439580236772
461.9820924249152,169.94516634796787,69.3939389294665,92.07097101500179
464.2069284012942,173.5623656197448,69.09755677163034,92.60143453199473
466.4669094077274,176.17845646479543,69.68489456345141,93.69157950204973
469.81214529651953,178.83707822834344,69.52692400657027,94.03144046714124
471.1072701061204,178.55332375938326,69.73327472916546,93.68427655349907
472.4731019009831,179.67245186811522,70.03643169608063,93.55594465244147
473.2085736644715,179.75970026458307,70.79217273941642,93.60324961731823
472.5215244982405,178.4652249393656,71.3780020289096,93.6387945060344
472.7019155868287,178.62796031120865,71.13028747868628,93.87588479750454
473.0217323488501,178.14741436604447,71.03978725542477,93.67007605306732
473.74226383756655,177.44277236036714,70.75207510807002,93.32966524020321
472.9214736134995,172.65949459691353,70.47989823198543,94.19309576711044
473.04656379335216,169.05706607147616,69.98844589962377,95.7143590679852
472.58600383072184,164.30221257275235,70.20750894011887,96.17804555762032
473.054159806908,159.82220177277804,70.14567818891835,96.32889357358457
473.49132014082835,153.29490016290916,70.3277234878746,96.76524117808793
474.8949943198048,148.76645207862177,71.00005042289041,96.79116200486582
475.3905453826867,144.74357953904772,71.68851372681416,96.17324131252957
475.6121578040993,140.23653511264834,72.93675616914516,95.9806651262658
474.9567160312141,134.22034632397504,75.11269098444679,98.66752268408118
476.04045331557717,129.17973550641872,76.62969517548625,100.50011761020943
477.5609379500423,124.79833666009242,77.34019075030609,102.22400539075268
476.93831090621353,116.84122226319246,78.51674976960419,105.54854302244321
477.3058450306617,112.95687165039655,78.6742901632859,108.58567686522252
477.21238245220354,108.28810541554702,79.25992747840546,109.98104014546846
477.59163484741146,104.2617420615545,79.43327693603652,110.37925635540662
476.66240796315697,99.05064035867713,81.73176366352979,110.26966044475513
470.55911391211976,93.54634225969767,85.72292818161989,113.19106792201092
465.0528471409777,87.42648411543198,91.51909209499773,115.61004446444855
462.33706753134413,81.23959300407498,94.13778510332733,115.4010019801313
460.0653637537268,75.48145244868253,94.4426367503589,118.17418006357244
456.5703334272422,73.40800793240132,93.70283900489056,118.98839697699424
454.186374934877,69.83067917646392,93.30715125329283,119.33037138340029
453.1770525280681,65.99878969815515,91.85988420167627,119.0408727521272
446.25662677630623,62.561116393442646,94.10402550012195,115.06096423459908
440.81144118839643,49.69241178177788,93.87778900992595,112.57126164152237
432.84285991686164,50.89847475066881,96.53583778346425,107.89909542053738
421.8095541157232,45.959886744834,94.11816593847547,103.81823310212887
407.49012016823633,43.225435196939515,94.16374159712112,103.75844967448035
397.41016019938183,33.64141252630254,91.71080753092377,107.76264613880117
393.1163884283926,39.52293292451961,88.72660424673037,104.26150719783578
379.7813399500747,34.75664159373453,86.92547927953804,102.9356303867497
370.4085699400881,29.19168894079599,85.335509045605,102.34941020434552
361.29480218883754,27.890779798737768,84.78774547584058,102.39547287322759
352.2626069555777,24.777742949053163,83.39055757321955,102.89971429720617
343.87334354457533,23.992118829400496,82.15345939522437,103.04212952869901
334.60627122782637,18.81004594466954,79.01853664590982,103.43850186066092
323.6642934691123,12.993512862409403,78.24673044458795,106.8504986892437
314.6940307265795,13.564480155418998,78.30142218941904,106.27490931806825
305.09619586431944,15.664039381147909,77.588095331908,102.86308334707918
294.74928501743545,16.197857965857608,79.7589983245041,99.99118592375353
286.31791609782044,17.470553080148548,82.97125398599974,98.39123026548415
282.54603641003365,19.781311630853665,80.74075188696395,95.58630251954267
277.39582686689334,16.219710334637313,79.68954743808837,94.80569651822537
272.670498881635,19.60338711972196,77.45340531290191,94.59751653204046
268.6696507388635,11.82780326161474,76.04180203789801,94.2440211623174
261.45195539111927,16.62169170034869,78.2535599208865,97.22069740984949
256.8188283750554,17.521048887530036,77.68607371863921,97.91471985189305
252.91632164267563,19.02126242951101,77.88400100175814,99.41899247496235
252.15687691007867,17.89830522721413,77.41415145328014,98.99507655729049
249.74108570370294,20.375873336248063,77.43601096564097,98.48848770250387
247.59709823212876,24.37803456904973,76.58326935605501,97.89303974861929
247.61389435333496,27.703099249375683,74.27791808043946,96.82430076882676
246.01665633361864,30.335644039834982,73.05723298705956,96.35095923478316
244.1514747459294,31.803623240484683,73.03124850618808,98.16533652684313
241.12014113424613,32.209257227217336,73.7276742744765,102.35727289908095
237.95322480771642,31.654773443392514,73.55824154667651,105.5450978886056
232.2410521576062,35.809871416809145,73.05604265744387,105.54712728356921
228.55685938600456,37.00197215469565,72.61937448970964,103.9091416281087
223.8789928556835,39.8568926261063,73.30228650542988,101.3288172868499
219.49448304176536,46.12678548763765,73.36506834029738,98.87853962042783
215.57725904785175,52.921928649410056,73.02803805664024,95.60053967383614
209.63796588217969,54.178171127583,76.71781213212498,97.18119436592775
215.19344845914364,55.91162629414093,75.30325811100958,96.83202084921814
208.78961278113343,58.68276395843563,76.49337575609255,96.70896549133187
204.10262170431125,61.15571390387498,78.51494091754938,91.15570476060941
199.82600158313875,64.53238550663244,80.87756836692563,86.25090281486011
202.22658392005093,67.48956184223091,77.97004993333566,84.1987632784288
202.3226439124892,73.2760789632053,76.22955958713095,84.86910672202693
201.4325247176254,76.31817343754825,78.09747497881169,85.6297664061535
195.56826382556892,85.42037440004914,80.29221380394026,85.27634714716734
193.1190738155629,100.21994500724443,82.16715632395234,82.10680188004237
186.94107646644943,112.596553752734,87.76207314131992,80.22772989687574
181.18685941289908,123.41963105525763,90.23077336170186,80.25561703987537
182.13769648108763,133.55966920984048,94.63424448899664,82.3585363361784
185.79086799960254,137.89990353508352,101.58968123712305,86.07620000991105
177.4178182909188,130.50307355169687,109.98937562519365,92.51280431262187
178.3137274817472,138.5545500199109,114.5222642747868,92.50830108322509
172.9732481466358,133.82850070468845,119.14911527899403,95.69187554374808
163.38148332201735,143.79714925273345,125.34445523096531,92.3230293753925
173.85362012389018,150.1062719590489,125.8571823596415,90.58387331823032
170.702002476457,143.44902547846254,126.25361833810159,87.78020221690306
168.63619973959877,148.45036492941134,126.27117962236497,86.33883312945856
166.34517976409708,142.85108747049028,126.86136776672771,85.66458531292567
162.91867982704366,141.9365596235737,128.25364376388146,86.98091517668074
166.36431857716894,144.63573561127976,129.19125420308396,87.18128756650296
170.01608088094605,150.96789686729448,127.32568735920162,84.95745577712975
172.54328495779177,150.57522922970895,122.88272940082271,84.21691214605083
175.19159830040866,146.74495676140828,119.65250896558896,85.50047344007406
172.3909212302684,137.87947076774896,120.35820270547885,91.23553478286144
172.73807276659133,129.5182765207324,122.93355295314547,97.05573211478517
178.55549708615246,124.40721756314034,120.34490792730449,101.79170501043808
181.12685701827178,120.50331981318882,116.98890070955022,103.43739113534112
177.20905694214923,116.69825579912487,118.45642835202965,103.28512902675027
180.30958589975026,111.55236331281901,117.38079768292135,103.63910882358071
181.57453291660306,112.2155834256612,116.09040560234072,104.24455336352136
188.25150141692052,106.80499745021243,111.59511117983081,101.6034450409814
194.99429940429022,101.31525636791218,104.21907331056019,100.58237788917563
204.58561059744812,93.46299514424061,95.70701366838497,96.39816742636252
213.94824163641928,90.35760263263438,87.50698962755206,93.38065044762187
227.2521896964555,77.86985668026699,78.8289641129484,88.61517555548166
242.08850436244347,79.67347522542407,69.43865289620683,87.45999534993311
241.04555598452785,75.19025903264435,68.33082406610056,87.1279047862738
242.93893036954347,75.19993055449592,68.65570859685054,87.4853012445238
239.0594208335282,68.8667904682987,72.36434314739671,89.90588439543384
237.06821974746452,62.54187690102023,76.30707246796158,93.09636094405329
233.29381129064035,57.879669575951425,80.22609812184427,95.83425826020652
235.73890020724275,53.58083067490445,80.86134143121765,97.8609216580036
239.21420293132604,51.60696872840989,79.98165883461351,97.79802543380522
239.4438494802664,48.53821812955636,82.42129151798278,97.72025563541852
240.4555668825929,49.41007577069253,86.14422512153297,97.79032209142744
242.00188739948527,45.95336816462882,89.83786948813884,99.50778393441423
248.8150362004111,44.9559298228003,92.03579063628717,99.22025095010252
251.99178244706823,41.72644175986633,93.86268754726979,100.91189309159546
258.6174728556315,36.94596769475892,95.26737362467452,103.23922916126341
265.6398009304605,35.346945218247754,98.51745624454776,104.19566644827012
269.51910274511266,36.40903269654064,102.4957605742278,105.36430765379372
272.75581157747536,37.06516221484047,105.6525308977836,105.99516385156906
278.4861877318952,34.94108305697533,108.71439211433456,109.56891420831496
281.40027667505547,34.84303328680972,112.60902306590467,112.67126374864618
288.8804601651884,39.78652656367253,112.32901497235747,113.47324203867056
292.76132499749906,40.194867919336225,112.4227235401581,116.00955615351505
299.59585115730044,42.867479357379615,114.62793879868036,117.14962380477202
304.4383200944095,44.92217991858652,119.29105390297784,120.59494069993633
309.5923751809596,48.71798160803645,122.83734436464326,124.2381090495521
316.6081151322711,53.891773052672775,124.22032369053593,125.33806644348257
322.2187419754764,62.32775913139683,120.87773211350026,131.6208184071282
322.33294373285594,71.92439344132751,122.09204710460064,135.0949692208606
332.82063291606016,76.50075197181135,121.7335510624109,134.26573848801792
340.49262832843505,82.79671196377642,121.57052947594241,133.43913832830654
341.78173837736136,89.89383831816802,122.1809690460585,134.22669714296083
348.2792790533679,93.75786145760203,120.69125878779549,133.60845311018656
353.99425670780687,102.80765426619462,119.45258765860498,130.8399221805014
358.59693088062807,107.77200176921527,117.73643609030643,128.29602331703822
365.04772114269804,112.7739409946446,113.43110800757269,126.16894540328892
370.10946560916943,118.31925626399959,109.95459173087988,124.55710514778208
376.3283224699472,122.34600968963532,107.97995173979318,123.56368740783873
383.91966952762664,123.32221573627602,104.72474785880922,123.15717375205733
386.6068016620373,127.40608466047095,103.48640888295667,121.78115343296433
392.9592533994675,132.20991650619018,100.25440579872122,120.77413671418213
400.1426277226105,134.7590255701965,97.73079680087275,117.27766419163825
406.9665436754078,135.26335372706518,95.24226665309055,116.78005524118214
415.8472764880155,136.0316735124296,94.98125879154719,116.30829604154708
428.5326344745347,137.36197554747702,94.4968038048369,116.91032624879594
435.0293712258466,138.33221654906257,91.36081321236927,116.128077888203
440.34770815096766,138.18992194320174,89.86101070001783,117.3077171487528
447.9125689584254,139.64592863903653,91.58651369447723,116.07209535864573
454.88588919920454,139.912114588395,93.59986466799714,116.83458429977247
458.85699468658055,140.0414716127934,98.47122180847953,117.99600574902257
465.2444922771773,140.28365205463885,103.37243512337977,119.82045223837855
471.1547752690395,142.76799768232456,106.35173486231164,120.9185944791009
470.61653102964766,146.50772590177064,113.50399848757971,123.23595200505244
473.21804680843866,149.13989930504053,118.6586024280446,127.71049680007519
472.4968442930945,151.65118303700692,125.5349063845141,130.40020960957992
479.7092702676399,155.66438307066986,128.03083080261075,135.15432712037904
485.33216667303583,157.64580265094384,132.883914944944,136.40535514733108
492.87058677314815,160.96999300720526,134.46576615096936,138.09199640746448
503.71633485197106,165.27511184208595,132.36447995426107,141.28199067129688
513.3213918580664,170.4726636476752,128.23883859832046,142.13835190386834
511.3259510436732,172.61665032678263,128.26817237554434,143.2825684870597
515.1070733574608,174.305703576966,127.37322511125029,144.60166657653673
516.3410605614132,176.82321169451697,127.19834152365792,145.52520747034106
517.1238615881547,177.85421349540616,126.90672628658129,147.5405354115314
511.75038628139566,177.92953560013686,128.39244643134927,150.04015975675753
513.918912234114,177.31257163479566,129.276708002475,152.26932694525243
506.0988351653285,176.9280300181998,133.19542659317113,155.06044386985042
501.75585541890223,176.73874536378835,137.71213559774236,160.10557812007954
493.4896066039836,177.2497230957894,143.68249943851714,165.77368613263997
480.86437665929003,169.84027694817783,150.68869663259184,167.2673831153631
480.25918692652516,169.66541025747472,143.44857560984033,164.0272727467693
473.6070113010283,170.73736320691188,131.79919150927154,163.14044692602
463.4819333941474,171.11614790356077,125.2256168542833,158.6489908139722
453.50400233971635,169.05421508841843,126.02693794752038,157.80380126847564
439.7567106928314,167.2054140388033,130.87467065535284,165.04077104348715
427.56571556048266,164.60044545428025,136.2511067208315,170.64121114222075
407.20203407675876,163.55163855727454,145.66023238359182,178.16924485810716
380.25450628620746,159.06819064798367,157.33885730063196,186.29098686809516
378.6951822417485,154.17262774872398,155.96971242079988,193.0811971392708
374.69488645546255,152.32095967123934,152.80734012618427,196.54381063799008
372.6780600184735,151.7523067617514,151.79948909391243,196.96224438665345
365.02454664944094,154.66971888190278,154.42212862494625,196.67679758775694
359.1784425797829,155.21235642336708,159.57521322910617,196.53591947748458
354.9611934423696,154.40705240151226,163.8116524219014,197.994611017288
348.826176278795,155.3564841556723,168.87868381936315,196.51548627849917
343.5380742765875,158.17997630750887,168.84746594877817,193.69833595920102
339.8117671987802,162.64311036457582,171.86862258486138,189.9745824935046
334.149555519787,164.49837083231677,168.66912016159787,186.44100247599147
332.79327580017997,165.8746915827427,172.1493187609682,185.76050452982707
320.5842146471381,164.53055304932798,158.00402553970815,184.40782700681282
321.0860494246415,163.63956250146708,143.40752151204512,179.12218114940958
318.1305985268432,166.73795872289188,131.3490629560793,169.29031790577875
315.512845888057,172.84638708208684,126.13644811646421,160.80844653895133
304.3844510257854,174.80349307729838,117.00322319256983,149.62867058368448
297.86129130017565,176.57287102415128,115.03538248753928,144.22730482669743
287.7763759031852,180.3013530734373,109.83613369167648,136.42408828671915
276.76572092542517,183.49748142428405,107.43184550266531,129.9677751885413
266.19726019790136,187.12821477348058,100.93394029755669,126.50528920303883
254.95039082466184,181.3718089389016,95.6879329502857,128.3254434014937
245.6173007502536,177.1987450222053,95.92674493503964,131.96429584426127
237.87822380433943,175.3324299851489,97.3143836901493,133.87401942423344
230.8436796665652,174.07063252644124,97.41405057897897,135.40225301352376
223.2139694557448,172.82455336061818,97.46512749476037,136.24170138423239
218.220696184028,170.71638012875866,97.86170821788156,137.1134738733421
207.08653533212802,168.15040603225827,99.25576234355647,139.6971432577491
201.95080262770958,168.12001235722323,99.4175475766121,140.24108490469416
199.2414227115092,165.20698265968352,100.75674808284103,142.39658155563296
194.95415258077497,162.3687758482967,102.95381642048133,145.78918170184411
197.11907679971875,160.36863450786112,105.13229928142184,147.49173489052777
191.02871105026827,157.1021552339019,112.31467872954161,149.84860701266496
193.4250275393501,154.97217783670825,117.6082273920029,150.56754618205224
192.8377673932709,154.2712428430986,124.43765491072386,152.7353463450528
195.06894444428718,152.13637422047572,131.99080373837876,153.57228329732982
200.147644774098,151.4735165488692,136.81814428969463,153.33592588663655
194.59711562512416,149.1634433465203,149.1432016110798,153.45344777961566
201.91241109724746,153.90232080551243,154.723731272302,149.3936005764751
210.72099192107228,152.53313738872163,153.09356913637106,150.67823205849427
216.36242091217719,152.31222584651564,150.732036837755,148.62243551399996
224.7864083847499,154.03776123384569,149.57467468557832,146.70536132137113
227.49054044790452,151.79971591366416,145.64266788348783,146.74035088751543
237.4186256124475,154.17633244788698,142.21264501533935,143.3065758268823
240.8978586004186,152.57462925958995,141.44540218392842,142.90097341441384
246.32116552219185,152.73166561882303,136.5633879497569,138.94438360610394
253.4287999618802,151.0439995302755,131.808507253974,135.84943990429275
254.22487076783975,152.8397883093503,127.80321866939863,131.40861918208063
250.57156403972962,150.1908625755342,124.64724667640013,130.36687104033783
257.8757330742493,148.83151068467086,123.18704093157959,130.0807835622989
257.9607692115768,143.79994983246092,124.4796456588776,131.79011498351562
254.56652068995092,139.83028604912508,126.55226135447316,131.94523234510922
250.168052818084,136.8985089826488,129.51267976422264,132.5020237827493
249.43718798969155,134.5800700396068,128.48264916710127,131.52903838758328
245.86004983849264,132.79300885134174,127.66738201246783,130.0831412328634
249.8081566385315,129.5636524217029,127.85875386160888,129.59117049839108
254.93107050387866,126.6968669028374,126.28284800591456,128.29758089159083
254.6196710920706,123.38531165817083,128.78656723968692,129.46918381256458
257.27809855337796,121.6747650615276,129.63987833269715,129.85890493553856
260.74967121946116,118.47104509926088,130.51063680912452,129.9488399772595
266.7146437548189,116.76734114930107,127.85412923840914,128.07908723264785
270.5964360002198,111.54380548021624,122.88931183745106,127.1431934829269
271.54775253080845,108.54400640990517,120.45332306338304,126.46057116456467
272.86880673007107,106.57260408409986,117.82787726251415,125.35671443922215
275.35982722062636,104.65933019357666,114.25077402554417,123.34775196636231
277.0615374310347,103.37570125390255,111.77914681761806,121.97851692578865
276.8893876363883,100.85398209880108,111.44629186589526,122.30775235513221
274.6195101639613,98.96413234699264,111.26210882246805,122.45631782554597
273.976257976084,99.92557236542987,111.04632437986322,122.30754667539026
278.03686249935316,98.95367654567285,110.77213071418434,122.33745892037305
277.0708855146213,99.16575253310072,109.61247091411673,120.80210089082983
279.3199259916979,99.17975572669755,108.95710236230724,121.11317531418302
285.9557381356386,100.94936747704426,104.5481489728634,120.8675309150521
290.18925591663157,101.11704440018012,98.53765637962752,119.67353449065538
299.00509175752046,102.8379532522257,95.61292439511531,117.99023119086111
303.7905966575969,105.08093659678906,94.3844133742594,116.10106625954688
303.0876877892247,107.70771652461104,96.7200406813163,115.35898101327791
306.1882527753647,110.2977729837645,98.63512164653623,115.08874968676787
307.8789297237333,112.81103349657839,101.07838322831472,116.8757052236401
311.69470746106407,114.304934729218,101.59520421849685,117.52974846148587
312.79574449971966,117.1711620787626,105.19955714313882,119.11196051044354
316.3920086713238,118.66785667011278,107.52778075305551,120.42551712852443
318.724195228665,122.01330841776118,109.89426090985752,121.74920103557137
325.05617620764025,125.93622827416155,109.24403186206328,122.1688032173019
329.5581251786832,128.11930895860564,106.29588953521169,123.44622705349185
335.5101134603399,131.55581353418052,102.71787122385149,125.85440686718587
337.88478437997946,134.85546478849358,103.74288241191606,128.25138121402847
336.582760405066,138.01693649884044,105.97476849650866,129.20514067419415
341.2958501545186,141.89757057552418,104.06827283549406,130.18660933723285
339.62860420414984,147.36042399438662,104.73439925771598,130.99823770458616
337.2527912105477,152.66506050589413,105.04651108476399,130.59187605852424
331.8296710060257,157.75959857718593,107.60945681607356,131.00689537492502
328.72391989980764,161.37133791260334,109.85111039569722,134.3945006884652
322.5932701295315,166.6212825056145,112.46378933078074,135.74388518408355
315.2144584090579,173.85223813205434,110.00568401196227,137.24236211479757
308.98200726854986,177.67286891787487,109.08096837305654,135.76833687128152
302.5803459901044,183.03129244926095,108.4974806272131,134.24439141983748
296.8101616078807,189.0011684098821,105.09418484087932,130.8963753384389
290.1101204959671,193.91003652041078,101.39194162525328,129.8638564025378
286.2994769422367,198.12714272955876,97.74940426982346,128.41105877916374
284.7351057506002,201.81881089389177,95.9007906960652,126.30549344659147
283.76717751501195,204.51286768117535,93.17774213794489,124.6145234267118
284.2391643679996,208.46271480782252,88.51593395931327,123.38893195662061
287.29339972827984,210.51364018620734,84.7948533754716,121.7348656236791
288.4590268017456,213.41556022024992,83.54874327150878,120.0812635927033
290.5075544399191,216.3296450498345,81.73266333695868,117.99467108197159
292.27004671974885,217.66547978384642,81.1839666190961,116.91693471941652
292.59624762973385,219.1685725846575,82.67026719170423,116.07298056310682
292.32393246289837,219.79878131882384,83.28484381443764,115.91479698149296
292.1599288223596,221.1896402464243,86.6380586150465,115.67262990754202
290.4448095986211,221.9937519865669,87.28643671096096,115.61451629053809
291.4907457879808,223.29512605681094,86.539901246304,114.82136898012811
289.20969925705606,221.70102496125222,88.40854338041913,115.1773262981987
291.2995207860188,223.05819992035248,88.33143938499373,114.8411502081232
291.05670858295787,223.73272929225976,86.68092487509993,114.24810342719921
289.7305075770678,223.07317336122446,87.37608201383316,114.86665376583233
289.62195545577674,222.2233763493316,88.41133200836836,115.01891502594614
291.11133475194157,223.12978427995915,87.07655534963249,114.40678275844104
289.1318201181217,223.10935664782704,87.59579579891285,115.0020813820803
289.47259698751475,222.09999384290757,88.57052257770489,115.28627940402865
290.2193452211544,222.89780237384846,88.46957371784747,115.25096507652184
289.95629334142365,223.3183178451274,87.92747069019956,114.50969609685455
289.44398218333964,222.18808917210777,88.43924510597695,114.86704675344075
290.7232600418986,223.09416098693487,86.84110809003093,114.34292802613024
290.4108941478302,223.08113281865116,87.51735355004267,114.86803831777578
289.2427115074838,222.2012504745379,88.5328570143293,115.02050320131485
290.1668237045258,222.76231306159445,87.5549634307921,114.692872656108
291.36988890455643,223.96873135912702,86.39608644869966,114.01459416651159
288.5692116531024,223.043289645965,88.14087356879523,114.44552520025755
290.11830406403595,222.79629885285357,88.42672195005312,115.10292841733974
291.9250296312974,223.4717147207368,86.71936822763958,114.71004345891703
289.1735000245358,222.27589531821133,88.35661323217838,114.92074354326485
289.3572962731495,222.21695562843198,89.12891331307605,115.27339465133919
290.7943154086575,222.7001572360612,88.13314042291941,114.61024460990888
291.0242781370342,223.280733493397,86.97079187046293,113.67159575734664
290.950025996442,223.30413243804708,87.143893319616,113.77598195007775
290.53852005003466,223.04699320285053,87.2862106323525,114.1078568560177
290.3954460324199,223.13807147890572,87.76168972226957,114.70102989375107
291.13986482629576,224.08870590397817,87.33742732983035,114.18892119985615
289.2006076197436,222.51939398714632,88.67529232887215,114.74298082453548
290.65869567646064,222.93673910179376,87.16802124473503,114.4987446968031
290.0356189460427,222.62772612355843,87.43205800635214,114.47965517475814
291.55301711175116,223.0230461080797,87.60508638196642,114.51338654360619
291.0100918410677,223.20815352528538,87.30513370067705,114.26112214864797
289.14522335321834,223.18059948944185,87.55470710215707,114.75363866760068
289.2435249685732,221.6095198688156,88.75812828550994,115.23973101432192
290.6801795762935,222.3188114863189,88.3731613552255,114.86915192970594
291.499622985744,222.8769852644126,87.23537316913696,114.2877775180498
290.12325346787645,222.9084058576933,87.08323549588775,114.3370273959415
289.93819786476445,222.85202047553403,87.23517653609616,114.61376910752568
290.1996409223642,221.7940008520499,88.14728797949032,115.22196533691584
291.17391270390203,222.58075418125975,87.50684988516466,114.62993450857425
290.4845051742226,223.01309165001754,86.78330898749232,114.25930864332429
290.9392960045987,221.78351067076255,87.9340910962713,115.23577406863113
291.600855966846,223.72650809469513,86.8899933885736,114.06627091998476
288.4247740203987,222.49816561968748,87.77264434201517,114.96951959070316
290.9781760918074,222.3370652566062,87.97098546286955,115.32626621530325
290.4987823445076,222.75073883192857,86.62139283051596,114.61647277559595
289.6033156667226,222.5748296518409,87.27685865678919,115.1275623760057
290.1309488549081,222.30362899645274,88.01422533705878,115.38401397975073
291.1000016029469,222.34527412387897,87.4846586593405,115.07910507255455
289.35304054834194,222.3675988707066,87.17096358105044,115.1655285769462
289.379562905993,221.86096575507017,88.29232682473277,115.83889002306279
290.14780802884184,221.70218810799457,87.66236123723823,115.36326294416709
290.3673155482761,221.402020447543,88.18144556360409,115.94229699553898
291.2674179281498,222.23500242579038,87.44667049135657,115.41207522654422
292.2531034339004,223.0934358084247,86.53367960680859,114.80842867611936
288.4536197174708,222.57847711480053,87.88374567248029,115.65066295789894
291.419130364214,222.57222744216443,88.22475807040004,115.97209174653051
288.7173750420909,220.91087741961928,89.40692472050569,116.39900932091766
290.52550198736304,221.65987493399973,88.38399358386764,115.70747181168801
291.2576941420625,223.2143615848479,86.73818227251564,114.59428708421045
288.859639442014,221.0960565782774,88.30602018823768,115.11083484149205
289.6566739216837,221.94776827603835,88.19538018397634,115.22870050847015
290.4311703913105,222.14473213543843,87.33632865097275,114.81139632482628
291.25343019145953,221.92564334460423,87.05985104286216,115.05856438501029
291.63839968097443,222.0388177825797,87.06780513023861,115.03088494265309
289.7891504416003,222.83816971973712,86.06134755429939,114.4593417128695
290.300880298953,222.29757495939106,87.44227626732838,115.06586082340542
290.79949340730633,223.11248239089284,86.65217285335612,114.12562115571433
289.8763792367629,221.95318265130862,87.36119416319292,114.84717473644527
289.3728111963553,222.35566451332875,87.38667130846125,115.18060822920185
289.8019162693591,222.13459433518028,88.50432175815685,115.51587602690509
290.78111211107137,223.28182749595007,87.22973744777917,114.93243875809986
289.4104838319271,221.43878731630227,88.86973668184896,115.7105906505986
290.86134100116664,222.2820101910647,87.65890979454174,115.3778741491206
292.30149332366983,223.99932802738977,86.67859904601968,114.17132685537673
289.59199315059016,222.46885756720633,86.82696950936662,114.36318818589982
290.573533668324,221.9294063619096,87.74352714577391,115.14899977618082
291.4953451311645,222.8624458143938,87.18536564587404,114.63024142785304
289.36121340669337,222.02990815511856,87.36280878231639,114.91943173663788
290.1367466512596,222.4883453018513,87.59924839669955,115.2885376677818
290.544899003152,221.734130454456,88.04194637846157,115.36889729421301
291.3240498886211,223.86194344650562,86.61087239072656,114.06065900542629
290.1944237820985,223.47566668762192,86.7876355900998,114.25667443725618
289.99101553020137,222.74765812208062,88.39547138100349,114.84678580662002
290.43274790628266,223.3211531320801,87.54582010540345,114.61022669482415
290.92782563123046,221.36316779829122,88.280792829336,115.58631699130817
290.4987880827632,223.0355005327695,87.0675788637704,114.64454458875784
290.72901601225533,222.86366892741492,87.07645283877062,114.58348367837328
290.2178242615219,221.93651852243372,88.16075650625305,115.25229864849193
291.4046029954036,222.50795310496085,87.19952203653654,114.93471634867205
290.4156703767582,222.90966880552224,87.33552936367106,115.02609085575237
290.6379219967233,224.3402493208504,86.68893872139712,114.0264410555648
289.7624953626506,223.1076058377984,88.58139355204251,114.47143383221572
291.20435745189826,223.97514282542153,86.8461679087035,113.53469970071946
288.11904905035897,223.0470761222229,88.89154057115707,114.24730893719484
289.1898212813066,223.5748868801974,89.02184669519932,114.52457316343333
289.80662985629857,223.54882058471625,88.42003496513719,114.24986249267688
290.172939172396,224.33732340024892,87.28968073723927,113.38559489872092
288.68235023969146,222.62718779823967,89.54017622960151,114.46763978438001
290.86251778653207,223.7212826060877,88.25863752263905,114.48477243430895
290.83542847970546,224.22551132917062,87.62729977887035,113.89999052525249
288.97065521516527,222.7657654736861,88.40997741146636,114.6589902928622
290.4008655486764,222.91605321733613,88.39788438116288,114.498521006734
291.0264267855788,224.10530399110746,86.92908002259242,113.47979118770698
288.9618992948456,222.8248083205554,89.90035912515255,114.84336431592044
290.3469593902836,223.999440623003,88.46635953974535,114.00264463290026
288.3629990082841,223.59810417988837,88.69261160257243,114.21654188436392
291.3073464002584,224.2027075283769,88.59017170143638,113.92530393738681
287.156094518089,222.65911324208685,89.5889950458533,115.22657332051378
292.2818138071517,224.22997555489948,87.3901992899934,113.76474981793542
288.3406770448557,223.51301069097545,87.9258846798199,114.2341104539866
290.9284255882277,223.498363800674,87.62047426299767,113.93363128537074
290.9640827005231,225.46554062322127,86.74901965754758,113.10172515004183
290.55239125113735,223.7989602137993,87.4686733082722,113.7460737130264
289.90438039052214,222.71476636575187,89.05110250020576,114.84857395794938
290.7272719454438,224.65106827738538,87.50975054270606,113.04631315226047
289.46297597090717,223.93192843614003,89.57468892732632,114.08887139920432
290.52617421896684,225.60611719641557,88.01390522417567,113.04652415209074
289.35836511050525,223.44356786458448,88.87830151727071,114.16211964192479
290.9491095100329,224.06872090535884,88.39770993501236,113.94565755451669
289.739368032652,224.24697757965984,88.56884083899284,113.90494010435219
289.4772382523278,224.6801573309014,88.63609966721938,113.7522952014784
288.47332960544145,223.7418863191332,89.12716281060142,114.13411676603047
289.92170166788765,223.8939955722047,88.47657347086536,113.86484088684062
290.00481018476063,223.89506246191274,88.37407714024432,113.85730549609639
290.1175985273244,223.19859310291963,88.66702462503876,114.14334113791071
290.04984771442815,223.12583073198005,88.26105286215929,113.97886832119619
291.19737694749836,223.55259523187092,87.36418775539386,113.97003536633626
288.364045559035,222.01632843553352,88.60842621591436,114.9311187636986
290.2114330200692,222.53787784136918,88.71699602040846,115.20824089929289
290.9710510271409,223.020031379492,86.99640502579629,113.99280467265663
289.7042458210633,220.37706093065623,87.62962481295158,115.42892257228127
291.11386007974716,217.11702038651174,86.04806719402134,117.11480566252341
291.4991699663682,214.33529423265585,84.71705313366982,118.36908438625079
291.269914064452,211.5878290994336,83.98067968359595,119.14221289488279
291.3392104017716,209.34642740400668,83.83976767301934,118.99632365878351
292.2257410448198,207.98754984368475,83.94539901387601,119.10119425794298
294.5980510602055,204.85547034499794,83.88794328974531,118.88009324555098
297.1068183540493,199.25431801683789,85.05909888760442,120.16961714015233
300.09124587298913,194.57647639743976,86.56131318566236,121.55371224418298
302.3641236830699,190.2244188528578,87.90825776081327,120.9480739153781
305.56013316735755,186.320356229448,88.7658420637224,119.46783856649458
310.62741209853215,181.28072251115677,89.77728029512319,118.6574880831552
315.4921858265834,176.1072712060128,91.0059237569894,117.83135602547438
322.58720889363946,169.03663008131662,91.1473900740492,118.7725650326793
327.7398726351734,164.88773098068424,93.08797323551254,118.83449287261588
332.36760503694677,157.46423131932266,96.66411243587211,120.16223560354216
339.90864964135113,150.28647740664388,95.25026663526647,122.2533391320247
345.7076883795787,145.36025075204256,96.28832807482692,123.32808248028988
351.40807027953514,139.73288990076742,97.36849078858597,124.56016013987139
355.8414560363587,136.0905921045909,101.01093558353261,123.95071276347444
360.59138650771274,128.17538825540197,105.60317669160577,128.7968980497429
369.5219657841804,125.64210432596747,107.19935456445168,130.84060824259632
375.6734665305013,121.8468142533178,109.32478935110674,133.14117984297377
380.2275992478424,121.32044008837978,109.31869676798703,132.13713495995918
386.1733397874931,126.04697148756341,105.38662730977947,127.46962514010757
395.2979564483543,122.1516888562924,107.3183632263383,126.51733151593083
403.344114090686,121.45448151630482,114.11175961159674,125.48681943809348
407.4497975131656,121.58238709810358,114.4508383232782,125.21086667293346
421.8214065528472,127.56916739512465,108.08243713844624,122.5339064206882
434.9173659870062,130.12714131834878,99.97721870958138,120.28474934572434
435.0112931113099,130.86312138434602,99.58465254691143,118.06712270982356
437.1529075092209,132.961222745409,100.04602213976139,116.53064899160387
445.38065890170236,135.49772244357362,96.56357233331407,114.3560565776965
451.17006394205845,136.43925012492446,94.03850370767995,113.04087230874487
453.4864326885263,137.7409971530494,93.12530967177558,111.77157625054183
455.07914383176114,140.21766968603438,93.2899850415559,111.59472044238434
464.2445090136979,142.60464684803938,89.20235770502603,110.78460278829624
465.67119441277833,148.119549621275,88.94865731702143,109.25821521057497
471.2213486854172,151.49989097498732,86.15254799049382,107.18469680979096
472.4663366531273,155.4090640677965,85.43549075624534,106.39616629800078
475.5590062884934,160.48678294357933,84.56478771598195,105.41126077299757
479.0417095084816,163.6437459388435,83.6004799088181,103.97273151098489
479.04516730192165,166.55572495758275,84.05572252506299,103.04318265319385
479.3536191974571,170.41234829203688,85.26984290391403,102.61588569131686
482.0426534846849,171.11620694468354,85.0946551888334,101.50611150125792
479.4035776081402,173.80626856534474,87.52176324075087,101.18366648259178
480.0790525038949,174.55611237954326,86.6266545136946,100.23268490888225
479.79893264353603,178.15699367812402,85.75568085550609,99.21265448945505
477.7035081752749,181.68299103721284,85.95110742874705,99.03999326737122
473.81483250440994,183.58073089496077,86.82327688571142,99.53101257531284
472.1895791370391,184.0054038978609,87.34755681381245,100.67760773162198
471.3258610516352,183.974859866931,85.67368683227653,101.27437084230984
471.60447284366126,185.51381179606284,83.11457115838056,100.48882538248367
467.3762087118987,184.25630285653983,82.89333452932756,100.04589648418599
468.6098712336621,184.32685265276143,80.90608150728515,98.59113722377401
464.2924476247745,183.20683649436216,81.23395240670098,97.61202281205689
466.36624780902775,184.19948463588338,78.60896556358506,96.26167525948325
461.7508865066763,181.71990374661732,79.25478826594428,96.98841516301536
463.06136438122223,182.2627223690181,78.39512402075863,96.1210091193857
457.8160100463786,180.82880111037153,80.34136857911783,96.10103425386632
466.03495362789374,182.15902457140825,74.99558346686877,94.473576833746
459.14726219485493,180.47064405246232,77.13266066888389,94.07293308648158
466.23741676887863,180.36705485990078,73.93269820052396,92.77751747746407
464.2642594169412,177.6665339333788,74.31629928135209,93.18341162542991
466.98987232881666,174.71673961796418,74.87294699275725,94.01332862539975
468.51956215977214,172.2276903105883,74.80343549490884,94.68893700577654
466.23755813860964,168.09660332369677,77.14243743371819,96.1098329033877
464.73588626270913,166.23596563279136,80.9237047695036,96.46831531644854
467.34528006740516,164.8280877199337,81.76033708198656,97.35182016560134
470.03479133084863,163.55435371349688,81.47631577580268,97.26665878394375
469.64647415594357,162.73235519967488,81.72606413928477,97.77112944440023
470.35813078934973,161.5588939746752,81.05690126309737,98.34424818346214
471.2847496553348,160.85705538755911,80.30308980065855,98.66677911745992
470.4231338713914,160.1655961075557,79.15315242323283,98.7881925505136
471.9761933225323,160.80894487738615,76.0930845463416,98.36181605577457
469.3976562113781,161.34011007585298,74.71851204013441,97.95982501430964
467.88600198197577,159.2189746451442,74.594573184486,98.00742424486788
463.4298471346341,157.65980945914063,75.3339092463568,99.13289573015624
463.2004462792213,156.80076938582337,77.00978249038559,100.18236625765012
462.3128676828076,154.62166459284532,79.79064647032229,101.49550138071558
462.86817735289515,153.3708481046407,82.97790921022532,103.035983234078
462.7231670860393,151.51200125521905,87.16996831815572,104.95741228448378
463.643074995153,149.73485548225352,90.29499624992842,106.70777926986793
464.1563316763553,148.2960740939394,93.55788108088308,108.06651270079306
464.5123829169363,148.4461804243691,96.89695657823681,109.03683837001184
465.6066175424228,148.9153714603587,98.99062233702949,109.16220751873576
466.86305630922817,148.52243339935632,100.178519949903,109.57216811339674
468.7088716270896,146.70724881912588,100.73179287863331,110.35002872893577
467.35417925125904,147.37256075501,100.74806239591939,110.64541193724563
467.2964649654085,146.68408595348535,99.55047216879228,111.49324777076367
468.0020325331319,146.58594773933788,98.24022814662676,112.0275674119492
469.1545817730303,145.84981737481297,94.65384914925185,111.79746608045218
472.3341896481747,144.60016499938456,92.38377524466625,112.05430867310588
472.08108523411664,143.66196880295942,92.01086419973547,113.08466224759677
471.05805578387947,141.83300623579726,95.23584766075672,115.06402903231171
471.7928109849922,139.97227510799024,94.43839536400003,114.56512385628515
467.6625904568634,139.6709025845742,93.67408666439809,115.48055200858595
466.67953316242495,140.85399571679005,91.69501082358761,115.47483937696676
458.2939076780749,138.5597520865185,91.85487263213139,115.57388571954112
454.36844758334763,142.74706858263244,92.09782163017974,115.88547098903199
447.70788479197415,142.65550632020768,90.81158637308297,116.53322564083467
442.1562778725134,142.45967103818276,90.10385660848888,117.7243957166032
437.06225946644156,143.60171876070535,89.30715220969495,118.43093137507364
429.96876436940136,146.6570193329461,91.0372637416661,118.12242373645151
417.26120724068414,146.124644009642,98.7472998741004,117.53443390454416
392.99670419323564,141.41689375329213,111.74945050024743,119.93690341138446
384.0460224784227,140.6267625233486,119.3456076310453,121.93440219939654
378.0929487001008,140.64599937337888,120.57768292206399,122.85006057941412
375.32695339663695,141.04164648026412,119.00649359735107,123.87263965665925
373.62808395778393,142.88539339231954,113.38717314888521,124.63067195559526
372.5429084969363,142.8925123014888,111.98238979323679,127.24735454741298
370.1273779978236,142.02763310403876,110.03662584029026,128.72131460246936
371.8821238900243,142.7079909481314,109.6063882062796,129.34186112131533
373.5870841869482,144.0212994029248,109.12670442883802,128.61319343047853
372.5390880288419,143.5702897458401,115.7171425458319,129.58143588917915
373.9366815939746,144.34718127469552,124.58516342337897,133.13162622014022
371.44530879756434,147.08388948618838,135.3462903638557,138.15845393777948
372.3183407363564,150.68873100867083,144.1193915253341,150.31772841234584
371.98810780160983,152.3595391279539,150.0977895237335,164.09232311127968
368.8146514111214,153.5618802027878,151.13385025392898,176.99245053192445
369.42897243795056,154.80308326955503,152.9639850557395,192.72629195698366
367.8613872653383,152.6135811156406,153.6340064751828,198.17719567887502
360.8306126249622,153.87057254443167,156.592528412185,199.99878411035542
358.2555110192269,156.0247920547604,157.67028289318682,199.03153161313543
355.49770151107947,159.67930262779134,155.8153574758879,196.36106027176106
348.7794607757921,165.95831739582488,152.5417559386502,190.91625095053774
345.8781298527403,163.10346643565708,142.42235967928502,190.47122874977958
334.44909131772204,157.00152733248814,135.7384445618216,188.34075637017997
327.52347165190986,157.03490871477558,129.8924793036022,179.16174995326134
318.89212814118525,161.89106923898916,126.11238068052009,168.58517109233418
304.5382633695204,166.23305159846961,123.14805211838106,157.97084748665455
296.14564419838973,172.12287494590004,116.9403095036112,147.40573936601243
290.57463549205147,175.8253153759984,109.75133326394392,135.33087559565942
284.05601028478515,178.14974400307563,104.85849944996096,128.96842581220812
278.4802879997969,177.6087315181299,101.42046648087499,127.08746860436521
273.28664364797635,174.96788389654816,99.52494878803174,128.97621951159118
265.0416596590764,172.8018718477265,100.22713600411282,128.9367226131408
260.57625904518454,170.66151783002772,101.64893454634966,129.05599266025703
258.675254733152,168.7241891120263,102.44242876611793,129.56077704938488
256.85586338255325,167.96089913370895,103.87503470950287,129.96058698648838
255.98914210836466,164.92909928027922,106.23292794147378,131.52357634178534
259.2919328120014,160.42131302546338,107.80614902443469,132.214197679542
261.55989041646006,157.3442271224748,109.64120549520491,129.54891147770667
267.25326372403083,152.75228943472257,112.21890590154766,131.3018786500861
272.27662258768976,146.2562910186876,112.9682086820423,131.28862645871857
278.4662234050627,139.42555163958093,111.50804391253088,129.3956618575569
284.8764515001932,133.6260593791966,110.58077619883238,129.3869193275443
292.01478698445914,124.72170086187712,108.82003540608169,132.36845740710513
299.72247424928935,115.20824731529967,106.6327797729057,135.62534496901003
304.52692689778723,108.77751765114212,107.60804195637861,136.29237680709076
308.3833873604373,101.14280070897192,108.62507098225035,136.4019290996343
311.5306563151409,93.81669436563686,111.45364098299942,137.10068109294502
311.1372770815884,88.1205841130994,114.31782254580747,139.39405516247308
308.3615535802642,81.85134061523334,116.48041456798722,141.4825909863302
307.5289545566935,75.67115104583567,115.60947980262864,140.34779190246928
307.0620962254789,70.37174831800142,109.06666448263596,139.81595160618465
301.87322181238744,66.01359235827233,106.65370285960013,139.03717685572096
297.9895693948568,60.77438914671673,105.45079285091137,138.87941384523842
291.3321087264363,54.62414907598486,103.4583106232993,136.03453876209278
288.9635962256183,47.66037755726883,99.99968743157586,133.4788664674936
286.42562536529147,44.3009278129835,96.73078051941712,129.76145614161112
279.96535011174666,44.16688815908035,97.01589401478796,125.29455009785492
278.35848260386547,45.107455402514276,93.33625744851904,121.42193001528395
275.2106192758881,47.05825427933408,89.73269211228626,118.25879661711309
274.7224334382556,46.51041276225726,88.20616461762934,116.22038541298548
273.4713529986631,48.72902714294894,86.76765166868935,115.33067252074275
273.34724889518867,51.44123617665251,85.11107471938826,115.83255450216373
271.980100555716,54.99733623393321,84.06341949403681,114.50273353799295
273.92232269252236,54.72163727517308,82.85081970284591,113.39867491254446
275.1788911316406,57.55696909022362,81.92230806875001,113.71577373361526
276.13024557270916,59.1020709738078,82.43796466512853,114.06688466371253
276.6687668165294,62.344795031238846,84.24843438451937,114.26054421486606
283.82960484808183,64.05921905197145,84.69467213977383,114.94616760894772
288.47671247440076,67.97817424880955,86.17581699455788,115.9060782601934
295.9408784529163,75.1367715342868,86.56196868010485,115.83705263455143
303.4836276520918,82.92229563924073,90.24600153175393,115.21876321370604
309.43864231418416,89.00274430560071,93.52643241264727,116.0155380001267
316.0433410449825,96.50942952285784,95.92210697253492,115.93368612029994
324.17195609766685,106.3632798161197,97.92506973826008,118.23605633455749
333.9159310774692,115.14469319271201,98.2935956087334,121.2438472571541
339.8985609180352,124.82366222682073,97.39370457994528,124.81748877878042
344.7649705713506,133.16157937676692,98.60189479479875,127.44316815076303
344.25061951696944,138.49881432444352,104.59486081957675,128.34715894876922
343.5743348072265,146.4705485552053,108.56452618632832,131.58157745013625
346.1303439394086,155.49430299319596,110.94274229696404,142.54093502923308
346.41090060476915,160.21039991845294,109.0986394642898,148.44553317090666
346.49211051320736,162.93492570259764,109.12481828022588,157.55531949324222
339.94850299060965,160.40467430469968,106.62255578635879,156.43076369528814
336.6341778678436,165.55977512168903,104.69041501626583,153.4135918464657
334.536442409432,166.3460033450791,101.67537567918285,148.9210304192168
322.723777681744,172.52275979193735,97.32643145291817,138.49216962510968
315.15852174282224,173.9539466797876,92.31232052802741,127.24976044901855
308.19173919703707,176.7049593565336,85.7250421137384,118.32216746857338
303.5787499857625,174.7737632837326,81.55621462808435,114.75908353995666
298.68118390880835,172.29179814720027,81.02874546363326,111.72569935989634
293.6105175649038,167.52187656603132,78.98318850300497,108.65784598903113
289.8842727653273,165.0018987504161,78.25260315098599,108.23549082924595
291.5211891447136,162.01630310071977,77.9505416324478,107.39204589816985
293.26568857523455,159.80884821055537,79.59719340617151,108.25141368631117
295.0192491329584,161.34717754794934,79.98615993720814,108.64097205253881
298.3933904773206,159.09310452426607,79.06716191645248,110.04432073662413
300.84659135215236,157.88055957448802,77.44585538163282,108.55650780414898
305.30948387784116,155.94242226171474,75.67580153142708,107.48484541797674
307.9120239319349,154.94224761899494,76.0354186888645,106.6918597424789
309.79281909934616,151.46171450471192,77.46029075638577,107.25952387143553
312.22409589325434,148.1294656763831,80.099568223257,106.86484794410883
311.9053189064261,146.3840429049904,82.67489685511659,108.37159314509731
311.1089162453643,144.44946960259264,85.25009353466201,108.39042847059596
309.23976937814143,142.96705819361893,86.87937848004525,108.350032782684
306.2611127601325,142.21620249624826,87.73216901098495,108.8660874391441
305.01542152314164,140.79209949983087,87.79145309629479,110.146452855807
303.53290847297154,139.23314784452677,87.11615937241629,110.93897774844646
299.2360839767462,138.56969444995633,86.43432618713258,109.76954664696234
295.43619977738786,138.3460621638983,85.79486729092747,109.54905609212526
289.6051751829466,138.66518049876834,85.70304074738809,109.30663241066648
287.7404040978745,138.19354844070142,85.64245230229788,109.26750516937844
282.6938336470831,137.62123009147373,85.69448602614622,109.44778639908378
282.7527335094903,136.05261724390297,84.75249806890992,108.8926292817253
283.5912092491255,133.7629047210805,84.8855746658115,108.88214954221398
284.3661835254268,133.8489841167303,85.92543934563088,108.22857595599254
285.8783552258487,133.9821220510326,87.11157568111514,107.24992826121601
288.5277326054174,132.7329523680823,87.78794909580586,106.65463969742919
289.56673528245335,130.10643368554094,88.87666127103077,108.0132068476681
290.193515232593,128.69921321077732,89.89946855825153,109.09977304133596
290.7708667893165,129.0719137132118,89.8657981596482,109.6496296048264
289.71250209380867,128.7577034680216,90.11375313660139,110.17642656005057
286.14635228647694,128.97769583574342,90.89857960673363,109.77498552577882
284.5887029548488,128.84855496841612,91.66027109225541,108.9434235104334
286.66946728024743,128.60297130660547,91.9234555762239,109.68684913483594
290.98562403831016,127.46322572263334,91.24951608353588,110.5139477246552
291.6973859802006,127.83874634050134,91.3892856567864,110.47384398891919
293.07141490980916,127.48908616468906,91.12813575655355,109.17832181124689
293.6656484113278,129.15785558607573,91.31912431992248,109.31026539034855
293.59359684262665,128.39932958631397,91.46634025029363,109.21998706760644
290.7457461847429,127.7777800621369,91.43734063832666,108.81889055931995
294.0489130845003,128.78506477632968,91.4205454130306,109.0366209356219
294.1551919235962,128.37650812772017,92.04511542038573,107.80026743596592
294.67629806699654,126.5829886250455,92.44104400272568,108.76581596279962
293.43213972873224,125.93521282646017,92.57019930230115,109.21734290176715
296.9951565945835,125.53228238707973,93.80955253348935,109.17154972779366
297.08908239760274,124.4210765752722,93.99422900362268,109.18070451547123
295.30456456756025,124.91300989444328,94.02658253480135,108.94818065056657
293.570315999522,124.6197422118752,94.47612825486227,109.56047285164023
296.88793654362485,127.30774677900766,93.37305269400032,108.91740439120343
296.53650703920385,127.03070046751242,93.83512801143601,108.10733075442829
295.983816589418,127.02938544599975,93.66261584460156,108.44443345370362
297.3910797085515,127.12344844331517,93.5924133368032,108.18977913876029
298.55881698865664,125.69573557014385,93.6147878976867,109.00629497299354
299.66053326987543,127.94532112258818,93.60657628251477,108.08573714935488
300.7578173918405,128.98322644963162,93.66191648585033,107.59394138784613
300.4993058175521,128.63256922329123,93.82316570864577,107.39883250068318
301.8349843316975,129.15493123363257,94.13215536004243,107.2124153647661
301.6293782417479,129.14451466913005,94.36795250087926,107.05594136486494
300.4869570587672,128.42814611281614,94.57073309926253,106.66952564546145
301.09384610877487,129.33884548606562,95.04036564377844,105.88960028763437
300.3733475914693,128.72911649738603,95.03656897721764,106.11378848960294
299.7269084596005,127.28587750687723,95.41361472142395,106.71462193937055
300.180726461611,126.98898494232525,96.66003145177791,106.44085335753701
298.9232367034973,128.60087620998075,97.1716845519897,105.626738790976
298.0624970802941,126.65125788603355,97.38150608355241,105.83267709902665
297.5247555990565,127.05204618648779,97.98781179993384,105.16885684577443
295.8165688343645,124.86718626292178,98.42826369845855,105.5526758140002
297.68654433584703,125.7268306949361,99.29320161150908,105.31055980153407
298.5641973729298,123.32792693105786,97.57234988304658,105.70657289569678
298.908948088128,125.01262949678025,97.30154962452531,106.26850321347075
298.39908339694875,122.6405435462585,96.45018525688369,107.08381158912361
297.29313680090956,123.06720547247505,96.81576497239959,107.77492133044052
295.89128164060673,123.25640368132849,97.13375751956778,109.88151026429615
292.26704981514723,123.23442666743881,96.28981394392427,108.92866863777861
291.30277033596735,120.64188224052315,95.97884043158098,109.60704362442246
285.1125791969223,122.09560004435009,96.03588896943661,110.09697740153419
286.96480407253796,118.91864715655001,94.17329712836163,112.41096618494686
286.85256080020656,117.52943883475969,93.57109299919625,112.66860035782437
284.684694988733,116.57700196525934,93.35125211237772,112.80568234877819
286.0656948227887,115.19918071360127,93.28300854778192,112.78767372904748
287.61018713164015,114.4996780119155,91.63283618593847,112.53897405429399
285.2443607215851,113.86840842830667,91.97172777557981,112.63217118049604
286.13811244152726,113.1813370392444,92.01134225561742,112.56893602893308
286.660087332328,113.56736237526302,91.54060414393786,111.64017759322397
287.9173332905192,114.42497897362281,91.87392106544596,111.89949273634812
288.97743264808827,111.94582729515986,91.97415081710473,111.94034614210217
286.85086500737367,110.7123001667298,91.50655245595578,112.55846241068102
291.01163332322096,110.79484661178712,90.69807734769867,112.73412879791013
294.901218809395,107.78248152026127,88.5619117464444,112.64658481103996
297.1757095976538,106.71725679166298,87.37209154687994,111.68111752018966
299.97509084745946,106.61161708080937,85.88596942812802,111.04916574072502
299.6288157805326,104.25921905345886,86.16344998190353,110.8961431919104
299.3041391326006,104.18254721494975,87.04180718401759,109.74525713260049
304.1746152864812,102.10642620630115,88.69544716141267,107.0320206342727
304.94674955082667,101.24803065718578,91.57760075186226,108.07504464265969
310.38721673084825,100.01015952217347,92.81843152853784,108.34558671737183
312.3228801098573,103.15827160562837,93.69417508301974,107.40754736491513
318.2514991586762,103.36677091856357,93.7765426982726,107.82358706912285
319.5022622936164,105.31202783689365,96.64281427995468,109.91067333011895
326.50083517651433,105.04946424006316,99.2748799399401,112.9471225452643
328.7884262196575,109.64613475954809,101.35335385951316,120.00024146723194
333.4061417196043,106.98413001787831,100.84189136547892,124.65036179041525
336.1912044265451,108.88247243086192,98.06854939886293,128.5980312124949
342.02677486114607,107.23338937629472,99.25519661559849,133.22410869858243
344.7220624833125,108.14020743225046,99.65292093181242,133.58048601440532
346.83410421522177,108.37849814140165,100.81726520236893,134.71645342422795
351.6268679123628,108.12494339169533,102.23716993699311,137.88292571660935
353.0789199142746,106.35589679776743,105.4778108062165,138.43319541813702
355.8716982220891,108.87619473474243,106.95350296988431,137.98335882153077
359.3300363986169,108.06967310074361,108.6957316461255,136.7162751364034
357.9153565463803,109.57342194185799,110.62744730763012,134.73291685847153
360.0899021950657,112.49267426399895,109.65298979932172,132.32110899153335
364.35860434776237,112.03531784057255,108.47685258377211,130.81409942627678
366.8730746419784,111.77289045859047,107.71692444651195,128.6289322175847
369.16569615636445,111.69465481965273,106.60607716969298,126.20495915952267
372.29060987586024,113.23703033185797,104.9261349846077,124.18408142612782
372.4122232376142,117.18003258245515,104.88847466734966,123.38349562610532
371.17141275915674,115.09463067745688,105.08432902270212,123.57526501227375
374.02844308262246,114.95719366542554,103.24883893241137,123.1522325421958
373.09174134933346,114.48937489970793,102.28218502594243,123.85254902870915
374.5594164890244,114.39847185857147,100.56161746140438,124.52474207387269
375.475204244588,115.49762420680455,98.62478682332409,123.91939392037527
376.1069968443302,117.32744381208852,96.41677413360526,124.07417731722921
376.6317504741713,120.43986571971976,93.77696536025107,123.0060412656386
377.3467531768671,119.49007585693062,91.74603832400025,124.67387050293564
378.1024412343981,117.82694581391601,91.66163364448506,124.68195431943361
378.451265029476,118.16785364359929,92.67309249964167,122.22950877725455
379.69458704574294,117.4234908904808,92.50056589874848,120.18774722294464
381.2556874970171,119.3685147361172,92.5631794493252,118.59793146526559
387.6423678478376,120.05384437306327,92.35360048596539,118.50125900777971
391.752912397455,121.55067917721931,92.96500040040246,119.38887602056138
393.8756225168893,124.01125256377728,94.20639656778394,118.26188818299232
395.97898464200125,126.57266101855447,95.88648262029443,118.51983909570356
398.3655552961808,128.88757564856454,96.90222070646651,119.51983161302718
407.16235610239704,130.46805136843412,97.2881723166903,120.30577958735051
407.0430950721384,134.26516632661108,99.04973514869202,121.01663389951221
410.133332014651,136.8399969959208,100.56472635155741,121.44085561753339
413.8448250226067,138.39599085952966,101.06254722041162,122.79944894500316
414.57005905519327,140.29914322180335,102.01250029781664,124.64982146654955
413.8917115716204,141.8609675559777,103.1309750501185,127.33967987827896
412.4346229486956,143.26096495172462,104.83201753034311,129.5773437781914
409.34645943179015,144.86555874601734,107.39249983759157,130.3897015997622
404.2734728379823,145.29695752139554,112.04637707794167,132.00551122674014
398.65205930499775,145.94387933443883,117.16038944664515,133.93224865534108
388.9884520508547,146.13083097335067,123.93291645493133,133.70309025056426
382.05702729723976,149.92652391546684,128.09956845239554,136.66352321398819
379.0705630664606,149.37757453039598,128.3879266014538,142.16181260912992
373.99120924275223,150.10622030052684,126.17364840902681,142.0694502680869
373.46039618141765,149.8695247298711,121.20811388716473,140.31066367502342
372.73301173712116,144.47399140040773,112.13242623278887,138.27836607613767
367.5053377134152,146.18975161271374,108.77905845988835,131.20249750699438
364.31410275359735,146.44625439733275,107.53106573303961,129.07639379322512
359.2565060350352,142.21696711997996,105.99415956078892,126.79882332839946
354.92043504525134,138.5067520836711,103.77451687238789,130.07542405531404
354.47790095636384,135.39666393226037,100.84845834117853,129.82047218430736
353.1569110419903,132.4883004583516,97.35860223242564,129.8494488879843
351.50310656335614,132.1392724458332,92.98612696117829,130.40404177825548
352.62337575910465,128.0690115664866,89.70475605015014,130.97803521663616
349.90684594961573,126.70376056204317,88.44561596209665,129.18381798724178
348.31975127222097,126.76762057094606,88.09734437938613,125.4268560260766
345.5222044416921,124.65848068595716,88.93712798185011,122.40661040542942
342.5197049785991,124.68379159907596,90.39851728889553,121.50900371591057
