23.0,88.0,66,55
22.62699000841151,88.11034226511651,66.43686165798167,53.858172891641956
22.799874933428235,88.05588255050753,66.35306995736228,53.349614903867746
23.619087280388044,88.38882692916584,66.23936450172391,53.22417719635581
23.494631541688207,88.56966630191154,66.01029441174077,52.9298507457863
23.776149971117874,88.00436644897982,65.54471543862363,52.54450501707943
23.001405664459938,89.58611283281077,65.40638361736919,51.91775541348002
24.430787833489134,89.59768010983959,64.65201991407642,51.7774638770005
24.769185580979546,89.7469094023493,64.4942673878456,51.239579632801394
24.16935437996036,88.6185183126774,64.15689670882928,50.92762096741863
25.215933074942882,88.76377505164206,63.809329528825174,50.9879833439815
24.64810443670985,88.40486189555017,64.14954613146311,51.0595236454231
25.449656473720104,87.69510268033636,63.330926920723854,50.55670931217885
25.457964870444656,87.41334515063038,62.804117256181,50.389969244637676
26.581042857534435,86.61621053915675,62.26187973903269,49.65892108477242
27.25706326295245,85.70407129055934,61.86238409421229,49.16668652044383
27.100813621121382,84.35652040655603,61.73346186908536,48.94558955798168
29.305629887804827,84.69232912832332,61.0761791892341,48.922638496283035
29.088213075418246,84.12899930477018,60.76406457181976,48.45264897346747
29.431692135409705,85.01388750619472,60.445972418633716,48.00584009991525
29.543313078596988,85.2422020704445,59.74764813479821,47.065370029032856
29.944229104729715,85.88066895375601,59.850830120618696,46.87997373799577
31.167364307209013,85.50413997167263,59.08755837288666,46.799489832045374
31.89656870372642,86.05999502551953,58.56869425758622,46.960851013414086
31.963585388310726,85.74331092151013,58.25190637181605,46.672924055417255
32.41162339370277,85.88059604670357,58.053172279977275,46.18193839975693
34.123480720560586,85.98994509682237,57.99528709403508,45.40293756514432
33.69643275317418,85.47361119264994,57.56280771142508,45.48223623286418
35.030311585930114,86.29476299473617,57.24514770216321,45.5371982536917
35.646149914716126,85.56185725668195,56.56684628873181,45.16104500812048
36.10265533790468,85.89655573699774,56.06328978805783,44.993540137332644
37.144979771500196,87.03240469586615,55.73762834762461,44.8199104569005
36.955543643013044,87.17113236722994,55.600051629989544,44.35129300479793
38.37343616798463,86.63769284007252,55.37487754196043,43.81174200540184
39.042251292861295,86.67310363614851,54.89671384494148,43.399947512859214
39.98715406166967,87.16289443461048,54.78162754560597,43.31466828409936
40.393150274892506,85.75295160243726,54.242477526386864,43.33738903145361
40.48818598865197,84.93990917053088,54.320167329336684,43.024951556399174
40.51269891118443,84.71956706246898,53.919517949115516,42.703749175843285
41.89046142658268,83.19957074605716,53.54454711753776,42.34123021198724
42.89065822565557,82.28034348804819,53.48708564829823,42.218945592263
42.949007299035735,81.8095308846001,53.12610954743634,42.259020506190446
43.46378650207865,81.97382418973933,52.77344628295209,42.04183831485726
45.24243659823892,82.85634961009235,52.078237155084665,41.510536863799665
45.06525613149867,83.40928102480143,51.848720525088595,41.34122798945963
45.75926062575098,84.79704005675393,51.59743028658397,41.15917000856246
46.21490803293254,86.06910496963653,51.014687718314605,40.86705434295351
46.77391415999074,87.4717676690938,50.61779057650289,40.55350445673429
47.33647080453363,87.76751234955644,50.16346891339367,40.29146761045744
47.936374031745956,88.2212771504868,49.71645481736746,40.12635439043267
47.37264757027867,88.27923590884184,49.83278408307547,39.89427171258976
47.76047251952792,88.02821855151977,49.38776162598321,39.56194058250733
47.63641749430025,88.19476499157649,49.21916940593076,39.395900925050135
47.85893304226259,86.92001921446987,48.8445576215295,39.389102806411806
48.90558309773746,86.54000988354001,47.81481036702507,39.0396854331153
49.335874251673104,87.28352759709443,47.49211563239597,38.63542893667052
49.206362909893336,87.41204222530487,47.15679322318208,38.39613039314024
50.30866802362748,88.71317094414907,47.05696510020597,38.20032131970967
49.13194224179333,89.11269116148429,47.05455118535865,38.089833741484554
49.76834295375225,90.67377131363368,46.934505498745494,37.82443918425608
49.49081154878287,90.71995021361613,46.949468211028,37.81389901124429
50.856821040401584,91.21844642484528,46.63833240650152,37.54508652042662
50.41384156242205,90.7961839575205,46.58802732437465,37.52271387206838
50.05539635885593,90.59781489591522,46.30655042193657,37.59077767887269
50.699658684556894,91.33106189289751,45.779530897487774,37.15478600424403
50.923174805180075,91.37749799278313,45.477655516592975,37.20693333572281
50.95538852531539,90.8879823991002,45.42340568862703,37.11777299476837
51.24265329756436,89.74750861469151,45.730254317957225,36.77253037803885
50.63899822261237,89.4452536260002,45.50291786141589,36.600612132765235
51.27019665165159,89.04577104217391,45.314983893962456,36.431605498659984
51.90358626883369,88.695058320529,45.321275948660734,36.426549008356076
52.25544531780049,88.04157265302943,44.839298573383395,36.06005842929269
52.02834356158726,87.00310826699751,44.92036365807548,35.88250111737214
52.90242462982398,87.83868234010292,44.20868528625047,35.8520390063176
52.85343213545508,86.49877399854931,44.36416539217578,35.247553931612316
52.43735566494743,86.48620527010686,44.33764523748795,35.204896588692506
53.67438816804969,87.3878676976257,43.583398346517804,34.97630928248297
53.89842315083294,87.86845538863129,43.40005311239663,34.71316246492493
53.897010927107125,87.22556798399546,43.14282201785606,34.62109913943097
54.43085389356533,86.89711277865527,42.74847592868966,34.30654348565821
54.910225067990524,86.83153317861937,42.59231536694865,34.17012456073001
55.337643547216175,86.72961710981025,41.96901527373171,34.03479959385606
55.36537795877737,85.99767358829536,41.74222076701556,34.07977184196397
56.1674054237761,83.99744110123552,41.30637872764311,33.74619140592738
56.16811615939245,84.61470946618329,41.46447263726979,33.47137147290685
57.19742586817885,84.61686491910642,40.63935846872043,33.50676393620123
55.946096582358074,85.75623894863372,41.12294355403385,33.74655530585755
57.109573936814286,86.16192094513917,40.78532295156674,33.48545376401852
56.72471573332254,85.8216235185903,40.65371794741743,33.33033999895222
56.681173389638985,86.29889274229606,40.83420168263609,32.9915547253688
56.70709656634814,86.2283103606369,40.57424070519435,33.03411719376528
57.84077082572125,85.60308858266974,40.073402196213756,33.061889240910524
57.71931749944068,85.2615044143843,39.90909754506395,32.790849203457945
57.89524739923015,84.31813251109082,39.925066114625636,32.79026390848241
58.23868185934006,84.9060472693422,39.45539079792143,32.33837238026093
58.50324433469429,84.48676588754837,39.486324440962996,32.33001131572356
57.70030286419833,84.76706811247413,39.63928074621272,31.93691785220018
57.99750722449703,85.10495247338494,39.34621785081063,31.695063314948854
57.85904869727398,84.79051842538252,39.18886976853798,31.744005873844337
57.73548711936212,85.20071196918599,39.242099491744504,31.43921326865926
57.83230513601062,85.66835676758066,38.99701082172876,31.242113369135538
58.20118912157307,85.46688172654896,38.84061797267417,31.155057958034874
57.76822826405033,85.16514221909729,38.90798622092278,31.05995909207885
57.41979322683076,85.73467274149361,38.54452304340878,30.92080649455185
57.89257112187421,85.44189331070217,38.06892269765782,30.80385070769723
57.48759845807169,84.61910677982647,38.168479841669125,30.83797357413613
57.53512384267188,81.88786195517872,37.80295177754686,30.63859798905663
57.446517468671864,81.06758342846607,38.36404514078127,30.7066147592788
56.92469860670676,78.74764918764741,38.2254624057271,30.81672860224425
56.97258364691676,77.5353894838801,38.051933536244604,30.417609093763243
56.874193944172944,77.19418486024647,37.85177080306037,30.415600616421123
56.98454635751839,77.44126552220766,37.50411285136947,30.37134468800656
57.369714014786204,77.22185375888878,37.23780585714634,30.032031007613064
57.072834886775084,77.59633836440759,37.440786525277964,29.613307768255137
55.800344291565374,78.09351016910689,37.73736988854894,29.70076652702059
56.03607058559864,78.31873388121795,37.68939447333398,29.839171031509405
56.295495363262816,79.54073736973285,37.96354418558374,30.095771354284288
55.56563315639832,80.43209413220063,37.77783708075804,29.7395867600128
55.28488032382781,82.51128424515764,38.07504526054752,29.81472704191127
54.42505025998479,83.62863335411603,37.96438312260854,29.44530897536167
54.94679053505952,84.21590783557357,38.084415756052834,29.445976687251274
54.549708303698885,84.3801107757015,37.66521657131317,29.452852179065754
54.427749739217134,84.73451181041445,37.313827303792294,29.241044128194552
53.914832772185754,84.49021289160162,37.14083921637068,29.22466760058584
54.22737642307038,83.91561389373635,37.397603110890486,29.026773921511683
53.81106565443703,83.35673303031938,37.16294864718063,29.036076175689367
53.97817832943959,81.9809667188419,37.30470596319115,28.651591952941196
53.520710791271554,80.90432782504499,37.23840935007407,28.468123524714702
52.609669206078934,80.24884819849801,37.26872921479525,28.23893690378522
52.92522136060367,80.77710744886208,36.79192178074579,28.251769599346154
53.04138981194281,80.85735426018503,36.63398673353626,28.130201147598672
52.08600420966621,81.37759085137515,36.69937524765977,28.029181090218472
51.553255910814826,81.34011730689424,36.86756349575315,27.869768437969324
52.07326149850414,81.63563193859544,36.2169718760386,27.888587197027885
51.59277477167547,81.61635033144533,36.14288826182484,27.852977437695277
50.26124585017047,82.4179723503091,36.70021032602625,27.626518678288036
50.064496674982905,83.11237307740322,36.0766951265967,27.314606262185748
49.74463636284334,82.12506330688552,36.55633579482114,27.304782138670348
49.2432973200099,82.56768778045891,36.05717519640598,27.23983043273452
49.86545944554744,82.6284260393583,35.446502678729345,26.982726168353697
48.99737527583496,82.13275525091298,35.19355053475586,26.910652217900605
48.67413805583564,81.6353159914223,35.254423168113874,26.828916356999144
49.065195679765054,81.66738392034439,35.04305529574333,26.72191093128388
48.43021705554451,81.15652269070172,34.96035904076645,26.680080534123896
47.9672698377943,81.82605250071383,35.020416379098904,26.4186118564825
48.10716185590685,81.67699271394594,34.93922548252223,26.49303758236202
46.29858915850744,81.21597597986148,35.213849209840596,26.601220647698902
47.000675455505075,81.42732315405965,34.96237131799375,26.40254821092366
46.12967672245825,81.37788440783719,35.17642994131397,26.511794050536558
46.016521394210386,81.9844273700756,34.48429882534876,26.39596001814958
44.81709794635114,81.82761456048875,34.21116390954381,26.95793005870999
44.451591815046775,82.81171751215226,33.923568078890824,26.833519931750182
43.87520457422236,82.59493171572282,33.89762399364513,26.749192965038738
43.907451377036935,82.99826255475259,33.6178288743441,26.839633642936235
43.46342414737629,82.55245804404844,33.13053238151696,26.44618559647344
42.85979186899773,81.18293123634898,33.221692812297505,26.252705947712194
43.54461262324517,80.46357310418466,33.077881381927625,25.884453523076
42.23796609280969,76.99075331512134,32.852261478931396,26.60487337464015
41.85580737811594,77.56183005010726,32.68974480187359,26.85558794666047
41.00378199378053,78.184137685206,32.74876840989988,26.859309468455194
40.86416290772401,77.68460107625832,33.11903288816526,26.972442134592733
41.02531617461244,78.95343090362645,32.73015225770871,26.816137765501008
40.363634127665335,79.05915211099988,32.65231701078261,26.784695655929927
39.929136071761114,80.51680792162058,32.31840174563793,26.51646350246195
38.884112716057885,81.13823029388314,32.248902558606886,26.170652449343088
38.80599625199579,81.28971875460937,32.44696745694592,26.031783804257813
38.7877346913794,81.03424436097777,32.07265531206542,26.158851976286645
37.742155409388346,81.3667532100566,32.34594278229753,25.921927234671966
37.773131287929345,81.5162107089298,32.017702267891316,25.88363235411306
37.21408639207543,81.01182094388591,32.248913092313984,25.98284309757976
36.80367189324241,81.24449941809468,32.32409847425736,25.45165973314657
36.950717318758706,81.64368261954888,32.112893365412276,25.02593584732803
35.8606243106422,81.3818621868342,32.22988510674294,25.173485709339417
36.1211580338257,81.03167502842555,32.16691702561032,25.173611307894987
35.804127813402054,81.12029731854349,32.199567554348235,25.174146879026296
35.06178969789392,81.22844521634013,32.13315735958325,24.880740792905684
34.08575407496481,81.77104843558703,32.80184237497272,24.89759276505639
33.712883539607446,81.90545379505427,32.73378644861714,24.67682434348522
33.476244023235,82.34772579107806,32.239734548744856,24.360166703976674
33.24870888576837,82.59469273401463,32.12757459906872,23.77574819896294
33.28957513545262,83.37751872188073,32.12733929208303,23.190343720789308
31.802235261813028,83.7295963384655,32.3136584436591,23.306821422190104
31.778444132947158,84.18461802544267,31.926693277074435,23.734630526263082
31.110337266047633,83.49079565520378,32.71290395911567,23.97037402162367
29.618052920089678,84.56412190530313,32.46743877651986,24.00018178753828
30.398225759075984,83.86113415711417,32.058399250891,24.298254757060732
29.840063797191316,83.91927375281725,31.811510589211117,24.313567362529565
28.881454520126905,84.35552521891336,31.822677507597753,24.31923062906782
28.1425648576044,83.75045583708466,31.90985472082636,24.45840839419005
28.780260150331383,84.40265444461312,32.32264315148567,24.082378793879222
28.497655529566252,85.50855457985776,31.750462256297183,24.505588289014938
28.167214881073782,85.33044946416932,31.836049058653217,24.334523434942614
27.517727403867337,86.60137147226263,31.638434352421577,24.585777868463026
27.266811990862394,86.41821189139104,32.135519695033025,24.345361800714013
26.516706226570296,87.16436874666348,32.41559267381253,24.59472442073553
26.388007159669172,86.81089722024049,31.865396508298375,24.530160210397923
25.834704780588485,87.60363345891656,32.267991256694124,24.713044056287984
26.444577104974954,88.16666322311784,32.17178939356572,24.780053985893232
24.618194669380077,87.97548185595687,31.64247876426719,24.636827730957343
25.849853080015674,87.96864754931593,31.40635768274209,23.792647223145472
24.325355608289815,87.54875287006087,31.35764297043209,23.20158178429234
23.873484415558792,88.245616442295,31.373644267026947,23.10394381218733
23.90703422318025,88.7118923645718,31.213847508229343,22.843915466168916
23.399277788944353,88.39701324781706,30.648099695548794,22.246378777803393
24.080576785443267,88.72282547075694,30.721025689367373,22.536061399794697
22.228240749886446,89.01190474182931,32.64241071214117,22.470224329817924
20.808185747097124,88.93393572698074,33.203155178169034,22.49180872181978
20.565933072871065,88.07980499485924,33.74079925953131,22.480397029324482
21.226743853680045,88.10409717239752,33.22788588883132,22.171299368583874
19.87672311123021,85.65584309196862,32.90073621162161,22.492833469383065
19.761155280970076,84.71730035442457,32.84035270710282,22.159942748182132
18.455707474259857,83.86718740415448,32.82204452413654,21.971023751261356
19.918001837439313,83.50158485189704,32.39988194523856,22.062542271303595
19.238199412212907,82.21431150629729,32.03778422000778,21.80376834482729
19.451218715769063,82.5100167141683,31.499250190532187,21.40358107361653
18.15547831352542,82.36129240804496,32.28682169326166,21.71494570148822
19.490762811631157,83.59609720423641,31.305080211698627,21.252500110570136
19.124249250938472,84.07445833579459,31.557287630935555,21.16716914384052
19.772211029128925,85.03239291878623,30.08926019271871,21.07670128400958
19.470625458853053,84.08982643799224,29.540591123309518,20.850902849113165
20.138463661356457,84.31436691189823,30.29987779203318,21.42463379094962
19.49736504111229,83.36217837019151,30.384366902638703,21.237107187839637
20.171607993349156,84.4669039680643,30.390624955684505,20.963904771390922
20.63662664417934,83.75753871280823,30.061852607637412,21.56066720328979
20.900417226612287,84.05446882908518,29.773544514060582,21.897684656282774
20.81113008318627,83.82501095930613,29.80835049036574,21.900927178067448
20.693574723916893,84.36751914674768,30.28572500284981,21.819511877403063
20.04693222268672,83.47739540257436,30.46377563031015,21.674268032741914
20.454283400888855,83.41464020132166,30.09209695554651,21.585941765325423
19.911242212447597,82.72837728680145,29.806337901764966,21.583559147100228
19.07397594128281,81.84688435384295,30.07745857886016,21.322764190263303
19.122613275591355,81.86410186519713,30.201161693446195,21.375975651929974
18.48027262107752,82.14199083314723,30.723872482454333,21.580016746791465
18.47372236058187,82.6559013954673,30.838558391629228,21.688532902424793
17.91302411126533,83.33825563758222,31.361940058719345,21.16623164475744
17.68921339670394,85.04739687541246,31.494398829150715,21.276963756499306
18.368587516266064,85.45883631024992,31.13031001385459,21.139219774519695
18.79448940952293,86.28503328459031,30.460894533004915,21.044549824862333
19.59976961531594,86.22301003576494,30.296585036946247,21.1135731291537
18.849138394010573,86.09082365437526,30.969691961978853,20.838128081874494
18.202262988478672,86.1304018804603,31.21777321737859,21.168471751774707
18.168903952899683,85.43454091645613,31.56668733345845,21.026372573826023
19.499824139428082,85.41409698576207,31.32233505854618,20.83013122378835
19.288624687336316,84.21462181017097,31.09843269319846,20.50983566432602
19.743752688164733,84.25511782586537,31.019834101209597,20.640544072390355
18.219114584969976,84.79143927347079,31.328288469220205,20.79079393840999
19.241509889951118,87.48123901008724,31.29082970740245,20.09872498275521
17.964117944450148,87.85084341803986,32.524049877701266,19.849491142435923
18.618671304960856,87.56254847485646,31.937973247011882,21.06073221288475
18.91359952340825,87.22479179834745,31.476511890683497,21.264970236312912
18.86347691965363,87.90670495445654,30.969037676806025,21.2901514924541
18.763466599829137,86.53315736910366,30.981863492236254,21.499526936597373
18.884345029232378,86.84707075131179,30.31535535169149,21.665538673157663
18.247472536415547,86.28511638167227,30.02217528849703,20.989955530112486
18.62553905358713,85.25990014972436,29.808034441653867,20.827855950551292
18.823781374246625,84.43504611416982,29.67348980277628,21.113184138847853
19.589493811647625,85.35152313919725,29.429815172114907,21.019724412523463
19.62183471579673,84.14278322308766,29.985624391648727,21.588502767691864
19.903540814914543,85.92900171767397,29.680856297417012,21.92762583711301
19.74996311369244,86.9372521704534,29.286748272126836,22.57196782706194
18.72615205518566,87.40226208254481,29.73930050388649,22.15271307856272
19.772948284916506,87.90416654514011,29.942186315909176,21.678139993215872
20.2797270544829,87.54607373670176,29.523958061444354,21.85089146702618
21.032186588335577,87.45044580338472,28.684596855067124,22.58386486295711
20.870942372292255,86.83544831000745,27.709912740767052,23.0394305284226
21.53409086731152,86.81471517805142,27.90898348754493,22.514368472022184
22.12321560137645,86.36673241423514,27.888693003790067,21.919794448873468
21.498281827592184,86.31950347913751,28.112231510831258,21.392143859596082
21.5095078419014,86.53342686059163,27.96815930399017,21.62090567823079
21.772481061724317,85.94558120353311,28.428098484461522,21.11833618912519
22.334181227276357,86.20882395692952,28.28522030911916,21.173988743855794
24.066254011848493,85.99572854608695,27.226905123275674,20.760816467396413
22.66792146172949,86.31877072692583,27.451197786990235,20.48651250122646
23.6044053921497,86.45086548973413,27.030683539431067,20.51435331008254
22.690895397656078,86.60714600368497,27.358374915137066,20.175234359817544
22.658195683132625,85.13812295469883,28.174277884223034,20.459189576442174
22.457857821862987,84.31292582782103,28.584894707836526,21.35116097863528
23.552471299547715,84.51814636837007,28.342704495631132,20.930755908279398
22.7160815483186,83.08220383337215,28.184871815472178,21.026838365970537
23.91286708612431,80.59951643700208,27.88320442638419,21.764117150409902
24.84536102651496,80.40921145737997,27.466504509470077,21.94700372098225
24.375970746657472,80.39928570380037,27.587612339692864,22.30477637071956
25.25544575178164,81.49646264875467,27.016345434913283,21.343210566748464
24.58788924537251,80.31309205321085,27.29568757370811,22.20046079103922
24.88951561050045,81.9763132370081,27.554174955756913,22.215334646589266
26.062807727272855,83.6292009841389,27.113238000044134,21.15204419871438
25.227398091836427,84.21643351807737,27.20239223185449,21.162057890603066
24.284823354467434,83.93446495608363,27.718813068897163,21.44904036371164
24.775241009258036,84.24823058265643,28.480195776894085,21.185133683319936
23.798263556299826,85.11465824420421,28.439590441111285,20.833832010126727
24.966489784008118,84.12746286396128,28.138263718116576,20.51265239707743
24.9316246489097,85.01715050961836,27.77230978421185,19.76466443486484
24.458491915863448,86.10650841246994,28.723618280089514,19.641315145274977
24.948654783242095,85.73570283439233,28.024267887129092,19.99120266861768
27.25367222094051,85.80247440012675,27.398928446302573,19.764573294473045
27.175538414386505,85.56122789667593,26.860059035484802,19.95549373057393
27.895280705084613,86.25414324297276,26.52362468602218,20.063231458390415
27.298350314730484,86.7621822581713,27.00205425335153,18.874942734633972
26.30716040573141,87.16834121967278,27.488630238341873,18.6475094551857
26.819552290685927,87.44040913397595,27.400827669604713,19.222651580680925
26.115784828354442,87.09739108232176,28.215879073759865,18.75414666836428
27.039453284868078,86.17118860876002,27.53691526864275,19.280745951425274
28.32316424325417,86.44682680359719,27.0507998093901,19.222015643293915
26.338562133533387,86.45710925631651,27.34858679250354,19.07824364557009
29.000300408116146,86.07775782435726,26.05195808269349,19.092332862027675
29.860094210705572,85.36761824502483,25.143230157690418,19.2957083341691
29.252335019868923,85.30347056703113,25.163657291805126,19.048988431367423
29.60488108740375,87.17655946506349,24.50570718554406,17.504455532763636
29.033207237039512,87.06520555048807,25.97376191752254,18.24106411875042
27.37241655201511,86.34734016225843,27.019311793430717,18.371840366401095
26.289941149102606,85.70165200430726,28.11850484779088,19.067872138846422
27.180955061831316,86.00771552452397,28.029660921259243,19.013293621362205
26.391299832176358,86.04753190648096,27.930832647659006,19.37873684621777
27.58711488869378,84.62761834273118,27.832064473100722,19.422978341393108
26.5293092722115,85.57753244635752,27.87948417774497,19.26957194810526
27.544066336411277,84.49669105357411,28.064569658720416,19.468699802031466
27.746058205507758,84.94195350582571,27.270670454218855,20.08357650885639
27.734840458641777,84.35898209794583,27.41017137763832,19.943649268463812
28.36365746431879,85.30084746451085,27.695223828686633,19.853573930841588
28.32113005969317,85.49282201985211,28.23923249535975,19.561391177580926
27.586815862515483,86.16413425606189,28.818441334051066,19.485780254966063
27.360796466686782,86.75096072764389,28.966509788794404,19.329270561313795
28.205160037287474,87.34531453223896,28.29542180774927,18.882750452123645
28.3387021085146,86.9567125133974,27.37623042652549,18.2996410742794
27.888549620345934,87.89383200953799,27.17385901126126,18.140230573209195
27.59096850872745,87.88987840659556,27.460412225709163,17.806752891398745
28.09032137828136,87.74996338401837,27.147131291288844,18.75886992385778
27.912664775581447,87.36248164331514,26.99898838096601,18.44263925243223
27.92594440159213,88.03199223949557,26.94552788382746,18.49060383887995
28.70875226470184,88.45696300030093,27.035963793350227,18.547797327034846
28.298834092993058,87.7622555247803,27.234607204638884,17.870905210205024
27.812414530671923,87.31856193656753,28.14840244500381,18.27969283829072
27.17162050227302,88.26970492981393,28.36860439340318,18.186252371817456
28.135784222970756,87.47576477962733,28.16476425669521,17.82022947394846
27.493326480842974,87.25736045900594,28.088206657454677,17.770656584429535
28.440586582188196,86.33728844120027,26.99536034392439,18.277113791427585
28.714661715849093,87.52749895941443,26.900151971133845,18.517481329218015
29.348170962821055,86.88825247552967,26.405006951311016,18.837302727163312
29.801713040519058,87.61767490592703,25.062490361832978,18.65993674820454
29.89609164339197,88.22575762823833,25.34710656917309,18.54123681871867
30.279808096533657,87.94059062132506,25.317771807420964,18.265837189967083
31.751546376418524,87.24496354480256,24.264691365815292,18.068353855219097
31.42772470299529,88.22961153194295,24.11915233961489,17.964391438067224
32.43242239905709,88.934537254139,23.74113512131941,17.515591934593086
31.690679178067036,89.19150735323416,24.518421917303428,16.99690625300433
31.317839137597016,88.97731517488216,24.553858773145812,16.851766134610678
29.808196181813678,89.18246020884796,25.66781021205624,17.373803337186907
29.90380474801163,89.1245043196088,25.6801987315158,17.710746304630053
29.90069300649705,88.66237011541394,25.65196023944731,17.621701419562758
30.688109525799018,89.02829604018861,24.76443646598009,17.643992331243872
31.67097299120561,89.23676227082443,24.136233949229407,16.968850641456623
31.28803044111769,89.18161461407789,24.853191742276334,17.06342177282079
31.628569712890894,90.01026976401548,24.935334939452588,16.470892661910458
32.16929834148474,89.17280546600553,24.845271725233644,17.010048552852215
31.286787570395685,89.30178243255529,25.017290948075818,17.65694081115896
32.96275961889858,88.59568795180057,23.959437122066124,17.392127819543386
32.48768464046776,89.7073082803144,24.486628704904327,16.68649580509388
33.01376747639368,89.46586948013038,23.6263117879353,16.980034721379866
33.01566289230071,89.12983884610473,23.96586659821108,16.85307712956789
33.28620623167751,89.24876470336217,24.642972973656693,16.944433789076445
32.57278306163268,88.71148405952444,25.162562233668247,16.774465352630823
32.61817057887393,87.33326008046978,25.539003690884954,16.76999564716589
33.869208034460584,87.08544374711445,25.56268561564914,17.241237139560162
33.72142031738257,88.13557375331881,25.53125757080128,16.89147303779597
34.94769697473027,86.42519699668152,24.699401277590244,17.513757007613517
35.481030152197505,87.27211148381309,23.92072167802687,17.817959649561327
36.15557798418927,86.67088634623883,23.520303077031613,17.544221265041863
36.20145317211537,87.16061557463917,23.860094144050503,17.229389883436518
36.856837545795706,86.07862540444312,24.103974749717178,17.09530503828173
36.93498309664099,85.79668485120902,24.202902153885987,17.095167895238202
37.585776806884795,86.81896143982085,23.88041019238275,16.838540438229394
38.726366381159174,87.51561507300876,23.115145960826183,15.381253069314523
39.35061079050595,87.14331969421919,23.127139930218572,15.392582718495216
39.39487530024218,86.8207774235138,23.568586801859396,15.275040611956765
38.995214828245835,87.03501085277823,23.3419830632349,16.0009392929787
38.83513212588668,87.39598756089359,24.53592013543367,15.50573148221672
39.52457737000941,86.75924518552368,23.984910506563203,16.124675217331532
39.68491674495603,86.10208426394799,24.10835407112311,16.768579274838398
41.859855786300635,85.7215165863378,24.60169956021123,17.084180877617367
41.385808062301265,85.38733792872627,24.273839808014664,17.426778305145124
42.84883791744933,85.1281713730256,24.148080695863065,17.65514101859725
42.88251259787852,86.64067164241315,24.226551952680467,17.109975990076038
42.84469522757329,86.5044839652617,25.320413316826077,16.515842860492228
44.159659427404065,87.38150478415679,25.13949767351219,15.988501051803606
45.88216316367992,86.41257812750874,23.51315475174173,17.23300261949423
46.45158998926908,85.24525602550503,23.453372145485275,17.765522800064176
48.04277111491149,85.63328290319183,22.599943610020773,17.900388234143698
48.93921189315277,85.04802879341413,22.00038328156554,16.929127044519394
50.7349490023725,85.20425505754645,21.7506372735753,17.15565309291493
50.58322579807309,85.58795724125288,22.45028576957648,17.21235303458409
50.784272587827076,84.25671545546057,22.802350210088044,17.1832777682781
51.53063969317101,85.52110917088245,22.385024934947047,17.554514751496797
53.05192140563175,83.82546265238746,22.251404686295086,17.787177417393043
54.48765390516,83.75988378841598,22.37671245335187,17.987922852855537
54.49911850325688,84.37155947382749,22.620194084794832,18.159247690528602
55.921124443642725,84.46761338512133,22.497198134198932,18.312957433858916
55.65824425554172,87.14312867610055,22.909936659814996,17.824490938814524
57.20212723064524,88.29806301288647,22.47037169837749,17.745976025008304
58.48099727547973,89.68964221673569,22.69550666974366,17.498820730102842
59.244314112029485,91.03806157495912,22.39592377789416,17.97697743601928
60.48749513086896,90.56065810855854,22.72944699412146,18.308539129562607
59.857838128286936,89.08189450555481,24.29337220534019,17.973761342894285
60.655125933684005,89.22157066868755,24.179341638491373,17.919407490749894
61.99534131089872,87.620803683587,23.05373571316349,18.683075250013495
63.70376368534776,87.79466026035323,22.508602695222446,18.24433579032872
65.60241748643764,87.3127871939613,21.72575279567941,17.606366835221948
67.01723187367264,87.8442382229074,21.885152951873472,18.119140741685193
68.06225096176684,88.81817083739497,21.71644045927882,17.906543151870224
68.6244461467624,89.0583168337713,22.238435282158797,18.30238030950818
69.77373419746093,89.1844794961095,21.884103565527354,18.07010503365989
70.80852300546854,89.34313199654264,21.524341928516044,17.790412947832685
71.44324258117462,89.3741731913118,21.371426519779682,17.700086539739686
73.08604047896613,89.48242659224117,21.56364444489979,17.749631983974705
73.91730711479451,87.51944326401713,21.74814181289145,17.661240119914957
74.82878073712543,87.04042585466053,21.738877124381954,17.46677860073753
75.69859677147247,86.109759460243,21.686249145043348,17.088922241623372
77.80209376416407,86.41139562334041,21.491195162101555,17.025139661522317
78.49223467764801,86.83281082659815,21.485730229664924,16.961072072389648
79.68165444779802,86.42716466640711,21.778994571200826,16.873888745799064
80.87748669750525,86.49229829937596,21.749184625009025,16.880080830447284
82.08533880894464,86.50532872667854,21.606811090606822,16.782563066662448
82.96904279071788,86.24460892730633,21.559785817490013,16.93145170105141
83.95879865408087,85.96625532984274,21.504857525822647,17.179351522931714
85.38411598359976,86.42770885632618,21.53525008846456,17.157361523187497
86.16476330213472,86.17667382347892,21.13304358616026,16.91408551954606
86.96840621015227,86.50850465655881,21.397278766218896,16.797184412468297
87.98063639094163,86.62105064198236,21.13015025278472,16.80296554953137
88.99551296687866,86.84079699044123,21.31696509407469,16.617478284742536
90.03495715164205,87.12353255727007,21.016145267028413,16.643384409385646
90.93758179367353,87.29218445513595,21.21390196441075,16.598942552130445
91.51052575924056,87.35708800478889,20.695485957104797,16.167125870305036
92.71371038102664,87.39245982074165,20.885170790681084,16.170852758419045
93.29942712890336,87.84816982634408,20.709846303716713,16.34892554506574
93.6407111271055,87.2767268645244,20.623515489929627,16.40280695210354
94.51383297450286,87.86968726213303,20.57443060861147,16.36867296108551
95.02766268993983,87.29521474696412,20.677638182132068,16.29387073800534
95.88902609584326,87.38317815971908,20.697289605188484,16.277810245503254
95.69719806254638,87.24551943661518,20.76479882119631,16.254970953429776
97.35931742101012,87.16444356572315,20.602410079854764,16.132332656151366
97.79523957857933,86.66702912130553,20.67488644342727,16.448755783267842
98.37284449466276,86.26505628734004,20.428566381768245,16.42445438088631
99.22420820788095,86.796939352193,20.259942348886533,16.00744728438356
100.65024243274712,86.95209010943167,19.848402768783114,15.895967791390582
100.72065974184504,87.27343500500237,20.19604013545054,15.589871628178848
101.59283877523627,86.0144257346782,20.1903371590001,15.996371308963926
101.71403931122663,86.56822812896768,20.000960379011588,16.218379252318563
102.09494654505889,85.8747126235338,20.102015174042382,16.382715866213648
103.1008535305958,86.40333424785167,19.782683197597457,16.530062461327894
103.3370780837582,85.85321580946206,19.91363527535469,16.63394618869308
103.71978745067226,86.31747262234029,19.745315845725788,16.63667645942098
104.16172622585823,86.46428536581534,19.110629579533548,16.647448555478697
105.21463502187034,87.57763548839145,19.37791226827104,16.505617695092084
105.38496400179315,87.83564929364614,19.368087743484,16.605663692981157
104.29939910708535,86.56628087171171,19.976130069520714,16.94929403050235
104.97788635810541,87.06954410540945,19.639915150000125,16.871470871212352
105.94396714049992,87.27133357149714,19.6427664025939,16.97965646540416
106.63272411529498,87.86168574922752,19.383714061890515,16.92904854549026
106.38988209424559,88.23187623670951,19.446111666001006,16.96849087374895
106.08152397860158,87.62969873671263,19.961425614574186,17.041017565637247
106.1351783527176,88.09821631009976,19.867338607064788,17.52349230655829
106.50431969252244,88.12926048393639,19.94891066378325,16.844712369529553
106.54204120683579,88.46370761562244,20.21232719326202,16.691832205278544
106.80099482989877,88.61730054306224,20.252166834343075,16.71860783721536
107.69912300349364,88.2984029957855,19.968628687836933,16.628848610479782
107.6946251377807,87.87767531219606,19.681062224438598,16.584775413205534
107.13766181787028,87.4721952625285,19.7849714692399,16.878836403653928
106.76794008320316,87.24006518021154,20.41446773398431,16.726641490162848
107.02406157675009,86.21935651207104,20.232386795230287,16.54496770095556
107.3995242061736,86.71826697803154,20.170022022223108,16.614201517569732
107.07067490149748,86.12461514546494,19.82914732835268,16.321646784265432
107.55637654179112,86.64010486466641,19.54877645743337,16.53873710904609
107.37561775899849,87.12079394224021,19.708221879463977,16.30125879520707
106.90051620434748,86.84493728008638,19.867928162594108,16.46262940711239
107.04041280763074,86.91570154376763,20.032333564426004,16.822374988636636
106.88054498327277,87.16536552448814,19.67929394458726,16.324382171238568
107.40529083905552,87.42868678698792,19.749942308705364,16.398722312254623
107.29157694536751,88.30042568170842,19.772978616589196,16.57811897349721
106.51006551035962,88.016047670833,19.968524069612798,16.534883112923843
106.96597485138224,89.07737447258984,19.937396915887845,16.822278947886737
106.46384167542209,88.74405453814339,20.114995482163632,16.87289861414291
106.52683426058925,88.96814607818378,20.180347897278526,17.038874164433224
105.59863761447848,89.75365746818909,20.422964028855542,16.694879277489
105.61332636226466,88.84036256912532,20.685861008380844,16.29234309905406
106.18014838059055,89.51098239295621,20.508233512256396,15.98088097824775
106.38563253439185,88.87269606082737,20.50295062945849,15.752814970630414
105.87710714202677,88.84408561193807,20.455487254032395,15.72931687426838
106.05715008528686,88.8708592163177,20.34981878694581,15.631976940899762
105.8243558868347,89.81408999631691,20.143829730236867,15.471078430217744
106.54126389534834,89.46514910645274,19.83087858137364,15.809829350571064
106.10966180737722,89.96409382706653,19.993231316886195,15.969731047038806
105.59332383134688,90.27056840308295,20.146566143458593,15.92524808152941
105.29752819890217,90.38729401911198,20.01336492787925,15.909425328475272
105.92244294320365,90.02383417151603,19.530671059393477,15.722725028549984
105.26897267838582,89.57511015868411,19.675990495279134,15.77613313722161
105.96984129165497,89.92037564525297,19.36221255829163,15.852142691427645
105.1533165886676,88.9858699683576,19.760688600008578,15.683472465628537
104.8980943397523,88.30011136029565,19.793807658386,15.574742184193859
104.57411374784326,88.36938596098408,19.743641095622085,15.45953893008262
105.06501446116802,87.89669872185178,19.58886603616005,15.450010759421446
104.30067702634068,87.3484016203283,19.30864198003347,15.561741681218397
104.60309979339173,87.41777774916545,19.277198850716527,15.923027570516759
104.23448526478342,88.12556140809691,19.164108999241765,15.98264946163821
103.38273147310377,89.16894790816887,19.55672638484715,16.061258846748178
102.66397492484228,88.42812770099384,19.934684427659207,16.19396890221154
102.620988404925,88.90299980404627,19.685063290247665,16.382667689270725
102.65061093607557,89.5817587689422,19.683359121501205,16.44808524531874
102.67938205207966,89.38397125757137,19.49534661361413,16.292802724115056
101.858887219177,89.47432897159533,19.329649878052226,15.8088264928445
101.49160108394977,89.22819187523436,19.419996074287965,15.572730019062536
101.21060370449013,88.91534676393347,19.547702808304905,15.62611646969164
101.41364625606538,89.18491984638575,19.4149560230255,15.352251982033177
100.98367969616811,90.32609912124748,19.507440717527075,15.044655395200344
101.42322316324292,90.50431109403196,19.397587486990716,15.317503910568885
100.97009250465887,89.19849989975809,19.225838245076808,15.450946367475995
101.55347598180988,89.72858032190345,19.144360292239604,15.367401428947016
101.7436199743451,89.1968349981999,19.2031897388098,15.246993150572838
101.80359241752913,87.02604372541185,19.397118143457355,15.560179089703642
101.3434944750744,87.68289874823923,19.313896059616827,15.75058128770124
101.53909124894292,86.4815435372342,19.339099606606332,15.579378135492522
101.33569059119637,87.05066199751695,19.533010297099466,15.308679667075474
101.0432787114207,87.53721161166928,19.75035663965861,15.4709030095716
101.25570439236282,87.07650252743898,19.51627828802826,15.729776927543911
102.00403854879619,86.56292254901281,19.426416920962325,15.417146540157962
102.62864838900646,86.32904214172935,19.41406705255348,15.14368878783036
102.34526915764783,86.64930705248139,19.264883132458237,14.84069100978332
102.97299741088233,86.10148494805276,19.166546376965798,14.656229627820256
103.05749984391733,85.87314690202658,19.288282477692697,14.942449787255448
103.04064689366311,85.3055360459391,19.65699509206832,14.892506094156952
104.01317241418275,85.48748782023685,19.760947652103248,14.93033594399894
104.27671352003698,85.42173173753619,19.646485984828388,14.853916590845598
104.37428711321101,85.57755167938893,19.49437621303111,14.94671091124166
105.00895168315029,85.99917189906762,19.092364272859577,15.108856824423361
104.86693827415063,85.6744354471919,19.263804115761246,15.347433426905274
105.6428401699009,85.96723066549455,19.027643634807603,15.635019565006992
105.68216003485419,86.88790394293787,19.367773741326765,15.40827414537425
105.8423065915293,87.08246286010149,19.446322485886714,15.368079040539214
106.63280509053241,87.06356725324751,19.227920092372678,15.28725605746983
106.27422239980798,87.2605751943945,19.52250856952466,14.97563763611332
106.90934028233211,85.99208890638243,19.37274857351937,15.211401716043735
107.17779815337747,86.70985321085341,19.71133637146771,15.510843199875204
107.07677482398853,85.84432782905995,19.856566929171365,15.335109905844932
107.54146556338338,84.91615433837683,19.925796900576973,15.378567788090084
107.23598925402612,84.96667479542077,20.151991523686025,15.985649127420178
108.48384005434114,84.77075404486584,20.065339910848973,16.049312222768336
108.2997745829577,85.24708335674732,19.713622220803366,15.92841782019675
108.51715020918074,85.22232913783034,19.362420467868986,16.009931568089314
109.9916430543265,86.82804070729564,19.20854738744074,15.450699591268082
109.73439464055882,86.56446183507168,19.40195351673392,15.641553624778496
110.27799621492011,86.86125801829327,19.56070678890977,15.721095108432984
109.8443388482909,86.4009732763111,19.70782956660179,15.826898662221524
110.34776737612793,85.97686696152901,19.76102347528319,15.545640466590413
110.5994124780063,85.79264660551038,19.690716669963972,15.611522279701894
111.18096865617584,85.13303722679773,19.39275476528506,15.666031564470952
111.02020745850483,86.26322018109411,19.425321472150507,15.577243109491448
111.27317602607906,85.61060012181284,19.780430174404394,15.405966504421187
111.38721239235733,86.66174470094924,19.88171077436738,15.320927407183532
111.58352038413327,86.50641987493778,19.955441531538163,15.242546602663516
110.80162698194957,85.79338915643591,20.069513675261014,15.310102790643814
111.25936879832622,86.54819569332798,19.68563099465615,15.256315522523726
111.11995039368824,85.44566390405696,20.01904849240866,14.927947094229836
111.10334558073595,86.69493761950913,20.05164776675077,14.61299341332548
110.82057786324515,85.52064275835995,20.19351529401752,14.73075580408086
111.9949700157845,86.31930358163767,20.24277176042318,14.682453017388724
111.13677720457144,85.87346724997745,20.27200070560321,14.825376901412291
112.1755059118232,85.35476006875112,20.25666945076767,14.805296146677447
111.95447430539825,85.02931140028178,20.139131833539444,14.894990480686442
111.34141237516718,85.38905052702799,20.214460711091405,14.897733601705724
111.96542380277675,84.7967462971307,19.904189625891803,14.865514668922192
111.87055123284372,84.95877907315649,19.841058484019584,15.00929884831591
111.57902091307261,84.91134656809912,19.902306684596972,15.235404703157226
110.76732496865253,84.78670975200806,19.8316754411129,15.208120412976061
111.0198027184533,86.65635703492335,19.731016816511364,14.822127849098612
111.532877739424,85.52763141262314,19.652681715976218,15.015644767527153
111.00398778919241,85.29093901753843,19.800305366439396,15.195732743731725
111.46171017067248,86.07761063022463,19.25026282515896,15.015898429492164
111.40139837321814,84.46477547520963,19.395170782860603,15.093810255635422
111.52131247521838,85.49430059139638,18.941483020754642,15.02938130011739
111.756812652404,85.1877976700183,18.892807800660755,14.996238461232926
111.09946338364728,86.22606957703353,19.17309776883827,14.816377386460276
111.26564006419369,86.4576079508841,19.065178306671214,14.97002274569276
110.15389538325861,86.89406237935938,19.84443091317026,15.327460568429682
109.64642179246714,86.6940300861447,20.323008771022764,14.97522870710511
110.05948128673451,87.14370695631071,19.64948530250754,15.271591824683263
111.22630228098737,88.05595284822483,18.94961711771276,15.503107426108919
110.7400793779031,86.84321945687924,18.8954058193891,15.43266356426886
111.14105905440499,86.50859262456024,19.58210155671737,15.58491893789125
110.51232086995044,87.32151157957581,19.579171431485825,15.481442783231177
110.92928044431461,86.99631908796583,19.557111413616866,15.47688239291599
110.24225572542795,87.44232028672309,19.88864986506205,15.4258528957921
110.67267024861792,87.19034260087342,19.450786822100106,15.412550577061744
110.71127745092662,87.78269458984852,19.41684634326397,15.259249187002197
110.42307609916496,87.36591450981517,19.42164717911148,15.444005636131386
108.97099586458987,86.76429642688171,20.487222748359336,15.177034587642808
108.72674169909907,87.67990221123416,20.191185180903425,15.871442525773857
108.95687531485747,86.9324799646274,19.989974040695227,15.576583649846743
109.5764660210973,86.91586503867117,20.341185694621785,15.202785303517018
109.47964099050625,86.71082193994351,19.882209718206227,15.330202433589529
109.53393324822927,86.72383804269832,19.690777607545364,15.925241089896325
109.60643743342418,85.78526054747661,19.66886188852274,15.505101463640525
109.04252311643634,85.48506535997267,19.87184768802575,15.511680803492178
108.50011719924416,86.36433271846751,19.822763648386687,15.153307829666552
108.80963639206202,87.02379760502643,19.765790387262687,14.649876408599471
109.06265175510117,87.14702601606564,19.316003557668754,14.450920196872639
109.31825574108794,86.85540038557721,19.106828056398346,14.384795542322141
109.59652635803165,87.15577107559908,19.505624346924975,14.882442834153405
110.01540218487261,86.35213545287505,19.83011939734461,15.151136809093654
110.04192823743887,87.32178489833318,19.898664582251172,14.985214383021143
110.28923555540295,87.55857193527603,19.947819782748784,14.275235890190114
109.90289290872035,87.1853875229346,19.94487793988352,14.390752969267508
108.38325252578576,87.95700957555052,21.036717604678472,14.460477308859916
109.32956408287299,87.78289744929648,21.053709053492305,15.128830955899215
107.7617693268439,88.28772016205446,21.583043987913747,15.032004439074678
108.65280115945981,88.59095049686894,21.87488626750615,14.969588264074613
108.73614602683003,87.11743299003619,21.45631970171104,14.747822923736209
109.16018641511486,88.56455700809327,20.95124124447731,14.888860837329073
108.61662139396,87.89629014130759,20.60447999040031,14.512450540138719
108.69442882343621,87.6795911180472,20.36494942099867,14.182588698964192
108.79355736354711,88.70302343986884,20.10189589302297,15.070919978172471
107.9683696267573,87.86409936507604,20.58998651552837,15.529361999828367
108.7803320753798,87.4933657766967,21.068738009884918,15.682366346997208
107.19030228553429,87.58671012047193,21.086772137915805,15.645778367454568
108.21459803010453,87.86983100966165,21.762263595552675,15.21835342257124
107.58890476576713,87.4317954672129,21.07615775362199,15.294581672996085
107.19061387171116,87.66978414138875,20.725820291245647,14.602204178160013
106.94377763406035,87.63119182385273,20.65612301557071,14.618246845458607
107.80526196444426,86.88735354941652,20.037455807439624,14.490101555952135
106.07987669774474,87.01277630255366,20.38201753956913,14.699361945673916
107.28411441577921,86.89172098760147,19.683388600082182,14.928952739152525
106.3665039383825,85.96315532717095,19.870736630070947,14.478756789505765
106.92481034956802,86.46917761192205,20.16225826814911,14.440428955843394
105.39840268605855,86.6267133204341,20.90372563374229,14.293311030030239
106.27815534015505,86.5842463648867,20.46602818687739,14.455500190148499
106.20006475403409,87.38298628003699,21.05807666868964,14.830318028304934
106.11848568693995,87.646155103656,21.40293646303416,15.38926938253174
106.75783039827252,87.80121002161674,20.47849508724402,15.533428955789965
106.77852977418891,87.7609102495539,20.104553915977636,15.730506466224227
106.92220675562133,88.62856252355283,19.76529718211672,15.886956068616986
106.28785557795383,88.0757794674281,19.439051722510307,15.18794149238989
105.89037015671458,87.83168845136105,19.4080185366685,15.159933949328678
106.00611200107952,86.54830265326457,19.365163998329265,15.395864481068521
106.16002901148728,85.12657913522993,19.550364340306686,15.548363030809664
105.66771361069448,85.8296708728593,19.889128747849334,15.852735585824377
105.67617142839654,86.52023000636746,19.600164162249868,15.651396371542429
106.90360964610177,87.20124545632598,19.43576166482771,15.191564263129298
106.4721324560867,87.09219354238802,19.265100932553175,15.39541638202083
105.92521385920986,87.01130013312499,19.056821732263867,15.80270948716798
105.98632922207791,87.62161479354938,19.046971987973077,15.73053292510825
104.5848086952476,87.04365674050811,19.912894511360264,15.411488704042366
104.86381374544668,86.83891446530244,19.866145397290232,15.445530749570919
105.05546402393091,86.65325717000763,19.69063140038038,15.7833980745355
104.59999453818992,85.66861299082966,19.783210996862337,15.724160126739132
105.15922578244954,85.37999427171204,19.517516452679043,15.235616925325937
105.28728386594526,86.86915464781066,19.443933549847763,15.152659027132575
104.30447412828207,85.31006226938655,19.693175766873356,15.323707858687847
105.38842332948103,85.85224757600616,19.085297811252794,14.832576076015018
105.12389071168101,85.24405437439404,19.582189890114545,14.78343666136818
105.16328861884591,85.21371849099705,19.735800691995692,14.906898345154335
104.32513714840152,85.23205321525748,19.829530695872734,14.785603652492862
104.56210646275596,86.0983495737739,19.910485560816195,14.717912668858432
104.9897232725817,86.18200528007539,19.963600024660806,14.490351927642195
104.16718141407168,86.75936790447633,20.098445094219926,15.636232452766066
104.46457349169476,87.16212492659398,20.019713185067502,15.746024499839386
104.84869088661766,87.25318776337956,19.721418580768574,15.010958457615894
105.24994662213007,89.02510590097523,19.838287297732045,14.649136647756563
105.02395878939896,89.3486953770796,19.7029674309677,14.66869811302832
104.5414823642251,88.64185659478566,19.896374871159164,14.83817401745991
104.96171655904426,88.90426935580463,19.876005358473982,14.604783737121222
105.07395861583655,88.88772213001627,19.917756596451916,14.829475173561192
104.69395134779074,88.56708251265685,19.980284255102113,14.568136000076926
105.73871025476886,89.1584290177745,19.77075606516932,13.98566271640414
106.18849060330369,88.10147544360515,19.530184320736375,14.43005997704752
107.34195769089936,87.52005344258781,19.307036156287207,14.973206408281419
107.10710902829292,87.48057636049843,19.270225607964935,15.062582325389846
106.34548605719031,86.25447530761166,19.417853569213115,15.147276496593102
106.84166749750759,86.9536647755489,19.44695217539497,14.99687577116781
106.75691511696438,87.33444631587119,19.438882778766562,14.975722541597477
107.71289971178317,85.77811459499472,19.514706557878988,15.371772213819142
107.20601835351015,85.9654775280184,19.675945470714083,15.526808615838211
107.80840149205844,84.69895689794181,19.84228820240655,15.832852500503101
108.30964244742228,84.51775599080281,20.16706917009686,15.353945721031087
108.14148509372983,83.81371613864135,20.50972390433723,15.60518796197509
108.45289675463465,83.2256304397029,20.557966866707275,15.96381633006686
108.22844967283419,83.51235054298097,20.61374121829648,15.993449243627918
108.79536816301885,83.3481152705653,20.434135500134172,15.823148120978768
108.94197394236254,83.81801854535941,20.48005052836087,15.482592364847601
109.48510592768835,83.76350844521006,20.53689111093188,15.524931656943163
109.77249964638006,83.76161029547754,20.708174535364897,15.816386647814447
109.74676292362533,84.56515218602532,21.142094269936837,16.168714487812643
109.95877781970393,84.036446477821,21.086114099361666,15.715498157639233
110.60736701314565,85.02655367051162,21.06144242634542,15.995957295207221
110.98843183044251,84.80186575241859,20.728344163822015,16.024205812057346
111.33955798418677,84.87869106314157,20.50212792811085,15.868853835630926
110.5716255270087,83.74706595637112,20.848616011412286,15.68743241831245
112.23805717469736,85.44411539354053,21.52478591915998,15.546339525418954
112.07025170133956,86.41806687121553,21.374999527008384,16.04056761254942
112.37499365755365,87.09657601282807,21.110699940752088,15.895532056375114
112.25438680011509,86.21100685375859,21.50575276695732,16.206953577639066
111.54669248397146,85.98290294681419,21.50141025910786,15.887168044359887
112.54609638316191,86.15208406226016,22.614312055453524,15.244454006827333
112.40354317884531,85.99647707718641,22.45725690402812,15.232143501877179
113.18125732442897,85.42300474446238,21.819858398017068,15.667013887540095
113.63144517410043,86.39561629876454,21.741687288517888,15.435886848271709
113.68515747129808,86.3353899382981,21.172493590118677,15.715107269399873
113.33954614559826,86.87873331995272,22.303199884096443,15.853594456285988
114.13130019372521,86.4803357109461,22.8033480988777,16.01367855369374
114.93583913351159,86.23792055359425,22.700533952215082,16.07297175902243
115.4462633770923,86.52163410786146,21.97564493770994,15.608144748144273
115.66193879090547,85.94069348686644,22.58978056027892,14.578268787985886
116.32477816969428,87.07888601133514,22.6792705649083,14.673160594517226
116.45440809864121,85.59824424941934,22.713399073713667,14.76074111541914
117.25398170535478,84.62380522701243,22.617990263606853,15.267762775955626
117.82184201118099,84.66735738877011,22.312157042091144,16.26338397734259
118.47677851130484,84.79492778608208,22.58088206430438,16.398570636331918
118.1727875732708,85.83110013010815,22.393919177188884,16.18193120951024
118.34965236854944,85.44029888637156,21.973745189658935,15.979601201866258
118.37230207983596,85.26271336705643,22.1660937773398,16.13990987477384
119.25291984381931,85.17783910013307,21.862751620955123,16.106563926198703
118.51712349675687,84.62895945844147,21.952317642716743,16.220894254503776
119.901518228824,83.743844056985,21.64538883532074,16.20123095341281
119.97250981927685,84.14981934982475,21.615283095821304,16.641836214901275
119.58007030254285,83.82741917609263,21.53659859169164,16.84604665758036
120.21890664928792,83.63012500319408,21.70009563697105,16.737690057088386
120.26865285032244,83.65873628071807,21.6710149170309,16.380090609950557
120.70601364166322,83.33416843750145,21.411176757200906,16.217618935543978
120.26294436893,83.85060409164666,21.695859614190788,16.300973823542634
120.43427101261592,83.02403984998217,21.82681625113534,15.990708141832517
121.1031385160577,83.24120663650163,20.995985846302574,15.80571081146941
121.73291890611354,83.42260937849639,21.140142107206508,15.956577202479881
121.80446888750917,84.88816065244377,21.28582998621212,15.807937728315583
122.54602958413639,83.98285703452946,21.107396092957693,15.687858013460602
121.8330377059622,84.60349435879145,21.474366482606854,15.956165884467886
121.39539795612652,83.12407025949226,22.328977952493076,15.86769657818345
119.96033536774662,85.05100226545517,24.031042826518465,15.02603959750764
121.23708312362156,84.95086712923886,24.887772229319385,15.01440343683479
120.19564605228763,84.97808724863124,26.202190866616156,14.27234112773753
121.4003085123123,85.02937375001775,25.963024332797282,14.576079160120745
122.67187102633505,84.84684689391847,25.704307874087707,15.499528258061495
122.5596594177265,84.0037055677171,25.466992504879045,15.70544134259314
122.83479356359899,83.0490632814056,26.16826535082936,15.97890743377085
124.43852617693341,84.14538590388761,24.994926405898823,16.290939007654472
122.62135162352196,83.35098562390687,27.471087646510767,16.204393193104252
122.44645995912336,83.44625333102682,28.624780277065778,16.29776280816119
124.61780885212336,84.4565647504716,29.347756319190776,15.808008499545071
129.0057860000735,84.51889738845769,32.01766383969678,15.905381492615867
121.48569742951122,85.86666621443193,33.3505121844346,15.345524993011134
130.91405820693143,86.4709919698637,36.16870212861758,15.539423225799947
126.22649065313905,87.37987683180083,36.60510890368285,15.593479673800678
124.26225073887063,87.39896884174024,38.31175645682904,14.843053527457023
132.26391684037532,86.26280547954387,40.30248095547985,15.07357116981851
131.9298214949771,86.3511035064134,40.18707179276066,17.426592425649776
149.06027872772987,90.22017662706631,41.52411875303637,20.855812212175984
183.75716244283376,82.39808567628917,42.7855789839614,26.277490451620874
184.44994132441997,80.40194744905266,43.848675395593645,31.125067809414226
185.19086189835565,79.1794346551857,45.20493849576915,34.13073182488249
184.93872969640455,78.49073799080327,46.0201312443979,35.8995130931005
185.9449338188712,77.41581339985737,45.81015219868341,36.46842965780479
185.99265230710438,77.84117668871197,45.85222742924827,36.61210310450966
187.3844589132761,78.13040674776559,45.7758285723736,36.55502054987899
187.9797991965042,77.8853185617349,46.19754424615179,36.626251609440345
188.8796608107897,78.04317701387981,46.69223935254172,36.386142004955204
191.3139088286723,78.9332883215061,47.040601226932736,36.82698872564015
191.14174398596344,78.01379099591398,46.943707767819205,36.540189919793136
191.0619514721687,77.66033339113123,46.88583979247905,36.75958681881175
192.86568646535287,76.95473415894342,46.09028997212629,36.72670874510143
194.78625535742324,77.3463510719858,45.62784481493867,36.721184879954194
193.9507082189818,77.6271764147731,45.65591846193874,36.923434951215505
195.65065085116075,76.75433453584205,45.969625726877744,37.24498540829637
195.1234071520673,78.27903395179182,45.619358486392755,37.43269289963902
196.59823164222354,77.59886518034854,46.02484256272088,37.10530156068964
195.82897108432172,79.48843887420989,46.81023562676668,36.6462835674982
198.11737270825967,78.5790206275284,47.60167273533612,36.773057682931494
197.51608891749598,78.9539571259804,48.163966269011965,36.460577874504054
198.42519745017472,79.38046890943707,48.23207122513885,36.46833311618444
199.57268902103453,79.90770386880395,48.72792060295046,36.46923734295851
199.69100808258534,79.5593212652282,48.18522168883324,36.59213475225843
200.86566362908906,79.42451701655753,48.66130427258361,37.162097253506026
200.64150998287982,79.25290956218817,48.50817113531454,37.298235135877576
202.1408303631398,79.54420779718122,47.964501688271156,37.30961754772742
202.16946410443646,79.7744723016568,47.77259065099035,37.140577186237195
202.2291878310736,78.75478225336718,47.507803231895736,37.11800659922266
203.90434095467288,77.83943103592058,48.28853946516594,36.86293938079555
203.40301561131977,77.9665660484211,48.26401424855185,36.55379875032577
204.04136528633944,76.41825269616083,48.472864825270314,37.28097965406505
203.7181675107231,76.95805980706973,48.55708081107335,36.20308967541133
205.25440560847375,75.71641042147428,48.14907910287673,36.98248524836005
205.41263254269617,76.86703269384611,48.61340221197095,37.07497849658511
205.13588078655243,77.45143301010962,48.75687154457091,36.701465949995594
205.53484485304102,77.40975666998906,47.84166435885936,36.68585012437734
207.6628959184419,77.45271117544593,47.276754855010736,36.735469677916726
207.64959015824422,78.26775110049019,46.72139616056231,36.350583309273546
207.21351697426059,78.9388911429357,47.45049138106869,36.219866334734064
208.1021028344166,77.37420070355006,47.38556941661602,36.4886667691694
208.17591677252264,77.29249637819657,47.378673351927354,36.79248679682951
208.35276615624048,77.32848048975748,46.9914052485542,37.20545814890302
207.7496251707732,77.5021298520479,47.62490279566069,37.53386438037685
208.7662069453026,78.84167772904911,47.56164891457061,37.87411677090568
208.26724944455103,78.25800050872905,47.422524731503415,37.8451821490458
208.3609757545084,79.16998389418981,47.553568815690255,37.64624589570242
209.02125740780073,79.01800536317387,47.95183180305088,38.056388870820236
208.70848482595704,80.2789642275453,48.16119349505854,36.637010204577365
209.04695240836546,80.91827707093167,48.75264517106204,36.663056759015575
210.4028708403444,80.2687301489023,48.95673237936981,36.94544222905086
210.96256506570276,80.19083514062714,48.16670489056711,37.339879706538674
211.248248504677,80.19879844562061,48.44262805168116,37.54047531334863
212.64592286947976,81.01974809340447,47.40390163652877,37.67666744844497
211.9816824237597,80.36200927770994,47.27544283070327,37.2658724968262
213.44849004211932,81.87296019710166,46.7350771057028,36.946302201011534
213.69667015233136,80.53787077124821,46.689095303247434,37.066661106429365
218.38552209655097,82.97153431220295,49.20897442262074,34.75907218369956
219.9933203895462,83.21427897093048,50.63534561006777,33.92124216800232
213.96990215402212,86.4652793691168,51.713584669006565,31.43320316362188
214.17115432622842,86.43530261472397,49.77859436267987,31.31636834232941
213.54038316342343,84.85701758320332,49.953909271297704,31.17243181357385
213.91329067281575,86.9774433042571,50.62273658649742,29.885971850958477
214.71635651469842,84.16380150140306,49.74100065468517,31.944377282838424
214.78600275706816,80.97652696969594,49.889534708031675,34.50853205914327
215.2866139047773,80.50157236556254,48.564215732925874,36.96268321076944
216.1853127673486,81.05833228238689,49.32863136227546,37.616192185714524
217.12853462976398,81.55244615741552,51.12736830150723,37.543873249133824
217.01714805748043,82.3143089210454,50.71801559158214,37.2310241867178
217.21379027313452,81.95654774457421,50.92662935363332,36.826444610949245
217.95645105432592,81.83017979634278,50.131035574453634,38.20526388143555
217.87925889773493,80.89622712007241,49.20053524408095,38.80308866757001
220.10864115538587,83.11140457458235,51.70185373659156,37.491721795659515
218.68060075877227,81.60722898245423,49.952404744662495,37.91395237444701
219.0015261392284,81.62062714117812,48.99230142027368,37.39551787340548
219.84340833632072,82.1493275921617,49.04217960421404,36.99407705444614
219.33810600929758,80.67519567176653,49.2218058647056,37.58839802414271
220.8368044560492,79.47938444648602,48.71986185206171,38.05913729599279
220.45480261643445,79.49100730806406,48.18209246000218,38.52293686092266
221.6467912260258,79.98020470248687,48.17789124179603,38.56199812676455
221.56365828903222,79.77451044399777,47.72936524566605,38.440076707219305
221.9436265154692,81.42315806101433,47.67945076544836,38.020665384319
222.68213246526804,81.16173314410729,47.43144277210065,38.30346394860183
222.39853182706452,79.72933093492503,46.96217554264828,37.947565241966345
223.64508906917922,80.54695599899422,45.820455711739214,37.96714604644516
222.50637457041756,80.64285727900372,46.92465167703599,38.105177470801145
222.08104139524488,80.17330552507993,48.735889316443846,38.0909270968128
223.51318972274697,80.40632066563104,48.20743860870525,38.368457606726196
223.53472729012495,80.14980031814996,47.924998849925885,38.3805522567665
223.57494003908036,81.26898814058444,48.66841063228849,37.7533063726397
223.76488610439418,80.19448757718058,47.587819649121776,37.76047705511149
222.90237888539443,80.2056537362237,47.27499229024629,37.63215718819714
222.84340037080878,79.17194232545485,47.72758982234727,38.77140312985201
221.76060847020722,78.68967325370672,48.05430643605038,39.37987743057485
221.713887368933,79.2860225281065,48.64182822844259,39.728545458923726
221.63667227723772,78.75025202378377,48.59247728390348,39.69194742948324
220.590565461121,79.59229548709402,48.93800207336345,39.007433256768984
220.3262759763712,80.26878776639167,48.98498314247248,37.999373624931515
220.83319566956024,79.63743024542222,49.41033748168029,37.58200443835478
220.86027925266225,80.44950295311472,49.060760159226284,37.25491712843853
220.9807537681131,79.72959870988262,49.062532685941775,37.68524990689491
221.07428003471486,79.82104109827392,48.615165211331984,38.12443544261231
220.31276898352456,80.46259562626453,49.0787695891032,37.897860200107665
220.319453186288,82.63654468448942,49.70039569041229,36.02238945182195
219.3061388042039,82.33454892623139,49.7451366371977,36.090354967361435
219.31837764954017,80.68258942620434,49.70562903929857,37.18385526624367
220.2611851101226,80.99904287381662,49.82883369821182,37.04220508488628
220.25486246858992,80.25111291747962,49.47845713069125,37.28850750244312
220.5802001029484,79.34158967934815,49.38298816080244,37.540842552924815
220.42762470802037,77.72074075919085,49.27538870651786,38.14202220476284
220.91941665353673,80.0571763498778,48.74859192486016,36.08386659956078
221.09842213195307,79.71211402883928,48.4703539172462,35.91214431780972
221.40853733537554,78.87828712643514,48.563502416651275,35.924021145078946
218.97530766244813,78.38187480370841,49.876708588677985,36.94011544385271
219.42336659041578,79.68915337637996,50.36170950715673,36.43935834733773
219.51806781915516,83.03694757032002,49.57811454479512,34.29981549168417
219.50552977909922,82.18419902123915,49.128794872953875,33.943590788088116
218.98779052631903,81.62451540348206,49.9052859517565,34.810806534344465
217.53021648229165,83.66832786347689,51.34919685719403,33.06154526181575
217.28469177391054,83.79808897249396,51.940267636260984,33.48442660823474
217.52988627826772,81.36948363691424,51.64694588828875,35.17087617099573
216.86362274752338,82.61303045124276,51.493099048410244,36.295659983744955
216.80435323161691,80.2425852926135,51.77849293862161,38.033635872292535
217.9817089624919,80.3344032905243,51.10702427472326,38.613351316900605
217.56795182063146,81.37930353624324,50.982100203951916,38.71564372097055
217.27482137668545,81.29546116792395,51.04327564262522,39.298398037687264
216.59309260537492,81.25517455306809,51.14573159833219,38.92467134064117
218.05466125036344,81.51696195901638,51.05195527026925,38.62292880413521
217.75883755676563,82.44745516316422,51.38244848266015,38.53040553060515
218.46490704476466,81.33980634896629,51.09065557599801,38.80615848126664
218.52876204457812,82.26526817346306,50.52694093769924,38.94102889965593
219.0892832024003,80.24757843588324,50.652953675765794,40.032865894346784
218.85738202713546,78.43414001422038,50.9191547079361,41.0865921029069
220.02865559183329,78.93552856344652,50.455788486743586,40.77834930621242
220.33484804440735,77.22745270325525,50.01692653081422,40.084515675032456
218.93640943010132,79.33711871062525,50.66753300747315,37.280131170058084
218.75345593338497,78.4429407138641,51.11013067473397,37.70734214404913
218.15214760431368,76.95700891604855,51.34996351939998,38.170233571711506
219.035453133412,78.38386652751706,51.670815840109604,37.682698768696355
218.6758902896785,77.26175816840818,52.514499022693784,39.172551473242244
219.62192898712817,77.191747118946,52.060913449083486,39.282406946190044
218.81357907524952,76.46651550307865,52.01507665174705,39.77393157929192
220.05352309047458,76.22880533996498,51.71922487617971,40.02846567505051
220.76971277041096,76.48556140476322,51.393290828806975,39.920318535688395
221.64227567072462,77.69973771995322,50.89366368540624,40.040534630894335
221.27724856571723,77.75570895643494,50.713195434483524,39.73228783664182
221.73554639947025,77.8437711989919,50.96932925916498,39.448344748012275
223.49338785367965,79.16966584148436,50.087649036293044,38.74177641029299
226.61673781968574,81.54353176851316,48.56496338650743,37.00907446346195
225.04894570568635,83.63068858547625,49.23892346899841,35.38105599555141
224.2055728096152,81.77483089912835,49.16521699063285,35.81428320906752
225.54848268286605,81.54908229477299,49.632091946279594,35.67068764434074
224.28864983384557,82.30904085552255,49.68511335721119,35.1063827054588
224.48007126689703,81.90491560782053,48.70389707802237,34.70267336199568
223.37079710980055,81.71116430263915,49.193914508426246,35.136455879584986
223.70125169705227,80.25143405649753,49.931015587829066,35.666618886516666
222.24440836311038,78.09805399708023,50.65286875961911,36.58246408835906
222.391070946283,78.53526088402666,50.761627943859764,37.67672402052091
224.17106274948335,78.1120462499238,50.11811772613095,37.32665060317974
224.4370221562002,76.00494545738054,50.079057799416056,37.45868360916469
225.27383910739445,75.21874863325884,49.60018708062127,37.83904539705653
222.82848700694615,74.08572360159424,51.099228683861604,38.63376672503418
223.67341135700005,74.43504820715646,51.06666758141006,38.44091585375351
222.64350793775446,73.54534408427313,51.5837192929481,39.138048708895155
222.0139824908548,73.15929407056787,52.64373454221621,39.79410564548537
221.71740368059196,73.61427992404742,52.893706737937165,40.22861636040123
222.40942144925936,74.19936839714069,52.85841082462579,40.16859261245691
221.30684031861645,74.51541021069166,53.235707485325676,40.392847486331526
221.4156958174265,76.38552980754216,53.85272854336967,39.791692154935234
220.95237945101633,76.78739633105823,53.884967355291565,38.80521985009056
221.3330612264338,75.98681989043125,53.375007613050315,39.05516118349297
220.03967680260374,76.51455411089364,53.550185884538635,38.555784051161936
219.73136958575483,78.10069514379036,54.409857569212996,37.72508523732162
219.69744029435685,80.97132447283872,54.29099435025114,35.74606412805304
218.9224668285412,76.40179929375928,54.50463757094495,38.10003453015721
219.39937025753983,75.30145928157418,53.52133547368989,38.98043257210555
221.77335481216144,74.20931143763939,52.076985749212284,39.653696155482955
221.68949394266025,73.77452308986344,52.25859298626152,39.74187026314423
221.80010906675852,74.25876744359583,51.413858099393096,39.62233480274974
222.51624998936904,73.82046711594654,50.43857698659394,38.63626455961081
221.4776223659678,75.20836504581374,50.62651948925585,38.02816279167332
218.67371091733605,76.88500940235373,52.740735819136475,36.66913677390581
218.8310045159558,74.14332104475122,52.90669366584228,38.54226873813428
218.30907423357922,74.40610629589358,53.047340729618895,39.927937859873
218.7484387091406,74.3010608084516,52.40245272087896,39.508390162881966
217.9999558377026,74.94577871448877,52.475697150278364,38.677160527565434
216.90061036268781,75.79723475323308,53.08835904757362,38.229680578983064
217.55118819938747,76.03250459140288,52.75386292007269,37.752503329401264
215.14465520944628,78.53557063700927,54.5709572202676,35.334261863188495
213.49933025573483,79.87192802202232,55.49055915405769,33.717134861717085
213.7284010067683,79.46996118292878,55.9144672125376,33.276622739122885
212.5879572356718,79.85694883339488,56.66636305551185,33.642158546589144
213.22153832116032,79.74652778391467,56.25480696363638,32.735482945354235
211.07368465931492,78.47493137213442,57.986305302952175,33.600208972039766
211.81335793924262,79.00286300055248,57.5009315214171,33.65001282946143
212.10717668262734,77.65712537197811,56.526193814921086,34.67197819891488
213.1406851213627,75.0248252212528,55.87688628803632,36.46546338806082
211.9181113163072,75.40091255774493,56.64274312666292,37.048646381092155
212.60469960779764,74.62123273776068,55.69327259836956,37.84167911676381
213.7703250493254,71.56401595717395,54.952521593243716,39.69810181367946
208.82792310524633,74.00823970656774,57.64009037398003,39.07836159028249
212.4284682450575,73.10826138154356,55.54231735509987,40.1728128692371
212.131761874253,76.46844647678799,54.48857433499013,38.38402226859199
211.66934277784623,74.77233160127854,55.042166189913,38.9665138604312
211.12053432745603,73.89483969747315,54.62048072252932,39.82637132526855
210.5046740240757,76.31907956304535,55.654691563665,39.169541984749145
210.49748993738888,75.87401584300312,55.655647261452735,38.82825462991172
211.35556914115912,75.43443694521903,55.379567589263786,39.66731232782364
209.86462811478395,72.03251146009737,55.87170354826415,40.897783781465414
210.91253251887977,75.25788891613226,55.75700435921311,39.01297735572377
210.73260778820537,72.97124659223304,55.34135638403845,40.58096720371751
210.57436696525022,70.83324408899372,55.255875749675354,41.807915203360196
208.58370059376406,71.62813622699564,56.45844567526484,41.96904645470014
208.30319570272502,70.24048825943672,55.87165882648357,42.7099490792711
208.82307528821124,75.64028993557176,56.15718652074549,39.66339748481351
208.43294075379129,71.9225083208593,56.37004225950725,41.76186354626971
207.20775721017938,73.03111849617008,56.87341837993421,41.61127832748407
206.66992520598114,73.18231098158843,57.33216954653382,41.66050163301454
207.34368058085954,71.92253122957149,56.78424986123011,41.909004008142176
207.4448643473149,73.20141080115135,56.708728641795965,42.119387565177774
207.05142842321624,71.0748251098085,56.50321462573547,42.8358463013791
207.1965283934061,72.27383184188126,56.852388464652606,42.35943317903044
206.11708032451847,71.2123875731818,57.59496380164667,42.86417291271843
205.04307317609636,68.55031983469203,58.16172504673305,42.64521756938548
204.6736478662553,67.66699418229453,59.012285261141784,43.28061277066485
205.31238094508683,66.54017069626926,58.61787574410368,43.49872202298882
205.04874055723303,66.2423236842948,58.35752834598314,43.42423477252368
203.6510154304241,66.3142870440357,58.50112313085098,43.467655465151275
204.74374942247377,65.52370314700126,60.34417382350948,43.51346864496234
204.22587154290449,66.77022230404901,60.32362465100741,43.427412752741816
203.5054317806807,67.33377498260315,60.103722315103404,43.23840248840699
202.9131165839882,68.80301941548947,59.45421574559782,43.027406908767134
202.01711955105566,67.68106096781605,59.69030160833788,43.969138745520226
203.10546972142447,67.55077782523786,59.57095905568623,44.048262769934446
202.56545499186024,68.00830313004896,59.57446568766622,43.98082263394505
202.51677706665419,66.30461885884593,59.38755029784395,44.57135768025737
201.62433688067142,67.16951170249762,59.57860437586416,44.72928256424305
201.2967115305652,65.69535834011805,59.94154245400633,45.44760882025217
201.9471583206285,66.72272737546629,60.05727485044224,45.56929286869632
201.44059804493813,67.13946810517228,59.858954361783915,45.37341516904995
199.81591899453502,66.94164658549917,60.24130806805887,45.50086973183368
200.2735368099578,68.01268863819004,60.56838200752582,45.629507061998815
198.939293078939,67.20374512775737,61.10686458675093,46.08992337973915
199.05937625200949,66.21032840223853,61.869627928109935,46.68848168429246
199.0766733189488,65.95389704749526,61.653805156535995,46.59050455002901
198.37988965861672,66.66674037188716,61.83948673501268,46.64792642175304
198.1275375023941,66.57619890890462,62.786390754489155,47.054320627014974
198.09294998998874,65.74020306727232,62.245458357424866,47.221139580787394
198.21570877101536,66.56829290018021,62.396608275840364,47.36345234661225
198.19933723211443,66.95730468400004,62.36704971790005,47.35868317350382
196.53770829303886,67.17011630804171,62.81617734702775,47.42637657581112
196.13009746079842,66.48864074133206,63.57597908963365,47.840627758058524
196.61955487901326,67.45407877061109,63.541369673125836,47.29830150418796
195.68579462446485,65.80383530075366,63.95024150058204,47.67186278472314
194.63557136681203,66.50255044582227,64.68417190260642,47.59456188911719
195.0666897831248,65.45955309288428,64.08466090005903,47.93138056960254
193.63725523451495,64.97052810473826,64.70270052950525,48.224616092769566
195.3036313311277,64.88847935843881,64.29493612924854,48.31158040665753
194.3651222302081,64.23641614488568,63.92250364749395,48.69216862575597
192.39624934471033,64.70734241137956,64.6082657759114,48.52650017479948
191.63997035611507,66.17517344363095,65.05943764470345,48.12088266596076
192.15024014181623,67.10292305047628,66.01942785845739,48.02212783703574
191.14268340997933,64.30576435265775,65.74538726939683,49.06754081372749
191.09487649994963,65.63644183782804,65.18418651426086,48.62072441760564
189.4639866035679,65.61152993226425,66.52909618983688,49.17291334103792
190.08999644142241,64.93326126930509,67.66149118697938,49.33856321578436
190.5737300183118,65.78599668693664,66.60500425780998,48.55698154067749
189.43107930653412,63.75307480159603,66.7368785573419,49.49199645393685
189.1977895491182,63.743273175940836,66.77575421475187,49.72319333317692
