70.0,51.0,107,87
68.57073084331357,49.65333028030197,106.00978343056036,87.18525228119293
67.30032753490858,49.5854382325839,106.3884196372141,89.0299291988947
68.16104807068074,50.194593711150524,105.40864726684165,87.9784273237927
65.94254080298172,50.732429328886596,106.1810194682553,88.66603123480493
65.48577649706,49.577453788700524,105.41547093166125,89.0328975983802
66.95749002654064,50.60235507923261,104.86657512269997,88.41156181419103
64.84170998740599,50.552889693398,105.61858197831302,89.24093081828212
64.92927968815806,50.44162603496187,104.58550190298077,89.85490710976376
64.30569229211562,50.391358497820974,104.875981138425,89.5665872035768
63.77499867452811,50.248887724712056,104.9806728169594,89.46267376932589
64.30097813103093,49.26842974208169,104.19949637465689,88.77264979318036
64.5395205462483,49.082580143088435,104.1224969934409,88.7839058759325
64.74718879442365,49.35781203644936,104.39646103419958,88.12495209897628
62.96850918290258,50.16027096592279,104.89003851896047,87.37153570487317
63.492142845367624,50.05925498218263,104.10970844988975,86.43816117821287
63.24771538537635,50.853790635708314,103.72182386791917,86.28686452936462
62.69634058239064,51.22887345803613,103.36757274146872,86.15281826947462
63.2780487665065,51.58171065788742,103.04604480097137,85.67956574477203
62.34493662363069,51.51959670901182,102.5276255320355,85.09926483392948
62.47699296014994,52.23362813638634,102.63173795665324,84.66168049480544
61.973406234193746,51.389967815797654,102.35335843005001,84.44415494457657
61.73968747031705,52.66240307893232,102.4212598249909,83.19472509213536
62.49773122001435,52.87567394580924,102.35869405411192,83.2430063564284
62.61797065294574,52.52545978212692,101.25804673121789,83.23182579707428
61.45894112718252,53.41704767777764,101.68895978665059,82.7156788143666
62.54557215880618,51.11213192554183,100.85444284059076,83.39701300438509
60.59208102126182,52.56774896004322,100.99287042817949,82.28317273421044
59.933474363899926,52.469865809186274,101.5685371120439,82.07137678006495
61.02297003489055,52.15294626301275,100.58977160014078,82.031876028662
60.44311127950735,51.28581025440047,100.51041440387593,82.27917905174594
60.62317521052391,51.46841202759332,100.39787565317093,82.00049283934462
59.78688884141657,52.14887364669943,100.36912392849499,81.4885686245699
61.181286329058295,52.6916933985559,100.62515927547716,81.5305536325757
61.22890983420983,51.67576486768821,99.99442032181472,81.71747050876421
60.991658320627394,52.19613134688028,99.77846314390146,81.54987597811444
60.74956866575622,51.31505881862694,99.62918908450318,81.42231156196488
61.535757303155805,50.90484836945164,99.44652128236027,81.24917166929984
61.37693433047056,52.414968207177715,98.599921622262,81.24568614423832
62.04182024077135,51.00326738620593,98.1238790497073,81.39681605766627
61.94536947699507,51.7225414061627,98.42960406358799,80.94511494158085
62.335628985398884,51.57706351418771,98.6385259647491,81.08601579389021
62.552033252816436,50.68376946349489,98.5432418439765,81.1122889538696
62.658044478285845,52.88292540785722,98.29276724460018,80.2134582663168
62.95931097005919,52.43753089123057,98.37282093097537,80.17837449683573
64.2310012773525,52.05010426785081,98.41525574607623,80.56849263617337
63.45890582096551,55.00767096254127,97.5900313756471,78.87397081905809
64.86012573002503,55.1736971610695,97.69310913565307,79.190935755986
65.1850937589341,54.24297561571558,97.57384324385055,79.17737884669384
65.8731804787704,53.611610362484186,97.26898938425609,79.1468659449535
65.38866568062298,53.498550395380974,96.80299090437903,79.0484924709568
67.09449493619532,52.90964895742035,96.36209655339061,79.0611952492218
66.951092125898,55.26760445207678,96.243811841954,79.00516585170581
66.93227801672546,55.14149758371612,96.02320031420534,79.11510663920839
67.41987426430748,55.45595553235833,95.70865235029129,78.72422785129896
68.7279392117506,55.801607636393754,94.36715014095194,79.27764410221249
68.945215273609,56.29969849030049,94.3562735543445,79.20370360533651
67.83325939539294,57.43845440275686,94.41136206858911,78.0344986651894
68.63892806975196,58.51010351071663,94.13846466127734,77.85161915044173
69.7979850783734,57.77719051451476,94.11402129833132,77.22061286745486
68.9412991244938,58.32683386575565,93.88269105765303,77.0377385184887
69.28960572862019,58.105821780448544,93.66911007596275,77.04955639027479
69.01301965751847,58.6245133274046,93.10857372207244,77.63909590378455
69.75382710867132,58.52015777505888,93.6962642396886,77.105619508476
68.76265971388,57.06044041921011,93.88877358981814,77.00115895650165
70.64454607458065,57.37280808426396,93.40841761646371,76.78004911467521
70.70419045257188,57.26014869852057,93.42084272766874,76.65798629436512
71.21318410240188,56.288854319802276,93.36428120925873,76.8666883330517
69.87854609609703,57.23015066478863,93.61696176288407,77.05340106300086
71.1613744073356,56.393073137425354,93.53397115603192,76.99669063921179
69.70461576235147,56.798542501580606,93.52286686396896,76.64482783863566
72.04405375396986,56.16362300056682,93.16183145690403,76.5606324168351
70.01280229091098,55.64348197438381,92.96527066231866,76.356010904748
70.50089000296907,55.673964437179976,93.26881935929623,75.86334431899942
70.69303585948715,52.73589107108642,93.09607549782257,76.39738900040528
70.55921378190898,54.33165982029523,92.77579851040079,75.37012762503454
69.43674061249054,55.09629788646596,92.5770497808783,75.17956609230245
69.55370037005335,55.68957972852373,92.43245521692457,75.08260201756191
68.09952819963206,56.86456376670226,92.48853515347025,74.7003463435486
68.88742302710789,57.8567237314926,92.12078382859673,74.41283427529605
68.36802055491736,56.50641940839744,92.65882583352465,74.99921562656449
68.4823451800082,57.089130887296605,92.2944649134211,74.76198480743804
68.7628578467286,56.33780197799756,92.26670374013658,74.97167387603614
68.06670308380433,57.603653148057965,91.82838582457883,74.59039267849344
68.49582248751129,58.72336516463196,92.2076653277118,74.02418641878296
68.24297667013653,58.169171246405824,92.13028811480507,74.51691263414148
68.07370616169086,59.38151060317174,91.82213113364952,74.05802371553152
69.44872311664894,59.25208340769401,91.29847661826463,74.13874700297136
68.31650947351153,59.83974921920232,91.64682724438319,73.79401230378286
68.78492809887783,58.777304966806,91.13683935888496,73.85978825974738
68.3382996716181,59.86711063518932,91.20331398684192,74.03296012610573
68.34543202316027,60.161301373767856,91.02553610016383,73.92501688137054
69.24502491850251,59.17025656231213,90.70440817080748,73.95382891639136
69.28069702173623,58.54292656449347,90.68119018504316,74.26406142179431
69.27808957959907,58.897639164619356,90.68466556736436,74.03302977623004
68.91344734617198,58.38740001792753,90.72367293460917,74.05222633133243
69.50945436995653,57.74514126105449,90.67670893586819,74.26072455796914
70.32079481804791,57.89408121048934,90.06263399671667,73.98405437589632
70.09349157938021,58.621367658115496,89.90209765178645,73.85913235955026
70.79313986007641,58.018943293098715,89.72008624664406,73.69734290599007
70.71242598173498,58.540977812429716,89.19758455996754,73.41517572279682
70.89309078210898,59.157453150581304,89.2325867463289,73.19424897227489
71.32681591882721,58.52049925634488,89.39171728343933,72.606645530279
71.4181447474521,58.144731039576364,89.38505449923642,72.55593587006602
73.53666107672649,57.12732991796511,88.5522576805314,72.41291218555415
74.0773128943987,57.67012641328073,88.42291937721822,71.91716294492292
74.09853700930208,56.27573183434676,88.57041255366148,72.03215449536899
74.95270355644676,56.883939255045306,88.29719908827835,71.86575796451876
75.34749690573852,57.080853032452325,87.95600716508544,71.65445604447035
76.30079972973364,58.31198951512329,87.79879116553272,71.56968552053468
75.89316015691219,58.68871928762256,87.63973559437875,71.389681786083
76.35731182807012,57.99156278940679,87.43347815050038,71.53362857157704
75.98784417851606,58.42483470086579,87.26219616445226,71.40692239514343
77.52770108546581,57.06962242118787,87.01027165719339,71.808692169343
76.52674179313063,58.448294070744936,87.40278472428562,71.40999144835388
77.27703089184936,58.31743738585603,87.28523264989502,71.03935008180356
77.9341957927472,59.92843797488892,87.77229444966186,70.61919826897216
77.99148698180923,60.47955264441641,87.07668790161593,70.08014031663593
78.05565696857721,61.37741707257414,86.87312209800183,69.6839781107111
79.71006207747422,62.743738508066244,86.98505772981719,69.88859109910189
78.66219520094906,62.51326674486764,86.81202317232064,70.03321992823346
79.17315380880652,62.41942222578171,86.65927709918384,70.37078079257721
80.26858509932285,63.14522450621158,86.26580831697932,69.87773336062372
80.946567657299,62.848360521604214,85.79479193149575,70.1678114274947
81.41121411025352,63.96259825234997,86.27718115449295,70.56494631756568
82.16563575885593,63.311925303926344,85.68938888267876,70.55904123785044
81.35496320375393,63.2428454693669,85.64828892452341,70.4747582800162
83.35061915238339,64.5574263206627,85.51290354093635,70.3755038039871
83.51608146567659,65.54475600553636,84.6495692463812,70.2967489752554
84.56197473621165,66.09350572335333,84.47376781273294,70.31179836774646
85.12683764934657,66.2095457687179,84.20143334388499,69.54483668522043
85.05291858511774,66.81705050651681,83.23144310320203,69.442711731107
86.00103575441048,66.39544449456609,84.31579958492905,69.46805266125844
86.01154493652967,64.98652583538619,83.7877621777219,69.49411141516512
86.94892527519072,64.50334826889865,84.21356912735294,69.32744042509333
87.57782165513974,63.38347212691057,84.11803833034551,69.23656526766324
87.59711931229657,62.99079867394654,83.85431484220372,69.01306207593504
88.02695213203114,62.7927595668585,84.14980056992209,69.00121182331425
88.6741244036404,62.15807937803933,83.98112741342231,69.12665130251509
89.16093842028357,59.96700711987851,83.3794476223235,69.45801456883673
90.15471318907736,59.134095861346616,83.25325672731404,69.22088298433802
90.69282166739845,59.26309403885903,82.3306652589531,68.62777310392256
91.14469613920541,57.70134036930479,82.62640972354231,68.6679674547498
93.10346187386047,57.68198444189024,82.72410652571656,68.17533775684451
92.11111028728875,56.643233088706836,82.84949573401624,68.41513294368008
92.82290380857592,56.85156601901074,82.10638964847317,67.91994535455665
93.92108952337918,55.95027337160349,82.51600576769476,67.70705823726178
95.07588749009815,55.46652902854278,82.27910270535058,67.51979228471131
95.54102037279497,56.09059233649921,81.62279323878504,67.13442811997032
96.09013867516856,55.36834846049069,82.01668309888164,67.27471665323738
96.96670039432354,55.41570066689624,81.53257211174353,66.87947513105127
97.28268798782685,54.929437628751465,81.65041381926818,67.28876878546582
98.04312718332224,54.67597265131183,81.40703176616803,67.05494556651696
99.00805585989076,56.33761645323781,81.16983188373412,66.86224267946189
100.76955291133598,55.228755577716406,81.29371888435928,67.50190046566094
101.63515540668874,57.69793896927651,80.77845627646627,67.27788915129074
101.62275648979247,58.336085753721925,80.4730233973682,66.0893641370874
103.24849062830987,58.9555692922131,80.32162225900528,66.24184603471443
103.04735627852685,58.60977319081467,80.55631893708694,66.13280957540191
103.83234503128983,60.17372166891485,80.56010241788908,66.12560964068592
104.03843956035179,59.210558289602,80.49508132851517,66.317897092671
103.70588632940404,60.694293350544235,80.41708476306692,66.23049288875528
105.48145445074951,60.22376000968543,79.9786499363916,65.97322583023852
105.94489273336575,61.57205380342069,79.31462127154977,65.23531744198675
107.10788611178197,61.58790979713244,78.97831957331108,64.98522166550075
108.64131237359865,61.583936574697425,78.77108619030268,64.59848427248015
109.42961140458695,62.586493588912056,77.78021200527922,63.64390735342589
110.19019993362048,63.582184648788,77.65161307221217,63.887449550080255
110.026885468554,63.08887573427572,77.47290142617325,63.71980102168294
110.94933827575535,63.65832688478682,77.31940206177055,64.03146024409824
110.85885367054928,62.87119492416189,77.01105242452644,64.2772329544106
112.1628549641668,63.4606077763592,76.79510916346328,64.09736965235973
112.87493361135292,65.27857851250127,76.3247482558098,63.71933223280995
113.39650050850693,65.12326491657187,75.956236043533,63.373129590684385
114.88416859390688,65.4813019589179,75.66418844695185,62.54221785950796
114.24513294488992,65.49831308715216,75.18893332897017,62.578416550305064
115.84372126540806,65.68391452539818,75.1198389633245,62.31790092967239
116.44157718308463,63.83424263732029,75.04973747953386,62.264376053484426
115.98120401120251,63.68345630182,75.20598797368874,62.152801751828754
116.20296584469892,63.20235891781115,75.54853608403965,62.16522845344021
118.23422068094041,62.91025017256293,75.16421855022854,62.122065572842885
118.9265198352419,63.154995848528955,74.53746325920369,62.12201513887959
119.17910637417302,62.636256168226694,73.79516859931022,61.967203239718486
120.10665953254082,62.424120339234065,73.69680666734025,61.994136030516245
121.2615840621105,62.1757886609813,74.02495809648211,62.354324777646774
122.40021218828556,63.00221537813724,73.56377240077262,61.65084268122552
122.65553413808323,61.921780040123366,72.78500105977103,61.284949441237636
123.21229706081701,61.50056428862412,72.284634393991,61.44744930361114
124.44551907445336,61.20529361051352,71.72343328664014,61.86156854069171
125.49743675621437,62.06004401118061,71.38101149733687,62.51428087412316
126.42548208928594,60.87489948944663,71.22914446400625,63.82887533751298
128.4531460314427,60.38802255257269,71.32875432383332,64.93223736555774
129.10424321116597,60.984402594172124,70.84516348001179,66.275640612437
129.64661802591903,60.407770674770035,71.16205569620881,67.42325869928806
130.04920320768994,59.7683711607076,70.52769221743263,67.33395470006917
131.04822611614998,60.710267791451955,70.34095621496566,66.95379303037734
132.39209629926825,62.264392855735466,70.01857229404166,67.3001022279822
133.09256278280318,61.43696926803512,69.67916276447174,64.86327459869538
133.56506700752126,62.562977117198955,69.13213405136372,64.63533726950834
133.48704410084062,62.232175957394745,68.45959710105315,63.355258680913636
135.3105654395248,64.67872435276317,68.94118601548166,62.7027624761143
135.04418815745493,61.65553454093315,69.22497817727768,61.70373194352433
136.02701785933866,65.66312889237238,68.97352165436956,60.58606521330212
137.6246365196426,66.34876996277583,69.04287173610547,60.2430728674171
138.62313431894248,66.81634491668476,69.07029020000569,59.728119492802364
139.52347666856184,65.67042339130035,68.70228372342322,58.28352760704774
140.85808291542725,66.69942491687448,68.10429925703612,58.48461879418073
141.90852533436112,67.33845334681064,68.03783824729337,58.19214237864436
143.33890890471693,67.53761185144444,67.05718280091769,57.115907888907984
143.87570975937052,67.55535518986817,66.51251175567305,56.64363837514648
144.19393704938994,67.65253265402522,66.6617627420404,56.18310913042612
145.06205406999956,67.50421326384748,66.97534864711024,56.357753892226924
144.1972625697507,67.61813092205584,66.68475952846731,56.276753902958625
145.90236854123458,67.9948507889275,67.01824570561679,55.94346492605128
146.7019612932967,67.96125783493727,66.87143752082845,55.28085347075047
147.85373015144884,67.81716536765823,67.007063012532,55.078269972691345
149.19300324647352,67.6350657117444,67.10395322384983,55.016047165378374
149.3750552101937,68.31454845563961,66.98687383254233,55.162025525244225
150.78918102997483,68.03811330470046,66.8712381597769,54.79816303903658
151.20151415312998,66.98522831842241,66.11911219666973,54.76791616588955
152.46114352950252,68.74279494068705,65.96653740388561,54.56757173971966
153.6727333702566,67.1260516886002,65.77410113058053,54.37182850756521
153.91282934019688,68.76776608718211,65.85660755495779,54.874456228956106
156.0023055646112,68.37027601403878,65.22471321159794,53.84108249340683
156.5388740604034,69.53127065506487,64.57953947684943,53.294026072682755
157.32264596236462,68.06413789735603,64.56955182527076,53.024602012905135
158.53360071201791,68.35405022449373,64.36004466971417,52.45474134788755
159.2005301032836,68.20757968473686,64.47853268894059,52.448488091463794
159.81326685286805,67.69199697334223,64.2980268411389,52.241555369721794
161.4669001705658,68.06815125863696,64.39888703679813,52.50116391339016
161.5662193460596,67.2812206627431,64.23918911549796,52.41711189717006
162.6194043820184,67.53393399146358,64.29158674377574,52.9668152446119
162.15930653806367,67.57145560591943,64.06534383305237,54.14573930085648
163.49154616903326,66.89437148519146,64.1845864949413,53.76437287434366
164.30044588819848,66.79184665180838,64.05883722750929,53.69262810751604
164.6171183358564,67.67441561125189,64.54695229313097,53.040679885894654
165.26160627158828,67.501968297866,64.89696873123754,52.81365983981486
165.4215449217413,68.60660919623288,64.89355871608774,52.90316039171391
166.3303162902834,67.15375742641274,64.97541478271441,52.63726358955735
166.83735974075802,67.88238035552925,65.37632116789803,52.62258364929306
166.37567633647305,67.49732144465409,65.66870653115545,52.339219415379304
167.98975667272893,67.95143123465638,65.26748067309684,51.93537910783567
168.53198622252893,68.1623849972708,65.12096407837966,51.977888086513076
169.1373439172495,68.23650384870882,65.23285000729791,51.99366710726984
169.7330949914312,68.5516648452122,65.20435750248922,52.03898903516155
170.15187041611028,66.76180836269818,65.43795838652946,52.25654990058021
172.08097731030836,68.81215761862369,64.79789950535982,52.44479181841669
171.94312043672514,67.29801163882499,65.03966244686221,52.655716224303134
172.90745496593595,67.44623758794144,64.70500278785465,52.332363080953066
173.77867456171776,68.43591297501389,64.23708447031444,51.664856178878466
175.1722715288968,67.79961684784675,63.88662759650328,51.61647980528307
174.69116923592168,65.51622895271643,64.17952065901599,52.125379008629636
174.48460471341474,65.98681135364068,64.2936995087174,51.99071750267959
175.39463798507927,64.03777965257405,64.57725540191177,52.605562521023785
177.11304991617507,64.11810865437883,64.41316713542328,52.47418613362516
177.5909478634465,62.043527877904836,64.27948427798982,52.53011648540126
178.88322576366755,62.76814269642642,64.83857471778205,52.52032471456903
179.30896099025003,61.95700010579423,65.0765512861015,53.10617190755217
179.63960390145417,61.887446680932584,64.926923178537,53.01197187250983
179.07612375396738,62.492206476063224,65.45442668640118,52.766212658225115
179.66928174067647,62.571538172568815,65.27946325204547,52.77881391365143
180.44377742245993,62.96357059232379,65.03845528691608,52.60986137882899
181.67410632923236,62.8382574939493,64.65772301048057,52.29904043202327
181.17692172542928,63.548818240555285,64.50484490363365,52.17606041830349
182.32871949293772,63.706904240684636,64.32824826998394,52.07540355476354
183.43603396526453,63.976687393681125,64.38908624427563,52.150964812247125
183.16323875376685,63.40777976834905,64.3616633616069,52.14543899845815
184.81334945196647,64.80899085097442,64.08970124255141,51.698287218949574
184.64910272809007,65.28765505229684,64.3126954227261,51.428107864156324
185.44660792188728,66.06453814258211,63.87776499118636,51.28466578026547
186.09123351784578,67.33450579867271,63.848615117628775,51.16221093683427
185.46579219077688,68.22635691832795,63.99395272782121,51.0552665100238
186.90156564194984,69.49387617578311,63.90985089383469,50.92574557323846
188.11572575148472,69.74460540087551,63.916528233358704,50.88220338281928
186.90963973188298,67.87593459050592,64.12804719639028,51.30559541859755
188.49136583701318,67.78962718289202,64.01838221757518,50.914443754333135
188.45418851780116,67.09706798070658,64.12593998099925,50.755662622571215
189.2740982405605,64.75919236791133,64.0829833284493,50.763139922380475
189.97416169822466,64.68793729391695,63.822977873081925,50.63852970904112
191.39039432218422,64.2465806950989,63.222553030436245,50.08601646624752
191.6455892352567,63.31506528504284,62.82808422479914,50.318706710187755
191.1650029615161,65.21895151105662,63.167979916811504,50.39241924351177
191.6032202608666,63.93582329620671,63.77865164135272,50.47814588805532
192.2519332960915,65.15276929468061,63.53576048301234,50.36458164989659
192.4792396797872,66.07065136102345,63.49334864335523,50.23018775646872
191.93792291820344,66.73095633715054,63.95320994972593,50.58776994288641
192.32449900173987,66.60716022127261,63.93498637152027,50.39889977229852
192.7073243649335,66.01064911395827,63.62339143126584,50.15820616661472
192.77610195419072,64.86207666505823,63.385143503727924,50.363508413047626
193.24484071812526,64.92075064222963,63.300296591093236,49.974630307337605
192.79118200368254,64.1217514534367,63.40739734517399,49.983257957384424
194.47510464730982,64.43485729714263,63.25134405010694,49.86824622114443
193.83786972473592,65.11367195099601,63.29578765013753,49.65084518492206
194.6309221780567,64.85512312323132,63.31400708431629,49.613880950802994
195.41379951005388,65.2269129327373,63.064094095126606,49.83024701050195
195.56508878023732,65.5431525466727,62.5678815215566,49.861769247474925
195.62406660168875,67.14225510419456,62.96498630345842,49.8006490933687
194.0640955221216,66.96288072956703,63.225782344428694,49.78290248129562
196.0221212415423,68.18082944687113,62.66933478742324,49.897267497859296
196.60519090833026,67.69566615671405,62.59320705052697,49.582514122118766
196.48411926473278,68.00224552623295,62.96637755940161,49.612116613549716
196.73973392511948,67.66073839486182,63.405740279643865,49.67420497297165
198.55596902563394,68.00760784781285,62.50564617724774,49.926831423514926
197.97805671442634,66.44031033146342,62.7450584461473,49.693430240393454
199.05606986320805,68.24990442255051,62.52193925307611,49.09221691173492
199.70963072844665,67.76860149612816,61.94170045716916,49.08395179289994
200.00794122241757,68.2577192175811,62.43628125145389,49.63244974843156
200.46406444158015,68.376470389213,62.33934243031628,50.51820790321464
200.69638907993104,68.26082796828513,62.735410927052,50.41643915620318
201.06031459829074,69.02306888568887,62.85648261982479,50.33942131065349
201.5033328354351,68.93856242527579,62.98315671682515,50.56788247366717
200.67965894436617,68.60889491369022,63.47031773138483,50.55065804859612
201.89111549087713,69.7517561780475,63.05321823699573,49.85421469468625
201.3443213878249,70.28438697056865,62.716188156967405,49.54231004323771
202.50797587537122,69.92016941834535,62.64249551488257,50.16158377073118
203.14415303884422,69.78660620944038,62.85097614887403,49.969008650455194
203.38211616682491,69.0871083418713,62.95425826693608,50.41059166586678
203.847889658216,68.76330096901984,62.84361887692741,50.19384178754626
203.95025095952604,67.78920632787671,63.677180576065126,50.031786318855964
204.99953290819454,66.80196566276504,63.678683817399985,50.013652902985534
205.21705566039708,67.26263377118411,63.84634522217456,50.402024327748954
205.68008720088616,68.12386005198296,63.977685705649534,50.205969471229395
205.69106625292983,67.97643552250896,64.0244684462888,50.25655583486488
205.9931502031405,68.79203357268918,63.614667000945616,49.9200985040357
206.69688673788445,69.1435554474404,63.335886558410785,49.419310003556674
207.1576938031867,69.66019908267484,63.343212247142205,49.453298734064404
207.6630807913375,69.50662972401099,63.41086844662189,49.4800266847905
208.56592922774308,68.9212917855939,63.17049444978724,49.020331467874726
208.2483463010138,70.08805479164697,63.554134424339566,48.75138065108107
209.12696265186952,70.68823997102965,63.98998643942501,48.79528824641726
208.92299306552002,69.79211527584584,63.671073195131825,48.60935770514425
209.33554405457997,69.61243929563082,64.01963149533226,48.87087031010553
209.81039116767158,69.2750390298853,64.30780653184434,48.681687687299714
210.5609610237235,69.2328414672636,64.34226557462333,48.72204594730874
210.34007281134632,68.36444301333057,64.17808496812765,49.06399117060448
211.36068974354993,68.24266148665589,64.49381521504861,49.04229543489134
210.91869772621277,68.7596729886294,64.9347908268713,49.25311496024119
212.04213251279248,68.91917915558267,64.90284129765723,49.20157393981124
212.26359920519673,69.2257703577479,64.72855415308311,49.130200617512
211.80766714886653,70.53645099926794,65.02091142980602,49.10844870947192
213.68504798028232,70.22418029335775,64.32120347791192,48.893359994339185
212.57128518178806,68.75451371515514,64.48271955341609,49.37453275035378
213.90629234224224,69.27725398772252,64.2019111651249,48.69198250307059
213.86462630059776,69.50020146744833,63.86971590466387,48.19434498990802
214.4665759042091,67.98750714068103,63.97984257634745,48.1112283944192
215.06420976944466,67.16664686406594,63.810407975759105,47.81415195057907
216.3223996522305,67.4014540373517,63.595709728742094,47.49703394189817
215.5004375487944,68.68182510922054,63.99827041022372,47.30862151007456
215.26463991848806,73.41782890700227,64.33920466009417,47.55328871919858
214.11606866912862,76.25032308336736,64.49262462463338,47.47139973170277
215.25744817768754,78.06826742026772,64.47854236532805,47.31613239579269
215.85358606428508,77.98413914264596,64.6071741849064,47.433241490098716
215.33602554489443,77.35747209099456,64.42475066802363,48.10204190199525
216.5754197116529,74.45406731082721,64.31987896048324,49.0103529271737
216.85239709154695,71.97509252241692,64.12111829249204,49.44362904208023
217.53202722420775,67.82175827829184,64.47012523908452,49.05121610943195
218.01676412251985,61.61693692787355,64.37221821492126,49.146069991909144
219.02039496718282,58.6253353256824,64.19178452852495,49.20967175586176
219.01184698526245,56.32266013751725,64.23393542400636,49.13751663902799
219.3059409056059,58.56653455994089,64.47025625031162,48.49327365355572
219.0599785447447,59.05255182705223,64.4455488919559,48.18253977851274
218.7005120399379,60.39917408601742,64.42253854219453,48.27669455257454
219.6110363583739,62.54116960830403,64.48250186821318,48.09312159882162
220.33197841767955,66.51341490478643,64.3097217535081,47.874400048825564
220.18993720167987,68.91437204057084,64.89753038179649,47.650641294834884
220.19395777607355,69.58583560976575,64.89066415976694,47.63400810175756
220.08742239153196,71.99694114614425,65.58331866908455,47.210036164742746
221.35525108435644,71.13131429736673,64.92792556566212,47.583730658196224
220.5438867520131,71.36325961959925,64.92969780945037,47.55883537505931
222.0618021391644,70.49142640303374,64.60764266991342,47.979549537682516
221.98847130703314,69.5373088058266,64.64309827948838,48.08975006412807
222.0363324417907,69.38570997431523,64.72359976485609,47.91640048593983
222.46952146816605,68.69633667317987,65.00173770331632,47.84064879719493
223.05376957101055,68.82937781968539,65.3348131529008,47.606808325472954
222.93628613295525,68.55699713162906,65.93757788057388,47.71689257756219
222.63372264284422,67.3828142927061,66.09473733149905,48.0971643833378
222.0271813888152,68.31990207922658,66.59891175850241,47.93356009935934
222.6178522260417,67.57085992072533,66.06861683697915,48.119937873393084
222.54885646577708,66.92316743041002,65.9662671709849,48.192391945820575
221.6040389312284,67.75638288016415,66.1677155945745,48.309148912523256
222.7165921131246,66.56273151499042,66.13476316144614,48.53385398662073
222.87476722681959,68.11841360409727,66.00634018014989,48.54286639532108
222.6184862423226,69.5651989169485,65.85281023019851,48.51532360164987
221.67282247707334,69.2717461577644,65.82107257515017,48.41695690322119
221.84801885764355,71.54063020932149,66.09271960893165,48.21398189092733
223.12682947224215,72.541758450336,66.05404979575006,48.44559686885924
222.37901260545664,71.46245170448242,66.09327788967263,48.78574417404299
223.32461277363615,72.90849506215469,66.44359366659486,48.862636340534394
223.40781508324514,74.88469870239024,66.67590120558003,48.618160578617946
222.9492631184638,76.10376113619978,66.51626868494742,48.784985662170754
222.0896207616098,75.13246561612853,66.38788188986632,48.86353251286014
223.38772810307682,74.21047397673107,66.77379916494007,49.1735955035691
223.70744998276896,72.26577278582855,66.69119439481364,49.17969710412417
222.43819002407105,67.74448852418205,66.587502398147,50.2528442406984
223.38266871440769,69.40753299080521,66.33442453407524,49.696195004717694
223.42707568728676,66.36355048344066,66.25230919671553,50.03756272940774
222.28181379527496,69.34578254689367,66.3938461643329,49.761636200157966
222.534042803968,72.7308550695106,66.67162996823589,49.07562811781473
222.22014078509852,72.27602599561482,66.99520426964668,48.855342417950055
221.85129427952538,74.78150425758625,66.9850487700508,48.80707815474939
222.17196597579806,73.69309220542948,66.7222759341461,48.85331754226603
220.40612088623777,73.1816254110153,66.78706242674323,48.90437307933658
221.75188213919083,71.31653782149895,67.04565893939179,48.67484672028334
221.45961745566873,71.04763285217064,67.2134250007719,48.306925457768116
221.29666861960078,70.74474735925565,67.43940812212654,48.25737722973088
220.66626159284175,68.64759348975423,67.91759888462897,48.35173990037434
220.4983984862348,66.21545903217185,67.71124135760849,48.543035182726626
221.35811115932682,67.39366414016582,67.39419027900263,48.30283590423866
220.48983501484116,65.68338492684045,67.60175086875515,48.77846330061598
221.75803905787677,66.72633597198111,66.92206275338711,47.735987724006534
221.93377743769878,66.34920668054076,66.81329229257122,47.919826995363806
221.30974763396105,66.30351114025947,67.10532773012478,48.656970029051365
221.2972661741829,67.60283108607581,67.5222889406967,48.42991216866868
219.9658647616539,67.93637028380664,67.6325710138016,48.60498160035547
219.98868157240156,69.01111617413073,68.34012647922032,48.57786530798853
219.37508310906873,69.8744358251163,68.35220499768285,48.0906516651971
219.42720842057042,67.08869700774494,68.69169521940603,48.76469888001792
218.5539383039244,70.08563325692108,68.70863645367461,48.40977291486877
218.6121026755507,68.91471073667395,68.96520199753145,48.62428336063648
219.17416271313,66.88508505443349,69.29239112647439,48.96222124855488
217.80871090573268,67.80337228346133,68.97736578619089,48.62546368503048
218.98071825443216,66.75047090646326,69.69975733879193,49.03377193219066
217.6747872243726,65.87558387650472,69.29777967723138,49.407111665935865
217.41343409474166,68.31258948599613,70.33969675192294,48.73201402117181
216.8606783731205,69.22122209334995,69.33929694028242,48.5319210476751
216.94382916018964,69.15251198260174,70.21117285637854,48.674742880499636
215.97631486125997,69.07944192290353,70.03615506751913,48.62279340028668
216.44213803490493,68.69338883344206,69.8851636274558,48.97952482335027
215.9057963461355,68.16279076893984,68.68343294249465,48.368937505089065
215.3218727730294,68.725558307314,68.363288755699,48.136148400020446
214.05180894817784,68.33700004597388,68.71376491614434,48.89837234457568
214.44972861413953,68.59673925747202,68.13589738597877,49.017016480173154
214.0626803359589,69.40556344347935,68.8441217499572,49.075393498783484
213.18215429614816,69.22561473817228,69.08474231102403,49.251163101780435
212.3208332297175,68.27509028881195,68.2134818559947,49.31464181007141
212.72975069970653,67.89978634456101,68.3399981123057,49.42485358040923
213.1612577168937,68.95731719880018,68.56521039629074,48.7231219500559
212.75347243293345,68.97534830221164,68.27763155014875,48.36625896198297
211.94205592687777,69.61551359232752,67.8532996452679,48.318579138587154
211.0707497298129,69.81282377368765,66.95876604330391,47.89141177879657
210.6028721554265,70.21756201419299,67.39020295477204,48.22448290520778
209.88903167639342,69.77139664633329,67.32737487963507,48.4150619319428
210.3911642596492,69.91168884513709,67.45398434691252,48.56680480484299
209.36550505808324,69.20616515853423,67.43210633891164,48.849830937814346
209.0907729429951,69.07935859584916,67.50297865014264,49.30298324775482
209.1206053449462,69.72723572737448,67.83696008647479,49.200039043297934
207.53972997489552,68.71178759977634,67.45787830704492,49.433572017244195
208.22976574014055,69.16729631498889,67.59080726483609,49.375581930569105
206.48561896013754,70.5653454339187,67.89489672327962,49.52162236458449
207.56017884290037,69.26935220412274,67.50117856908206,49.970908628863896
206.30555408124866,69.39444403958605,67.2518831705105,49.867911237234146
205.98607403006923,70.32151547469057,67.48924720353344,50.04541509554074
204.63067435517496,68.27124627705639,67.95396806211099,50.772982909754404
205.7476501147588,68.41931338085095,67.99253851559959,50.77219782325905
205.19604814671186,68.5680252485058,68.35936855032631,50.514614786191515
204.21774244943123,69.07096492934937,68.37292574566877,50.54024482391844
204.54062603734673,68.62507933059865,67.82855322315811,50.295617705990196
204.32459637122776,68.58112029803773,67.68633277023977,50.03662720177609
203.5353218599506,68.2970683771117,68.0117689998253,50.07544942741723
203.1803860211344,68.84895588038043,68.01502141476242,49.62021873240322
202.88318144306675,68.48178818241918,68.15841128378841,49.67602629629446
204.09329539686144,67.97255287378115,67.35176980198024,49.21540145458613
202.60999630994084,67.10651097214433,68.3828821359777,49.85225515532071
202.8018796427354,67.72553911025659,68.37979173991982,49.85928554901808
202.11987400089052,67.83826762390065,68.57250785759396,50.14734780883933
201.5027874864336,67.4835404009943,68.9715673611172,50.46869495484734
201.35234583439203,67.21546826795117,70.12164805289564,50.77173070042578
199.67692633142926,66.79397960438345,70.44383105296181,50.98502357931905
199.64875904823361,66.82807589183687,70.47143331954837,51.02207087257626
199.7253917968999,67.7737049149114,70.82982553705956,51.287795248302174
199.56809787428955,67.72412974424458,70.62744560884275,51.18267618045616
200.01446604686117,67.5998943360333,70.60819864358237,51.17257155742558
199.84468145563142,67.53787183160577,70.74444446178407,51.23310948620252
199.55074243589215,67.49041464658265,70.43847789677041,50.99034685429564
199.01665654286293,68.21626418186976,70.2238585451335,51.25220979544017
200.19954993213545,69.17866150602,68.9813932997916,50.699683823897495
199.26473177091856,68.0027615473045,69.20579646792851,51.0387884288285
199.57043555896468,68.45346549853645,69.62962143578159,50.92017166405991
199.94251123941132,68.76527957370054,70.06033579754457,50.764194880919234
200.17003882974907,68.3626259969316,70.32061264811904,50.94979683426182
198.76963778221898,68.55668229156839,70.22476252149954,50.91735135924601
199.18555002447306,68.71296067254849,69.93470134265542,51.26673612560613
199.5303464918464,68.77941960374592,69.63808326142441,50.95463430325035
198.99447216645845,67.78895744691638,70.04886694637999,51.252651512417245
198.1981962064977,68.02634698132718,70.08702128329367,51.59517896215033
197.8848376056862,68.02534278089954,72.2089014487839,51.52971299777123
197.24861767563314,68.01929029074115,72.47928137236653,51.719613388244255
198.0888300942816,67.38310058445373,71.96890048038213,51.86706909476441
196.3511821520009,66.98039557480804,71.36620869404508,52.19107957792297
197.2088938684211,66.3182134371228,71.43060093503281,52.212770513449726
197.45768238164973,66.94373862926436,71.73870322986458,52.287663122330656
196.29156617087506,66.38389868866585,71.02335874711704,52.26548204161361
196.46437788712578,66.57438769871017,71.10754488492813,52.328351677774975
195.95904037811334,67.0845333034702,71.59916167541394,52.132187665520554
195.52745597348408,67.08074488252332,71.6864363196334,52.1735779839768
195.6028483094778,67.82374214898545,71.41290994842723,51.99936628796662
195.44510118944854,68.3446438294022,71.62020411524355,52.22904730213311
195.1966945162243,67.80719111782994,71.68201990309825,52.31304696355885
194.9976924936788,68.58243667345576,72.09377211713453,52.64953400172131
195.63166929524598,67.47979681075412,71.60586306966428,52.88624683259333
195.7422383234531,67.75760480707268,71.42723599957816,52.6137118946437
195.05327823441297,67.52635651726743,71.78066582121309,52.74304807386358
194.3203729380527,67.11828847590982,72.29650998326959,52.99943073861003
194.87077534981466,67.66733843967994,71.92919514998007,53.138681274937
194.2813106153934,66.3903749017029,71.87770164518973,53.76377534307859
193.4099142118319,66.72337208129098,71.72918280680491,53.56413535401961
194.23646727696038,66.73143405689797,71.43134706229019,53.44428215475874
193.87589334669906,64.80202755704366,72.07647563570342,54.23754339665486
193.60433817175323,64.81122665866164,72.74127482836852,53.81867827447361
193.05128275611276,62.88727990492828,73.55980326218858,54.18662183076844
193.72743038761462,64.18466861847216,73.01247015738794,53.553544843133814
192.68726890366327,63.68890831532778,72.93347610868906,53.62767653340694
193.09226208969926,63.05836825254577,73.06430089384364,53.438637640416275
191.8482801254295,63.08646579372636,73.03377117003942,53.45347222114102
193.6835055601465,64.05149594802768,72.69596190216797,53.35538212738213
192.55718053897883,64.4745557144036,73.03709766227674,53.626480612208425
192.71463293309327,63.65469409444934,72.55208789357908,53.51573082965601
193.25308800526227,63.497051396499174,73.22056959494418,53.8956066796579
193.26542221958732,63.935104711948796,73.51152921805192,54.03958061516491
193.14378785192898,63.04628883515529,74.40425779223581,54.28567245175974
192.57540385654843,64.65084261684666,76.15433755057501,54.44521723212699
192.4440869005206,64.00175402290938,74.48676516380254,54.554490611407786
193.10919219817038,64.2023271903411,73.95571838686234,54.74993241131
192.05002957618512,64.44506659752597,73.22725713180941,54.8987919758465
192.4358157963062,63.081154090906445,73.45315173258294,55.29101518244492
192.47121592145203,63.64996407440088,73.99004801549441,55.43376020569043
194.11218290711116,63.99035266937639,73.95213259886359,55.14397422667691
193.57964353655842,64.42081749155892,73.73773135950034,55.013971095983734
192.77879075177165,64.69663800025478,74.14278165563637,55.260059570779504
192.87356906914945,65.95600226400612,74.05747306775577,55.303464832339344
193.16527711625835,65.04414740281247,73.50429989345984,55.31046312894538
193.5169351322918,65.90561385947638,73.68535275787734,55.22794159257067
192.5383229037893,65.91401638801139,74.09042267386671,55.31404180893816
193.1275003675058,65.22530311437706,73.80311999252744,55.22332870776934
192.34017357734217,65.42408878227359,74.56509046738597,55.672803270413766
193.36241944009504,65.84077205211044,74.28521666180212,55.445668420193186
193.75085153001697,64.58755789721451,74.41863080227077,55.72840288232881
193.68942530878005,65.26775708553782,74.4954627369321,55.85335606818218
194.068233267282,66.50280737251315,74.57595106797504,55.76988269149715
194.50136638860064,66.35363042096786,74.43575904408777,55.91189504185334
194.79020396323892,67.19799499270012,74.68263833817056,56.07036438471695
193.6897916644558,64.8789326417444,74.83802226190872,57.327507641315876
194.79572190337356,65.31159454715016,75.39489957704194,57.13378417230123
195.22293388283742,65.42557070065041,75.1352021806142,56.71195369147262
195.10279953361243,66.14572516816617,75.84559417007986,57.006172344331716
194.65115532687724,66.10275773481321,75.9846919097221,57.18051663486577
195.34735032021436,64.35604558392384,75.60160978437598,57.842001239378874
196.02257241002292,65.69555531936632,76.05734846608698,57.39567830169706
196.36956323944244,65.6115517157759,76.02663585021668,57.207789512784146
196.50641897117373,65.12769287816808,76.37484211136348,57.46060240284353
196.73987595912286,66.05037899453993,76.00805630929332,56.97967108806857
196.85682544969146,64.07240334091244,75.92174033596865,57.919570149229806
197.38537753860368,63.14192734698104,76.79398796478482,57.89853361170198
197.91751502245182,63.448133369942305,76.94684556544794,57.6744882649982
197.15300063792978,62.82995887346908,76.92451325050766,58.020853127085275
197.85107032163114,63.911309360888914,77.25386826787053,57.816434622948734
198.23130343898896,63.28558670610433,77.49077752143614,58.14667631923665
199.14662874835028,62.93881486802533,77.26406977380725,58.565714380160266
200.23516416671623,62.609354967658724,77.79390811676282,58.662775050034114
199.58745769822187,63.05798818638219,78.22719947172033,58.77695270438406
199.49133134138896,63.25123119599242,78.16212796663615,58.71657752500735
200.410738072328,62.25205947801232,77.93626006139871,58.95723053128005
200.31917073598626,62.99395641392352,78.59375996845718,59.05507118094202
200.53049501291096,61.73586226720747,78.51660091656089,59.504303907967866
201.76134056927225,61.4848952509857,78.54728040930706,59.34681411228642
201.37237286961383,60.44596856994854,78.62895726370203,59.44316112670448
202.75195242973015,60.385372924034655,79.06147905167249,59.363088990797884
202.82300544305744,60.33809253720497,78.91330002697104,59.32193809453536
203.95711535834494,60.738054607059695,78.93591271592732,59.29975443334155
204.78654968206928,61.66222877328293,79.63303161730678,59.35088119855132
204.14773429736584,61.92730401805352,80.29088089257303,59.213644527369524
205.57527943495802,62.43477914350844,80.0185848068418,59.5517521377878
204.77028475857765,63.34637617093749,80.03430536077443,59.76188327824221
207.16639212564672,63.11849871543903,80.04430620280814,59.838792974395375
206.74425683414506,62.66118414373526,80.18426160026456,59.81668505725604
208.3560354924199,63.445341298345596,80.24616570949615,59.85255775975411
208.44666472030832,63.776598599516035,81.37209719512558,59.73200482733512
209.4306173067485,63.34209263593874,81.40135388747956,59.762912506442824
209.50642323594906,63.87005392573848,81.95973348415657,59.928333920983974
209.43643106850908,63.35800283302923,81.50746318036464,60.37199177046497
209.81284031843376,62.96289872097816,81.98560171176527,60.78488065862962
210.8687148030586,60.97645084486528,82.11362935384375,61.51699271944913
212.104827517807,62.15651422082419,81.74870372903446,61.27313794018755
211.85998289309862,63.63876221104187,82.19435611321681,61.43025450858032
213.4632943377897,63.39210689006498,82.00839362422525,61.46085763100285
213.59831232197337,64.27517916481884,82.93632518515483,61.80027338422953
212.89516840020042,64.81121419872181,83.35546092909136,62.04006244728292
214.19197247817954,64.8132775069299,83.63764623016438,62.136582803523034
214.87711434717573,66.43679573838988,84.50124921092196,62.18913740505619
215.8484277776622,65.57161616078602,84.98345755502712,62.408479714560755
216.35559804630964,65.25170309850733,85.45947346304479,62.33129534107127
216.8432879583143,63.67115646594553,85.21782776989484,62.86122405541363
218.43885695353134,63.35351014944035,85.57704378336703,62.458003504830224
218.55526115093085,64.50361648368278,85.83999344520862,62.195541080486024
219.6730870318176,63.17858553771166,86.25244349007572,62.608633978287614
220.7138532845851,62.60310547026536,86.22050204899388,63.16535583193021
221.07824928744773,63.37405482583898,86.1944688323311,63.16444222820485
222.5312827830848,63.328188076197954,86.11240696801005,63.38920185053378
221.50410487503464,62.87337062879544,87.11198373137603,64.13346198947943
223.34728699958524,63.324455295113495,86.4364227049311,64.19827263731207
223.81624393715072,62.94538750139057,86.86606254073762,64.77943678921105
224.15850544356306,62.94351639534885,87.38854026033482,65.01343412824761
225.51104556248367,63.788570788723284,87.21010186819672,64.85417861298312
225.8849011985092,62.21263829450803,88.17039840864565,65.59494130649175
226.72219609486177,61.52853354723496,88.8807878639874,65.47215348658477
226.45464674991797,61.83294490314911,89.88689485465622,65.58308785483459
227.32113407221766,60.650298997320974,90.45821098154124,66.10319534031899
228.12912259662943,60.21118774302354,90.55719975303023,66.07831115946074
229.28352718813298,61.03895149837942,90.43155707392934,65.43737105109273
230.6320046004057,60.847438896484235,91.8566725618839,66.4322126611331
229.86498244282794,60.725895891289284,92.31945833211756,66.68820760706987
231.10944689856962,59.101568802211055,93.40996667649358,67.05078390436695
231.6405185911888,57.891494821146594,94.44950786156774,67.729263165324
233.0868924444961,58.02078720091937,93.85775502799999,67.26422698976282
234.19440318672684,58.07606156179857,93.53915688338228,67.29363188128568
235.6079273344685,59.8339954740541,92.81043622461766,66.62142250404024
234.40345149112596,59.722488091500665,93.30556955192779,67.13661256211586
236.07698213452736,60.185846281208065,93.90061641942184,67.59218988387293
237.36101588756406,61.02068164914416,93.47231942116092,67.92715781987575
236.78587031473546,58.96888560811148,94.59187936564626,68.8504520503786
237.52227916707852,59.883922162748796,94.99805946369449,68.85881888251022
237.3931691751667,60.196676697608495,96.1942982463463,69.15375048661895
239.6246766328187,60.17367517638423,96.0037747861204,69.02381969117685
238.42297399702716,61.985539439648306,96.47907947176597,69.11337851816432
238.2514860970553,60.04983930048827,97.30224936350658,70.16175023203127
240.6944100300568,62.238515761065145,96.17476331390986,69.0340005823619
240.98164858760697,64.64985980588756,97.63379449959075,68.63745995365457
240.11875550310128,63.21408593923351,98.42494932094584,69.30481457172829
242.63575986475774,64.31978059593774,98.13117497263298,69.11899898878858
242.04079387021483,64.77050812816898,98.2099619421875,69.20091184424797
243.66086113979168,62.88194649609017,99.70221876045568,70.30646528418684
243.7563222009383,63.31139480114014,99.95187891355306,70.50805451393066
243.01438106632315,61.808680717427094,99.85067817497087,71.432000747763
246.11872383231747,62.57932974235907,99.55257613907597,70.79026934828967
247.1503867617297,64.63141627555541,98.22991190134533,69.88427743424074
247.01418618576128,63.872325599376396,98.67739239898525,70.42357695066127
246.86451051485946,63.39561292656101,99.25842098688264,70.76533847793267
247.69132408702495,62.483550522698266,100.52993422341103,71.2839823286269
248.19618377680746,61.05508733630362,102.33247070322102,71.9820952248537
247.9831642121438,61.21798990766173,101.84487457864208,72.0631809512781
250.16823760537903,59.61603449225774,102.58181397381227,72.52475169419546
249.88573732361795,61.60454061894635,102.88927669553752,72.23102801503698
248.8062815410741,61.64166500344497,103.28100686414083,72.54200263471162
249.3144899824036,60.52309653429312,104.18915052835692,73.32082658473408
251.92803915010256,61.24709494459714,103.58485492733392,72.82882341646979
250.41627307362035,59.876005455625204,105.26759728537652,73.2955507342574
254.04767266516208,60.61013645659479,103.92972486010554,72.41096793153699
252.55158443897693,60.860039741737786,105.46160468161645,72.72857469132911
252.56445412512315,59.33867083524453,105.58778181323027,73.73133447697188
254.43416896487145,59.14583103499338,105.09194344232742,73.92908683138043
256.01944334465696,57.85879475741998,104.80854067885014,74.01307759941785
253.53492907267864,58.607883636096616,105.17234461343179,74.41999017409583
254.46179685257013,60.044746436004466,105.55325871185191,73.627044603577
255.8069530409346,60.91242848410502,104.95419389371676,73.2353084370634
256.4129864310076,60.88824552748102,104.28430240653952,73.1247388034364
256.9165838084902,62.85392983096344,102.56232493673053,73.00501570428406
259.7837234117074,62.44703403731761,101.2216309353743,73.4988304849351
256.47632764708914,61.819797906513315,102.94839145875144,74.3171760375593
256.911038499935,60.88841114225603,103.02324465540343,75.0035884820895
