150.0,53.0,40,148
149.90682330113108,50.59152788445837,37.29014368094095,153.46901332288013
148.8137087330436,50.80326524883189,35.617394545631555,155.58075587928934
147.06281630398914,52.1987708240318,35.21067110295921,154.46665512928016
144.93429493833253,54.97410817856908,34.98150777958493,154.32357319364309
141.59916201383916,54.96867641975737,36.43467157779041,157.52471381087588
138.31991501051257,57.0715599659365,37.63507232272484,156.81931292945512
134.7175958839441,60.678566541555924,39.323383671564926,154.73353464149753
131.11975854478652,60.80570497744047,41.997512939723826,153.64948482050968
126.64095617668207,63.07081485804218,44.88446948257335,150.3515038288375
121.82118993180092,65.7944218270494,48.393936054366904,147.49785678535432
115.33113520544555,66.66809824081109,53.67378915942142,144.00401347931532
109.53351969984823,68.70484514096282,58.54807290499106,142.94254360479312
104.27539682085558,69.66501792351131,61.50136089930447,143.57273514907112
102.26351373279755,69.1977698836127,62.03339733909239,143.88967751793086
99.95309414709808,65.34336056306671,63.422913268303844,144.88624640316345
97.23024482695965,65.5828957810089,65.20097885194008,147.07721991259157
95.03810306268974,63.21810678352335,66.04134758555803,148.78564922592204
93.94124803218381,59.5517344688912,65.77051907235115,152.88807769307698
94.11578069867323,59.47999603970082,65.30475452062227,153.3497613385671
94.45572675990863,58.4973408247518,64.53507968330776,154.93277806729327
94.18797922387974,58.358224062674026,64.14265727489678,156.97056359340195
94.9294160793014,58.499116752367584,63.14959069295969,157.74825697378046
96.74035398042932,60.26206088322198,61.9131213848445,154.73720025504042
98.12152825081509,60.5767604933509,60.575302873369836,151.24827344689194
98.76343908272813,62.531501939718424,60.070472908762504,152.23554958736003
101.15461772858423,63.88164776492866,58.31259071470654,152.0874429955333
104.33611724826136,64.8222269871687,56.62375549371167,149.63475134792822
108.26488360742228,66.67952665161845,54.44417077343669,146.18437321043498
114.6615295313619,68.18514964665214,51.47351076149497,141.81030373403948
118.6759137676113,70.17485232340323,48.658029642511764,141.01198968913104
123.7657377099701,68.58580350149194,45.90349162107542,143.892571463813
127.21578644455177,65.78077979385722,43.6038580190996,145.67681321501993
129.66827546105466,60.09991388513937,43.35680845289069,150.97973765940876
131.94509168053173,53.01541495544504,43.66581639479593,158.33129167114117
133.41004070563366,50.19454079997021,43.70137244615455,161.7842887613877
134.8641128950649,47.112539995592584,43.902328409088945,162.8459344131117
137.27885951034693,44.97827788278779,42.36305734649365,163.13746889262754
139.73316533987955,44.74471426873845,40.40400013078778,161.15980241955435
141.86884836172044,45.80774731864014,38.82477275898098,158.84110936662597
144.4555333941836,48.63547572674224,37.694432479210974,156.21647530432801
146.2217362551949,49.58670737562019,37.84214150328207,156.9503645456346
148.5498887742266,50.27198154926151,38.15126004920305,155.09818778038323
149.8975382276148,52.83002495729943,40.14449874008291,153.10035657954177
151.80668635664944,56.47669781735868,42.557525724201135,150.74899694340763
153.14719386530976,56.56213701718403,45.47666939828676,151.9050838757882
155.04165269437843,58.35752465663499,48.490425079993166,151.1673664582144
155.66851931866978,59.69675125401936,50.44833123570729,151.8852145329769
158.97915947897008,62.08034439647554,54.281274547919196,152.94822844337705
160.2606083417872,62.86058116570341,56.59453649025372,151.3787217017963
162.83902234531195,63.42517648030058,58.739283190235476,149.97847394369572
164.99381062163255,66.7325129551984,59.43532187196927,147.94448947046257
165.2509068565933,67.01018001267639,59.167345222360254,145.2354688320691
168.12723358377764,67.46330573025934,59.141437373460334,142.12630601995008
168.45557484042797,65.26368233398864,58.29936057305032,142.44413191405397
168.99656300208153,65.8448779785137,58.829627902086955,144.0563072753945
168.98932819534514,64.19268127449475,56.830486675716,143.3473034666355
170.35439056876666,61.90793300151128,57.5493060206698,145.64604805947744
168.9699759151167,62.68983348951548,55.19450861898538,144.98053199557842
170.09759001521493,61.38405664054231,55.911295799648265,147.236189697431
169.96550051350022,59.193094677608684,54.907072703468344,147.53815756861076
169.88866219217851,61.829520772352055,53.672016435955456,149.1102455646709
170.71648987245825,62.0984483186365,53.434696036333506,148.16501132171138
172.5085785906687,63.783631214758174,53.55428446905323,146.37399123259303
170.29873761152666,66.18082702353125,52.04864294100918,142.63559937090625
173.34040894497952,66.05645951299455,53.68835325261911,143.8303182786984
172.79000888022625,66.86660344440236,53.68371514970373,143.56546864830466
172.06328742565847,65.69386250454257,53.73606552954245,143.79672323310237
173.93862198247638,66.47416001673989,54.169936210828524,142.60786282784835
171.84645807312532,67.41935700347626,53.68809581663997,142.6128545965631
170.82078682968714,65.00483836891672,51.76452375273508,143.40545387740093
169.8557778352414,64.65859735249651,50.77999096037655,146.10565685750697
167.9450376980237,61.94381441676106,49.56427030707763,147.943456371556
166.10206416159272,59.32468010781213,48.40668100298642,150.19893690351637
164.2795676082508,54.335356138719845,46.31580374834215,152.48880310341968
163.4414758822371,51.344420875947804,44.84016224919764,156.37616068951064
161.95696826358216,51.02121307171146,42.33655175408572,154.88964172767083
160.8556715095973,51.79940471238399,40.1231296370554,154.59589272366952
160.03918716715143,49.87906522440126,37.83748870280651,153.93385563518186
158.78034826417093,50.82527858975895,36.50802905759568,156.38969550602897
156.0689908270756,51.42526387713394,35.965808629051935,156.9085054488571
154.44272326224322,53.13141807527259,35.95165064348229,156.56394607601732
152.29016541248913,54.0290672265553,36.183035874240495,156.98217926759253
148.01300421765725,54.00247137443381,37.796837023669866,157.31607165542925
143.82141438037078,56.54456723605827,39.87102621972719,157.5203015630397
139.12888020111575,60.17348538459834,42.722220066518524,156.86744573470958
135.5227526316217,61.15869694932593,46.12701060589721,152.9664806130669
130.45913317030374,62.38416519571041,49.852210954314415,149.72135466717293
124.87298023063104,66.7481661810387,54.20591331803479,147.26761417112573
119.03298191784853,69.83157402123788,58.80101004125606,143.98571670361798
114.15397564356917,70.87640014590868,60.65496985543979,141.94861572380765
110.29209579617121,70.60045540233756,62.82214996039195,141.06810164649676
107.61605063881174,69.31850641295304,63.59928910323589,141.2761646643283
103.81690856592776,69.96733255568805,63.96319824900385,141.9275175058114
102.66989613741669,67.7094332830859,64.10335347711977,143.99855286742195
100.68477284587146,64.30447927441273,64.12184835122582,147.42323749609642
100.12611395595607,62.10076027358039,63.73446642402534,149.93892134737047
99.6987014281936,59.85568557604691,63.43124094244092,153.26171234399993
99.405242359563,59.85737146139968,62.70288198009273,154.27173779009127
100.43861661328414,59.50226993133447,61.04116276952547,153.82859002014357
101.04976703341717,59.2897681298285,59.58058067925941,154.72560900401487
101.40354785306853,59.784844518205944,59.06894189151919,153.43119597335374
102.933525379726,59.840865648314846,57.86866701398549,153.06555263891718
104.85138601216266,61.596591913051725,56.705766794034055,152.16085059772468
106.00766598757193,60.7988756096789,55.71727300532491,150.7082790540797
107.86759616609059,62.78495143507391,54.89746757992819,149.0637946396178
112.53288916770322,63.61638028388559,52.808977523968565,146.51717839707257
118.69802339758436,65.09237818184567,49.43867000170627,144.44436350935553
122.72340971115256,65.56609966967028,48.331531407773,146.36636633448757
125.34316920630225,65.03517619797947,46.483491909661126,145.29692665677544
128.67002370116936,61.51496534183492,47.66858907227064,148.07355442375203
130.41517538563625,58.69407573500112,49.544862851774354,150.67993324679463
132.6590250761774,55.29783393000403,51.16650795311398,154.0243882923357
133.13278994903544,53.006454688823396,51.443465512085375,158.78475907938446
137.47379130784904,51.62402925634893,49.44328652492693,159.58366756152088
138.1932518111857,51.61222871100985,47.42547757880048,158.70004208969905
139.90290462423354,51.287715693396464,47.37183357379852,158.5631489354727
140.38810326420537,53.32018596452642,47.63443800283923,158.25949989711904
142.9739613537027,58.24619653600095,47.35472011486023,156.30579418385747
143.96372070434364,61.46194830088166,47.34877319092212,152.85060901347106
144.41302344181523,66.27283440450742,47.07022386832266,149.28340223590703
146.8982908928112,71.3335140818818,47.00026269679948,145.03331973662702
147.11131996800108,74.67886024181936,47.53312788626347,140.9252690183144
147.15020480842537,78.27209538890995,48.107793508149264,137.05621205421136
148.04453039670886,83.43112118798913,47.85268114994165,132.2683423408186
149.43802787981065,86.83360302893244,46.982312160300594,130.09710668627574
149.61616864427106,88.88140105469654,45.31801671536411,127.84303285154442
150.94838527571494,90.78341199949027,45.58333198763259,126.55045505375384
151.8487543647871,88.10910379908978,45.53891094816012,126.67357706978919
153.2409348392959,90.0196826238654,48.5300626944551,126.00085692023794
151.30306949841997,86.63810680643581,51.14788932347258,127.390442881269
155.48133030119465,86.50266834366639,55.47041434878256,128.25214011930785
153.16981848426374,83.86390665913184,61.53057177170688,132.49939005087694
151.24388998877316,79.55627927266495,69.66990434862556,134.5674951656076
144.30131743374113,76.78337971056953,79.51568178290833,136.5734688503453
136.53986144184756,71.83234325451812,89.04475831747678,138.57902686987
132.20255628738244,67.51951143644959,95.52985446625074,141.3564544220227
127.83066438875358,63.98916180729856,96.76191951350846,143.403298699856
126.38057621563067,61.433786044448695,99.72578604530116,142.98560784274324
126.85079291971567,58.012872542631584,99.73100083049053,142.0248835768462
127.64187598576143,53.17352596499677,93.69284104605528,143.96407477899083
133.9742747195039,51.217998059239974,90.45516760200778,147.9443139401138
134.60559782512445,45.54080763948582,80.99589663490738,153.5713998577471
140.3772113141015,42.77182338131287,74.94458249875012,156.76470284674926
145.5757332334084,41.26403742844951,67.53444661912069,159.6283277309916
149.5890191839775,39.53403540791851,61.56106685665435,162.40525682088173
152.3309654625754,39.14900848233782,57.59142600844299,164.51411682438686
154.93029502275007,41.5970678871666,54.36969559903112,165.3806933272293
155.2946511915817,41.994906361741045,52.83913389613346,166.35054982534604
156.206735361145,43.83355597400997,52.62150242224126,166.3053611965113
