176.0,75.0,47,102
172.13547418241913,82.04765670147515,53.253465697661746,92.91097321814347
169.8015500877258,88.22326089951493,60.66884196322033,86.75269695097015
164.7082536303285,90.9389450660199,66.65096710457735,82.95420215311646
161.18278956106542,93.58099353254548,69.40312815325976,80.47998070834653
159.89202384776638,97.11088512836137,72.87027969704539,79.70691016319913
156.755025629746,99.43682383696193,75.24000977566425,79.43061257998238
154.60707502191278,99.37684398143968,75.59340610851818,79.75903786719877
152.67731283100895,98.82937024142271,74.59852985556023,80.89045385309208
150.12983461362438,95.40425130077298,73.17590816532939,82.6054073105634
151.8548104192461,89.93826177617069,66.43417798963281,82.13989490468985
151.6248040998807,91.20481328123631,62.54787715180112,80.51853505862113
148.9215355386389,91.40933329492336,61.035102750847194,78.47616373241891
144.0861018923782,89.38569688688773,62.224128002353005,78.16003322817768
137.53777057004683,74.96403123703497,62.14241540287509,84.15100857085193
134.18276596259784,70.46758599100733,60.89319610214805,87.5553675687666
133.64732557922636,66.8117067755454,60.06713473021917,88.8406977770342
131.80287421815234,64.94444708949088,59.59624741330468,88.98680772531512
129.57014399300067,63.7568971152258,55.523408303061174,88.45291109181403
130.54720399919492,67.50045179225714,51.842847860985174,84.30564548775133
132.83400090104433,65.61318245564088,49.65350088345819,83.17051619223386
134.08286740902574,68.00924206154713,47.35574955694853,81.51371192182764
134.4998569209778,74.12457065721541,46.01923757406001,78.60724296291292
133.48903206416713,78.29955115323045,46.647683552329774,78.37105150213284
133.5035644929874,85.34181490552412,44.77257987632986,76.86953181004552
133.9280940195336,87.72431739935912,44.94619538378436,77.47392684678957
133.72570443755015,93.3174498942443,45.956794249899716,74.30075389803484
135.1770721308064,89.85100422398666,44.33463747666842,73.80160788503449
138.3082649629276,80.33003107042629,42.129319683519796,76.01861827906932
140.68202117691033,71.50729985250089,40.30854980926528,77.67738637898258
140.69458275502657,58.66322956607171,41.42373121846248,79.90120200066907
138.94370715878688,61.5580797386975,43.66858543828559,76.60722919448
138.463248346458,65.94678813232798,49.820024303177746,73.4843686816331
138.77835433867435,61.50076018011324,56.93111480897943,74.77478579211727
135.71946142154,52.212081431867794,62.233470955748146,82.70303440188941
134.6278317989239,44.772426791745936,64.02515915605845,89.90686760791438
135.3903084898279,41.03532588186235,66.4789045047192,95.2157251894003
134.6763315718605,40.76480977436394,67.13061322346651,98.677869464944
131.67619558324444,51.76663858109593,65.30141742726113,95.91633831632376
132.4871998421298,59.531303444116915,62.17513644855292,94.31788627582867
131.88269546096507,69.80199307483501,61.05461640228859,87.86961614525185
133.23861311108067,75.1720948339084,59.96588901221364,83.82081887710507
132.48259163221556,85.03987423501604,59.33144759494387,82.1591431315304
133.29537736975783,90.31667068641313,59.92377162767185,82.08678191818936
133.57264284114646,90.2725429072984,59.012673302082085,81.21852502524695
132.8299242805191,87.59288993764791,59.189089427243076,81.62195938251668
131.9641343925026,80.7816548851444,55.98063624429168,86.51600541525808
130.70984541018598,77.63258425234625,52.323259619081156,91.66546504022938
127.90053587530605,74.26599041769353,50.379989040403515,93.85736242633169
122.36661655656638,73.01556569971953,50.96571097866409,92.99123798532656
117.68602564063934,77.22915445851172,51.67219920700256,91.40356852438282
112.53241152756183,79.84793762955084,54.21285638823572,91.11012449675769
107.73557419850658,82.47110619977259,56.58277616353371,91.00010937779857
104.4504384260124,82.75557702856224,59.58310141945958,90.67308056201615
104.19661021439542,82.3484627715666,62.18347024503728,89.92569408577305
104.32544626145734,80.76713396845014,64.00584575833531,90.7215609205216
108.69273927846142,77.88266087932283,62.40568965596779,90.85085866127623
112.73715710781556,76.82617075426768,59.54677343085325,90.90445170435527
117.48000752337184,77.21477242557648,58.47125936731883,88.0426841527533
121.35872228161571,74.53739410291348,59.50862965551856,87.90079773167302
123.46532345826878,77.09379571782313,60.48274419674368,88.5959473827131
127.18372367166667,74.19422747392551,62.97636369182291,92.47470423183648
135.5026078930935,64.38931419162373,64.01681790521923,97.86468216362755
138.68393073129448,60.65835422347037,67.7183812131923,100.97888481477801
140.27314500781097,60.74768804203722,69.84647121484682,97.96791126944119
141.32990157928026,58.078304379182526,70.40220856018948,96.37256604632245
144.59224627046615,55.33669659406628,68.70158533992709,93.88526159702369
145.66556097124774,56.33707104461095,68.14861438562951,95.40624121155935
150.38456332343853,54.426445612211815,66.02887750351357,96.1671588244045
153.944981355905,52.683441014340794,64.67229314756497,97.96496611584966
155.69201813667007,49.51765762400021,67.79412534775359,100.73116424418708
160.56929123077862,49.484448357424,72.611722714224,101.988378675777
159.50978825977222,51.1738396166195,72.95335438865871,102.47174825699537
156.9013367792908,47.33552524795333,72.98107888282465,105.5946355392496
168.2572490698456,46.594614130436725,69.72390518062126,106.53364161217343
163.12142434654783,49.18455852629744,74.24762982252936,107.972649304827
171.36336141239937,57.18570819863184,69.74904621817001,108.22489707929881
170.1328274211162,59.89658702112176,67.30242987456448,107.68381570385023
171.08892593850848,67.92170499076781,64.44293669720179,103.11743596573001
173.1536495446488,71.95853359649108,62.87400584234303,100.82707343201784
170.58485005908432,73.87359079858246,62.91675618065947,98.12113505322571
169.71298996774644,69.54071139075427,63.70796171489775,97.34075739427273
171.88390521649384,61.48684671897928,61.6594356607623,100.28146403274457
171.36819021291674,58.05485493841611,61.76145282611964,101.53152547473027
170.06052596037924,57.52600693205956,61.73643098939777,100.7664980987715
170.8001522353113,55.74626913099016,65.31027902547119,100.42738361301969
168.99926510263123,58.13100713610895,69.00186652325316,96.65418445825085
167.4816259347486,53.536310429010726,71.4409839703466,98.09937621229105
169.0022845773139,59.89653319278277,72.56238641177848,93.53399049920009
168.84215200506475,57.737762208666155,72.66478656604237,93.43634081704269
168.7418297863782,51.872432628197565,69.08308237060301,97.54038254633925
165.6069347705381,45.92483761336496,71.03271249017385,101.87255377717634
164.69672830528418,50.48154742446515,73.53476604568164,98.69297204560095
168.40024560202377,44.75571415205789,73.88099683306183,100.08445792635297
159.82110535889768,43.23027949306207,80.70333981931398,100.73676767403211
158.25980187906725,47.534374863170385,83.07390210124048,97.33090847678423
156.88988871137948,45.32451658718141,84.73929606356916,97.85133303657469
156.57310775450264,53.24483877976925,86.89730255740096,92.11707292874274
156.8970413333323,62.427879150654654,90.54399106380413,87.79377783150319
152.10228951312098,65.9428138867035,96.24097761438301,85.93566128909299
149.07398523409822,68.18589954337143,98.74030467828794,85.766598130054
147.60750470820128,74.93895611652522,102.12581089609745,83.38182287437142
147.6093189461937,78.72304874581418,100.70802836737822,80.22147452985601
149.81863752755018,76.61195124294704,98.72802035505589,79.88327524848091
148.45418770844475,72.8065891660722,96.28629621396985,82.52613441199624
143.6116816201798,66.0301245552968,96.59069315612477,85.86425040112516
135.4179698633547,54.194613408435266,86.76684347641557,89.63183031203572
134.89751592408942,48.86772764317205,79.40180653072738,92.4364197136559
133.24631163387912,40.766892043416014,75.83534914435116,95.57446176277735
131.7440569386681,42.48166423948943,73.00831556602317,94.23473060305238
128.16911548765057,42.03534797574101,67.99734031376136,95.99387924383048
129.38957675088832,43.79521041956008,62.856954896660866,97.68970001048922
129.33245176529653,44.983310624330876,60.2389660983132,97.26967635876012
131.4166651974348,49.422528397777725,58.55821013247415,96.77603695444455
132.79500604607455,61.00076980389481,57.291457634413405,90.87172089025725
134.85077007110434,63.875088131894,57.81124672302571,93.37012402918074
136.5269807823385,66.49897419638076,59.618798445088615,94.85040976153536
135.9771979389892,70.04789783034724,61.726298702099726,95.5742177670399
135.32623037486198,62.3649503711362,62.78268939676042,95.39567909171197
140.47138085869244,56.23552289366087,57.90889233534947,97.15007848025638
145.75829781561256,55.11371509295823,55.423528880493606,93.79261986291166
143.4119677659967,47.56432229508469,57.3948144680066,92.73280560514311
139.55647075810634,49.21304485813597,61.62445472402169,88.97524695364993
137.3355436183516,48.51980225356321,67.07265665978113,88.0555187838892
135.19581479218903,44.404060410644206,73.84631597226256,90.70960989160221
134.09562047491966,40.288431885062565,79.04981739977008,93.731760497453
132.50634126461708,23.995922871788267,79.60511532232834,104.63721309431409
132.45092046698102,22.809350902291314,81.34281848986609,111.272319923933
130.5832980384605,25.907457411744737,81.04199156956335,112.94063937572928
129.47740272124065,31.02889186068053,80.27279465517495,112.00303781184206
131.97883188207274,44.12002352190899,76.90763164601076,107.94162409876014
132.9176004894217,47.100089147508235,74.64975385514101,107.62117180263978
134.82460386773346,49.821222279097746,72.78954348523622,108.33576589102326
134.58852565101975,62.55746493759545,70.10343575850737,103.30416802519973
131.25763333303698,71.6664405720476,69.2216412929104,101.73398286957666
127.6330886244551,73.42635618116873,69.28948681358982,100.27207401461567
125.81739804210338,67.97567770747324,70.61666875954326,101.70910601083476
126.80200559569711,66.5246326286574,67.9698718652464,101.57176745752895
125.06044622426197,62.037239971891594,68.3372679518667,105.80454837652931
125.43499538200001,59.75184561907198,67.89630562271871,109.48016496302792
128.67009900514057,59.90261291795231,69.55906346432823,112.36323119534538
128.70730853129507,60.156505851575915,72.65102624795675,111.00836891208255
127.87699278551094,61.68508355170501,76.99967653835314,110.66663709580872
125.96307147880543,66.69055400372898,84.04581138809226,108.26070717808891
121.3214959100724,71.0930408617673,91.3089124767302,108.54255597177789
122.49122375005467,71.69199852216937,94.13974488270316,107.43265334628624
131.02733686858414,72.26414926300646,90.00764315736299,104.5345982025027
133.08367241603656,72.17683984812248,88.18269178902062,105.15315624125503
139.01965069163447,71.84497082312485,84.76602698587172,106.00595068773467
146.12316230121667,68.93783347393644,80.40424912803542,106.49780717322088
150.8061425052067,61.44830261429303,77.48476088802411,109.24734618742957
155.5534242124855,59.87577503308641,75.08623629182586,111.04209007054592
157.46514697102072,55.18460287819497,74.86557397788042,117.51543779829755
158.58964971969624,53.76278183953677,74.98256579498249,124.08402494397333
159.2947490064877,47.669602384072135,75.50016263155585,120.99990655998073
161.17761790608643,45.00093942594542,75.2722361116553,120.25813091373416
161.78071827581186,44.11180420135919,76.47054587025124,119.63991698790662
162.24626731525672,41.58610695517243,76.06425858237719,119.60674727129576
162.83288963208744,38.00559883894223,78.0325849936376,122.99551618930305
159.20749982686624,36.326612267054074,82.10859043415816,126.67407649128248
161.7549827308264,32.28759078798598,81.42719884498779,129.62974396113742
170.758228766159,33.80782699107898,75.51332762393203,128.16736603737328
167.95140644878833,33.31860290276522,78.14708334265772,127.23303345228206
172.40683024482743,32.6999901977055,77.20748819198576,126.34104743662024
174.45123847833864,30.090941459414793,77.90135605113522,128.03643983507666
172.88134377336084,30.667500689182503,81.8548356466377,126.8831382700725
167.6923725845525,40.471680003020566,86.38802094417628,122.44122251349012
164.58707916622845,46.708314844974176,90.53424620855871,119.32827387450477
158.3172044663469,52.27639884324639,95.01839258097807,116.37475358303847
154.26755644368615,58.63623044479051,95.46854922200268,114.40844731354397
155.95108758996014,57.755248663979074,93.01130748609538,114.24417186149498
159.70204216429835,58.98317968273053,90.65765273195017,112.43909717750769
160.99333423765583,51.0771536088046,86.90200339968834,115.40388980387517
161.82994953860293,42.16214442356896,86.30622641107541,119.94402169973708
167.72293991131184,44.376899347638286,83.27061187659507,119.9400184433953
168.78957093809402,44.41198802377687,78.29143307498381,118.73489236064938
171.35396504775917,47.94413111511322,76.21620320526287,114.26679758422668
170.3418657647471,45.37834743937467,76.8835292126933,114.9782294376569
171.18240913447224,46.86791933941044,82.43223983652426,112.80365106727287
168.94622837788134,49.20732040669657,79.62396170126857,108.40512237020062
169.70236535803969,51.330438433004566,79.57479198899874,104.18104207930337
169.92981029193993,47.34674580606358,79.4787888399483,104.11336263591971
164.27151952958008,48.51897950546702,86.50545337248049,102.8814135476597
161.3469146365636,48.91710903546526,91.62684943781028,100.86448188024136
160.55370004895087,49.15942349168341,94.40950664037953,100.42810125882067
161.43257847628547,48.14769808377811,94.52635305719465,100.41392390080316
164.69283394684948,44.30303190647871,93.7818736102073,102.30378726126133
162.1366386490419,47.86362996389225,96.61618803394745,104.014317220653
161.98974851299087,47.91724215594509,97.72765629433077,105.19350030725045
164.07634884389125,55.85419662370808,98.7815979665144,101.35877594203697
159.73805671708294,65.75993043479099,104.42586410489665,93.75250851518366
159.65676218513647,71.09431505438721,107.12919413558646,92.24383449083496
156.6301809514055,70.42528922783205,110.18772769679839,96.23200211074213
155.23435512617948,65.33169798076098,108.88639228670357,98.0339306986343
154.80272536289345,52.2398185563398,100.19081392265058,101.90888217442978
153.5779110663775,55.53857301505276,92.77682557232308,99.96356441911323
149.01827472048024,51.0015382343623,87.9149276098208,101.2438717734629
140.6911442283593,46.97502089998477,83.74765539093764,102.52023407893671
136.28092961006706,37.83100246994162,78.8665465415846,108.51960516753863
137.07019687738932,37.45763489182803,74.64573905772133,108.31977660306269
137.04944839257564,40.14979355576098,71.28705902539562,106.37439360136867
132.4824159471509,46.01721464881369,70.52195399437008,101.68343569260699
133.59843338561967,54.29056305915559,65.583986500245,99.21635923325132
135.37993663675218,59.37651467581023,61.68211281048,96.26348065814517
135.391831681046,61.75301482642216,59.50689449923611,95.93201966356193
135.48773152542674,65.07231024685385,58.99545369719338,96.77752916449542
133.4637865614224,72.02775964416719,62.093758664264556,98.65117626830623
135.35090765453438,63.231820620080526,62.73135119483748,99.72910778327645
140.87272187896875,57.19879007326154,58.621285978390645,100.18271160152379
145.8906359128768,54.21655945114913,54.64954482463705,97.93773070707674
152.1067865932869,43.43321364289161,55.07713726264497,99.69991792906053
150.00625295402327,40.512439505459724,60.521643261875354,98.74123427033055
149.7582518793344,40.720119281759544,68.2555299327374,95.70401802827779
144.78428983229708,44.76928750807667,74.63436222993708,93.85494915376853
141.7758151786138,36.06615193551103,76.17703785566303,101.45448812116544
140.82207726903806,18.47456493787086,83.73151684864266,115.5736057199614
137.65541269364104,16.394902095492526,82.9371909701398,123.71959522307745
138.2195213360406,26.319371968583482,79.85151518924691,121.21583980306741
136.5221373928577,33.2298233915353,77.6158509467065,122.17508832435128
138.21635335325547,42.30815677493217,74.53625691653593,117.04875603021378
140.8377767566182,48.74170278970992,73.23927192621667,114.64559222331454
141.41099682779608,53.13184087799087,70.91091650065783,113.88728870300264
138.10192648888142,68.53373508766175,68.32288042067465,105.85898246139524
135.19827980100706,75.09541062375558,67.74922286868903,100.04462186772322
131.1941192508157,69.87587856030198,70.4424804925092,100.52671577978666
