139.0,112.0,51,36
139.87875777799226,112.40045458378906,48.66924225651549,37.075235241601575
140.2156380229087,114.52345888556735,47.930830277424775,37.85965266343562
140.51789206899858,115.49817509510281,47.718701945987206,37.75960073752876
141.01839492863581,117.03912527259561,47.535262144681525,37.785488468480665
140.34769688218384,117.5599929058394,47.79595450223386,37.73531509164153
140.48501004498274,118.50372513866276,47.836544241089214,37.78930265236199
139.60788250444125,118.84079017757392,47.57978247646906,37.95362777473496
140.08704398866053,118.42209162896361,47.67857315549142,37.84194345105716
139.6674160203391,119.11280522379343,47.71514049350153,37.834020900069376
139.56006101731236,118.036345362834,47.75757877103935,37.87266755069919
139.86539106762675,118.95080994552201,47.788550750488696,37.89044859040129
138.02111664013017,119.16863651061527,47.94002074805998,37.91677055787103
138.14161566651825,118.18368598103395,48.143465444307246,37.76736314535398
137.2338177791744,117.95686726077156,48.00724847485438,37.86080161126939
137.04782814894529,117.96170953168561,47.99812421968756,37.864895755964696
136.94991618783013,117.36339857856788,48.031625143870976,37.87236971298141
137.9522305795674,116.73266029859192,47.82568715629483,37.682628621566145
136.93642788923694,116.09500789532078,47.77680242465115,37.68205452185846
137.1426501572968,115.6239370505327,47.82401365025017,37.581929365731455
137.2655871907343,115.26228571605918,47.9925072591564,37.60743235206134
137.00683646814466,114.06742302068974,47.86361588207006,37.6989857457299
138.07681981211982,114.09971885116886,47.82594411599471,37.5408271902404
137.58651800255876,113.32705606191625,47.78883228101529,37.55435345233937
138.08327934367796,112.85058387082964,47.66989761147222,37.69823106205165
137.7063351681789,111.42219045041142,47.586948193915674,37.745096638239666
138.79099439393684,111.74481068900445,47.608013653532595,37.76198079484266
137.956065379874,110.31090183387323,47.49453122755673,37.80979118088635
138.99844851475947,110.76926405747778,47.6721550945045,37.56674227078662
139.2991201298124,109.00986579447621,47.4757343497502,38.0070781034304
140.29854472856658,108.93072367129587,47.479708028218425,37.97664164666608
140.6667333202833,108.38496029445149,47.65104568853498,38.22930121285484
140.87644904067494,107.98838827629459,47.994919911814186,38.58685259780145
141.77394055587982,107.5977728761283,48.2258310464435,38.651530663759026
142.1836106727669,108.23317470151596,48.516689787278736,38.54750557743684
142.42269759712994,107.46234586980115,48.76837433699011,38.886679110007066
143.41586603564798,107.86609818385332,49.05211802636032,38.956768476043344
146.1720130026717,106.17198678903141,48.997358882351946,38.9244895567028
147.21665758243324,106.01511955321828,49.54758083122729,38.914142607430634
149.02521623598577,106.01203096175838,49.83143398310659,38.67938351105354
151.06187140111405,105.90245914190834,50.50267626515472,38.53941155016769
153.59048877667243,105.07371492866488,51.193122178100424,38.586502637787405
155.34698382406737,105.48631299005936,52.002107791318416,38.62678503062345
158.25484383958795,106.59604822773545,52.54234479152725,38.78815867148221
160.57091300088354,107.52472959516221,52.463368090029775,38.78588321690213
162.6781515622116,107.87730975539498,52.974934668545544,39.13856896577255
165.12394154197938,109.67490637960402,53.24959921584592,39.309946762276326
165.63861677781702,109.78806748644016,53.40550570217846,39.891714758565
168.0139818265851,108.63208449949876,54.06358908120477,40.23001740236967
169.46624679715333,106.99942170450123,54.0345169037402,40.535366796075664
171.01681604948118,105.2137885397089,54.83341807193605,41.10725873601189
173.26545970262885,103.8593201644083,55.17922463771109,41.287310598917756
175.21424417059447,100.66095604726044,55.16265240588136,41.555346206260374
177.64524532928993,100.3805000864414,55.12726446837323,41.328874094695315
178.61227861457343,99.27768789888479,55.13239162339218,41.708357112386665
178.1891989473305,97.75538763292914,55.08374504967492,42.01247912867298
179.0948280713148,96.74339193652716,55.214091415964134,42.02029620507069
179.76662021874188,95.83818871395839,55.802590250992836,42.04102979864573
181.108525193669,95.9080050274008,55.93384377770106,41.953200760628064
181.42708239455405,95.55684783510854,56.17591028413407,42.33350891962666
182.00279455524372,95.08298497045901,56.32955493248129,42.59367361376948
182.8997860354775,95.09841861392047,56.51776496517785,43.27482720086998
183.27187076888265,96.44688240468267,56.292684243484715,43.14679305196279
184.85711010135117,97.20063491967795,56.48566993401643,43.00494964306597
184.99545467589286,97.43665900913705,56.05291389040178,42.778339086218104
184.32820438309983,98.66714425782844,55.89199211270658,42.75819500485093
184.198741625255,98.7587574641266,55.66324672995877,42.66119600924678
184.56671252623164,99.29926202236719,55.74650353640392,42.720445681828124
185.1450771345933,99.04513333456238,55.68820876792279,42.712971245914304
184.87243453130424,99.86870588913655,55.70190828114154,42.75131197660972
184.4839048115738,99.88930723477459,55.463007027243,42.48061709783364
184.3363626764324,98.9395400406568,55.03111681022112,42.620172238022356
184.77428622433095,99.41733336866825,55.35573968512718,42.5112347519213
183.61383269206678,99.67806642662255,55.508403341452386,42.39884151198927
183.00935604990968,99.60905872589207,55.17522710916502,42.65898826110648
182.52810305213634,99.39725734895649,54.937064769750755,42.52918525325891
181.33003245813535,98.82778406408082,55.098190088612085,42.65589427418212
181.37636973582886,99.27190319741952,55.00334878517825,42.23808447430159
180.00866171022315,99.99265317462931,55.09644611080371,42.29963627769449
178.71605183982697,99.19165382895218,55.218393756869474,42.63942793779876
178.17834552863982,98.92897489199362,55.17419273178287,42.55271000605184
178.10351088219647,98.24607195085628,54.851068445567996,42.717206684224934
177.12260965405127,98.41109988177448,54.65984050635057,42.46841913293542
176.2734517440568,97.03154623278256,54.49037373356604,42.53563189966926
175.3443125404327,97.8077210459724,54.32043863983774,42.21097392368021
173.28020670250345,97.62005431322208,54.368923142844636,42.55598817531366
173.16806633002477,98.15592640620636,54.29547439561452,42.41586935555602
171.20315654422873,96.78638474789267,54.79298195548785,42.83047452276935
170.11757240846023,95.87924226045646,55.19457320065767,42.77827390193862
169.298896344651,96.36106173451054,55.78218167593235,42.1086565602758
167.28383171789505,96.70844001870798,56.51134657397554,41.79813155926374
165.9110466624977,97.52525711564135,56.793018979692064,41.606666554850094
166.45676529939283,98.71858743962771,57.08233426937842,41.52608195668207
166.34338151132638,98.58277708386882,57.092045571097216,41.63812625218423
165.75855246110802,98.805799843016,56.7437898531746,41.631030318850804
165.75292825959883,99.07420072591016,56.23910808041171,41.807485388999986
166.54256825517723,100.58646681438631,55.28250875331743,42.21622652747736
167.5416715624639,100.08392686296942,54.233444594798776,42.88127957484242
167.50381061614416,100.06688822405789,53.90482383607107,43.30932352747014
169.0576956606737,100.12831064090788,53.838344030215126,44.004731257246725
168.57389482991283,100.0176476736554,53.60855799642431,44.035795350931394
167.1366958476698,99.94935879074825,53.586380033175985,44.00182563139413
167.39815862673754,100.20397393780986,54.01856311761868,43.719188354849024
165.2431274256904,98.68899397632481,54.20513613983014,43.573840050280076
163.85706893035405,99.00391275379886,54.7766763482763,43.00699077658197
162.69608170316582,99.08183841904601,55.38095365909808,43.01869620878298
162.46574426343253,99.33832954631572,55.85588024754901,42.60890914467325
160.90571318637421,100.04132348180178,56.20979860283753,42.367288949482365
159.6454127710076,100.06391958886867,56.45711452146136,42.41856279980172
161.0869953152789,99.85882048729627,56.05667648369999,42.24006166212621
160.82380968887614,100.42884075411956,55.74593530974772,42.235931162659305
161.68154588746086,101.05622315616478,54.88114040281263,42.17852353630326
161.95708323554345,101.72389674345612,54.38350198594436,42.61926889101744
161.02268943460123,100.70945772846711,54.3201149052116,42.84863215048764
161.60030750143181,101.15846598142137,53.94019310260511,43.00742411625881
160.7609474519319,100.76286150973027,54.04840233734711,43.021151980539464
159.80198060700596,99.72142009489463,54.25327755551932,43.154983906890436
160.32250057018268,98.8626805533621,54.228900226822155,43.200298072963314
161.19661632598172,99.08081894120005,54.062074354872465,43.25829925138895
160.29088726190201,97.47893808776496,54.31069678967256,43.330942183845096
160.68263485025116,96.98814024910794,54.28487678387266,43.233115864088795
159.48858578346486,95.83844830033817,54.75705084517965,43.04568335537836
160.50332134612955,95.46062027749372,55.065058357545595,42.780038131536
159.16879818006103,94.40763368277565,55.59549384983889,42.89925594987838
159.28325572562017,92.27342563265911,55.723863304619016,42.91692436944739
159.44160303846573,92.53583643391256,56.05212717502165,41.98191599936238
158.86579876976555,91.26824969623631,56.18316686476577,41.89114342979301
158.93879237869413,90.05620284389607,56.56626289886172,41.90663728095786
159.16707371972484,87.9665702493705,57.04376698926124,42.271846073524614
159.20396766425026,88.53055261645291,56.834282689077625,41.45865489893012
159.29902175275816,87.88094562582542,56.708597119483684,41.27961265459916
160.5297887170818,87.22698267601679,56.29648640860984,40.94819529249767
160.8515712358138,86.68587728255942,56.11153953520834,40.493968091131165
161.90287736247438,86.70121255399235,56.13884061196529,40.34730023381218
161.87933498473095,86.25129270908371,56.29302680788186,39.861168854293496
161.57776811920647,84.96590598134021,56.35282557799329,39.85436662618675
162.64390044356918,84.8034797801587,55.67197694489286,39.407139560776365
163.02823816546632,84.96463038293788,55.79237010461425,39.44438120189767
162.93217503814583,84.1708858128043,56.22047353210678,39.65345237341484
162.58227007706162,84.49272771892862,56.518977301931436,39.363116339486496
164.01859119847302,82.75479124406156,56.050998145046165,39.15588382047062
162.88949134464386,83.22488505456317,56.28812546500916,39.331739290287715
163.5378543443842,83.1053412957057,56.20441216084103,39.314784327533914
164.35007524011186,81.57740639104175,55.919264802979384,39.38659957143212
164.61073336584067,81.83766635714045,55.70783929859211,39.23740227107065
164.62171813751405,81.369833772893,55.951845707393765,39.43863140440929
163.9511541929977,80.96186943018309,56.46304805931712,39.80422744822758
163.66962458844725,79.8427630549312,57.007659392441454,40.48949220068447
164.5325535798604,80.65148891828997,56.497072405708856,39.99977179720913
163.2461919326452,79.91737406915755,56.626314254826816,40.319808136098985
164.07134546794703,80.21710321382369,56.15175791664504,39.70582347957918
162.66649915110312,79.55206966601668,56.38224217630939,40.03283881738071
163.5929890346673,79.0657873348103,56.061687335938785,39.53302188799661
162.75268543996486,79.54630003932564,55.76322958393747,39.318914203575275
163.56018929934055,78.06224084425125,56.39179791499075,39.79594372653656
162.74674333920407,77.70838628926012,56.552594864560604,40.078634525971935
162.97794061467297,77.45261443831345,56.45851696401344,40.336378789388725
164.67364232055886,78.09037464498218,55.76552358642134,39.71217978718408
164.99483964459444,77.68743782334411,56.11227993932678,39.56660689725708
165.2918978750707,77.91013149159399,56.01218203306171,39.22693245138234
165.28785246299856,77.647679693078,56.23713076736227,39.29259227400023
165.190983319107,78.41663240764993,56.27666373287972,39.3134789591142
165.27160323429234,78.18189896144031,56.33228181266534,39.32370207711938
165.639468703187,78.32768647202863,56.090569429563516,39.13783994656774
165.05760213406765,77.0339328366513,56.62377888616159,39.89990776419738
164.82950134391348,76.23227285468431,57.504495236977746,40.605080145123566
164.30518649806157,75.32165593714967,57.88036491891592,41.16766224679439
165.12940327259238,76.74980181607299,57.96633688743243,40.795730230158696
164.90662877381612,75.82784209786334,57.679174092992746,41.05012635114831
165.81516634837723,76.13550840261126,57.84265924660493,40.78107670063684
165.28154304210358,76.40425149216607,58.11219162575381,41.043990301800676
164.3429645887539,77.66436981253811,57.877577902570344,41.30782653703316
164.9128785547423,79.29767985683475,57.509615815320075,40.683082669143
164.0303368344071,78.67915525002938,57.89139847474045,40.947078904238104
165.02891408389365,78.99504631676706,57.25409199822835,40.55978834791121
164.85793297099872,78.74885417778117,57.59030166054164,40.77846046767984
164.2396163044329,81.7895628529605,57.53416460793109,40.44591396693057
162.62990313229747,80.70597707808707,58.0504049170457,40.98346210359147
163.55386551929962,82.15329552192674,57.405528849096044,40.75195692977934
164.3975478034156,82.76244216518862,57.67763693711414,40.73092926825559
163.12282734843973,82.12772867611699,58.11654317909709,41.30139689581289
164.82311423269795,84.19898311413192,57.26247819964316,40.522382892829896
163.2955321125675,84.19238912458557,57.89892600923997,41.19977070102416
163.9228599279145,84.79394031613074,57.88670201917104,41.32827232184009
163.32352054160944,85.91893032727049,58.18074822342176,41.67929022436528
163.2996079694085,86.17874798597286,58.18964819692518,42.26465063449959
164.15038982772924,86.63521123134865,58.184098884580564,42.80179738593551
163.2114058916986,86.79318886843888,58.726892196094965,43.556017282653514
163.3234342522776,87.43076159173138,58.72395058724172,43.94394251477942
163.50976310482406,87.92613990668188,59.290410313789366,44.51448044054248
163.1457119681166,88.96413614772996,59.28738770927461,44.78037638618072
163.45462615319374,90.63400784570953,59.2508276496672,44.868901422838746
163.74949721362947,91.84690759827237,59.23162691063166,44.86325267454902
164.01259893202223,93.06596426979964,59.32056629611181,44.93165483442417
163.5796292535899,92.99567659957145,59.24836478383582,45.11052973542741
164.22859350947687,94.06377915003145,59.503872551358796,44.89975493235896
164.42757268378764,94.63913547274831,59.450060931252835,44.87962700372215
164.23082076817892,95.58038648957105,59.65095306813434,45.175942719100064
164.09776135928212,96.34689902301585,59.511066026552946,44.91151811607769
163.90205751576912,97.21972062060351,59.49779536885241,44.88889738183984
164.1391113520336,97.98802996698609,59.433431959018705,44.88639734141843
164.23655734092043,99.65474080656826,59.03507928788573,44.7843446808088
164.8761308373914,99.99654558410425,58.99570890627188,44.64790004272899
164.4061895215742,100.88067495400304,58.83648570294537,44.93910480390799
165.07203682914732,102.36370212269176,58.6547849842835,45.021588674538336
164.43107183172788,104.05787226817569,58.76079640002084,45.18880563454705
165.3414825502468,105.10217405483115,58.76909178427199,45.00373599678301
164.7709167848742,105.93947085220567,59.17767936970472,45.27192194304959
165.1534135675161,106.1837859674798,58.77163355832717,44.970501795509136
164.68181560163646,107.54016144933217,59.15561012973488,45.20405515309345
165.06812723892,108.35407537142223,58.936911415714675,45.10947621028055
164.9187897002809,109.57362701591661,58.913442938305394,45.05082030898709
164.76668186320006,109.72200790587263,58.93872794840456,45.074416805442226
164.44748488597543,111.3353799026211,59.26015107765849,44.997376791437475
164.27602630793,112.71609872099337,59.101099849960264,45.09851850039607
163.88200932014414,114.33768723842113,59.170673742524244,45.378977329798374
164.56085836128906,115.28928182963094,58.73521687117187,45.16006854288655
164.15343229560875,116.71644514857473,59.13167300643875,46.07367098214742
163.22243801934226,116.62844248919413,59.29284063612018,46.66616494836957
164.16188905027056,119.25500000283498,59.205930761763554,47.32934020429097
163.00119193372868,119.49266425053516,59.410396894261396,47.52666490713281
163.81310583790454,119.70827661448726,59.84432360251122,48.45501354348643
163.44524497728307,120.26318921983956,60.09032974758228,48.60350437282088
163.55818433750562,121.07097463801419,60.35476169608253,48.86746539682317
163.2553735843109,121.46077357609647,60.1521861809876,48.80591561636175
163.0018666187242,121.94130676977815,60.04738370591096,49.458817124506204
161.83762103409796,122.90212958272649,60.82310998258531,49.00883592732046
162.49628304914083,123.36160528070967,60.21806622593711,48.91697193369786
161.8623849857134,124.12391474360177,60.1043926262295,48.30107493174177
162.72854896139884,125.48306739417372,59.71378525591324,47.9308683854807
161.79840544437428,125.95759996145354,60.288671899337345,48.093116117131984
162.735090539005,126.91337700837195,60.27026692003685,47.18685682309985
161.68323991191298,125.90539911160273,60.790350010158406,48.23850292425547
161.8428685843059,126.67260148403923,60.9629902483804,48.13019986395278
163.03380306872947,127.09688177090979,60.66420538597855,47.568580818532
163.0093353494343,127.6074452815516,60.87109980894391,47.357161438849914
161.89346260493934,127.02321711635716,61.313294516683825,47.69502084541068
161.8106320449394,126.84610644372566,61.21253717965244,47.9795705598143
163.24347674216324,124.2287542723195,60.11308313676728,48.923717041298495
163.76834330367655,124.26571026276363,60.0119889297563,48.823285285019594
163.87593150417854,123.34383520177859,59.792631620549166,48.50694019214595
163.92783947281944,121.3097389663232,58.996112436197045,48.420286471650485
164.6987452841058,119.68656827569512,58.419342927882155,48.320207564820684
165.2464904146363,119.43705066501823,57.44859326740709,47.83340294242447
165.49896835629272,118.17233024460629,56.772937310852086,46.63242080961554
165.8473413748145,117.00564893015925,55.953556386113185,45.90880712015024
166.3581847540191,115.39924193721382,55.609710814227434,45.50072572029892
166.04384563251145,113.72281729714153,55.43064979943025,45.17037797895912
166.42197792504925,111.35849842662157,55.202049398924935,45.08738547097562
166.1804188490068,110.72743469068381,55.417803049056715,44.79841125828082
166.37606233432496,109.43952826647714,55.189830897756366,44.73787156763164
167.23079998615478,108.45793686812102,55.275674197612325,44.78421476473451
166.57244017607695,107.56385399453667,55.3923510931586,44.831322162293844
167.20021533305294,107.12300709282864,55.512121213776936,44.83946555067084
166.48387639104078,106.51898989901387,55.64267507436373,45.00573663263631
166.79158218461862,106.02312245646343,55.51734527431743,44.690678304846585
165.8261541960196,106.44977270251046,55.75856502104676,44.635015752205646
165.39460790429587,105.02154697141133,55.59339832715046,44.54435417729454
165.31617554674537,104.83904353967299,55.682376689712385,44.38320747631808
164.3897072518505,103.94876582694879,55.60936418282245,44.30783638809462
163.08937520364634,102.90854634263255,55.436636555597936,44.3170168118052
164.6308781022941,102.0052650373789,54.474266744630555,44.74360505707811
163.68804814068758,102.03687177628899,54.50113150182798,44.52485874234391
165.0651596328292,99.79138473460509,53.659017892544725,45.428140564969524
165.2373570064775,97.6601871492531,53.72194126048248,46.30277938801722
166.3450737628193,97.0887928880149,53.246772640376975,45.990459267915526
167.18485124983505,96.05706892812273,53.073443252283035,46.563977988481085
167.88684775443397,94.53089096906206,53.31633134660083,47.20961088414151
167.7987924186503,93.73826674068766,53.68686950840251,47.50814669440592
167.44053080438908,93.31514372578606,54.46718973399527,48.217429833584134
169.42162299755955,91.64836353372945,54.50325058691212,47.725031965744236
168.7445127734902,91.19444795365501,54.51097445301964,47.722127041908706
169.60287044214917,91.0759246685126,54.76760201120946,47.81738894422481
170.3887769875358,91.59773057576297,55.389911234889325,47.89331448323968
170.631912854223,89.59313348468666,55.966047948780535,48.39317028648604
171.1331962828281,89.40352520700291,56.399623059343796,48.77667456158011
171.65995755793506,90.20745289924771,56.128845870458036,48.55231832259832
172.34557506413668,88.80303471974598,56.410671771140706,49.358820086875234
172.55263916974144,88.88773674318531,56.230231914423385,49.42980300288718
173.48687499607266,88.86006254067959,55.96797669242499,49.446439860047064
174.56531486355925,87.84172751516856,56.467392733819,49.89332719622539
173.5818335029705,89.09408197631707,56.1881701522621,49.3637769653346
174.53185155903503,89.70570036296965,56.52188342978147,49.4505377506232
174.81203369873927,88.0374075208828,56.82724180662301,50.05944704319536
174.1126495710132,88.4855286504846,55.598110892153244,49.34914838750737
174.81383476205966,88.55669115689392,56.092606354786916,49.61675074285277
175.0429108462964,88.74596384804013,56.520104821079066,49.83400003829472
174.62739046579807,88.21223733220675,56.62198908793512,49.64663129261775
173.9626278424405,88.84957820853649,56.7819891881659,49.640565262614516
174.38247680952608,88.34198150838603,57.015014642666586,49.76481322834513
174.9990473539504,88.37097673956183,56.901288837021085,49.6821340452904
174.0231589330134,88.58342306777907,56.41417712909035,49.24227251678561
174.01989085129728,88.74591646629591,57.092252599163245,49.647144118189445
174.3058169554428,88.59319790056661,57.222640381106615,49.865835033827715
173.84231655681413,88.128027061039,56.65626349281705,49.67607478417199
173.78098700147012,89.65820891835882,57.01064257420822,49.747379160352665
172.9865691183096,89.16799145712199,56.74210224189642,49.43916357013103
173.5680816335635,89.70479151383839,56.754675355919844,49.44881540982324
172.8115871081347,90.86998965995292,56.45452353763687,49.07540459122697
172.32413731980947,89.99467092569404,56.295344134795144,49.150840643729126
173.62422868991933,89.86668439898236,56.39822535941915,49.23445041590249
172.46088145496836,91.00207562332385,56.4018454885008,49.04800329436793
171.9161877654193,90.13736924035054,56.49130916154424,49.33401090894736
171.72557846981044,91.39050790471966,56.185989056472884,48.72897869739663
172.4321811427145,91.34861475548179,56.07885976046941,48.65816294509111
172.40020307945872,90.40873144369226,56.00621920729348,48.585689578435804
172.3040780149167,89.79290610409564,55.53039377485406,48.565036180480604
171.84366241206016,89.15931203853675,55.72336548349689,49.048761787184304
172.12089250580073,88.86097982194391,55.54524806945321,49.14780659146375
172.7359859635895,88.31926524107888,54.93681103180535,49.10556436647505
172.62105432741228,88.40179013098094,54.70788829341763,48.768486998780304
172.7720472963,87.61289808223054,54.614840954275024,48.739963112882656
172.684977319527,88.38393483297011,54.7588295406335,48.77610616413789
172.4273205253138,88.77583290661444,54.67769232339582,48.410950153567995
172.4594254223798,88.22017919755953,54.82301622067009,48.21711230800595
172.3798472905209,88.70878426950797,54.76471948145823,48.172275210984054
172.57956266489347,87.91941164498503,55.10945987529118,48.51806452741275
171.585467234167,88.12963844694924,55.28983518498633,48.51585433168744
171.9205643827675,87.7916583397535,55.18696266512903,48.38572323748518
172.40566247231996,88.58870111880599,55.01672376141477,47.96226145867709
172.9557815808787,87.5149641542421,55.441342111680115,48.456445592883
172.5814229095507,87.85094868400046,55.733989508047024,48.44574667496785
173.3490736713534,86.60776853223913,56.093036128972884,48.9742517538811
173.4199957973934,86.87370415022924,56.22896287298663,48.566510766924324
173.1267327146959,86.38904770780135,56.294889673147296,48.69207365178009
173.62850305164,86.68629855562287,56.5225501711341,48.37757073543396
174.68180598955547,86.7943009010952,56.777699666396856,48.29631641070022
174.20253039697718,86.13441853406363,57.261168454092484,48.73548116917742
174.8863908803117,86.10289712765031,57.16259726769694,48.47755535407438
174.47777246263067,86.1255123074829,57.594229244660525,48.45512162526858
174.91863031763359,86.57139323477872,57.59708079539686,48.507070097825356
174.09485511139496,85.78143468030592,57.74484483092101,49.05399770481786
175.66712697222528,86.24738672018914,57.424275718635386,47.96982616899672
175.3992782485597,86.89357128185695,57.95686037299774,48.46134681616891
175.6710174642531,86.73299182142958,57.93442381172815,48.51218102999239
175.54280812655284,86.71035538032224,57.62950215509744,48.27507476181645
176.26862610853055,87.41090174627449,57.539407939188905,47.95396860217758
176.49837606029786,87.7471958994039,57.47344746436521,47.696022629903126
176.8063799240646,86.91593226636829,57.707842568863,47.81912118503685
176.07951804013982,86.99507837527142,58.04247148807973,47.98103465570715
176.02039917995506,87.95906446252357,58.21135312934771,47.67908482007006
176.00253162397712,87.97208361590566,58.168017196381726,47.85510339807148
176.25505669015826,87.68961222994,58.26869521343346,47.646608670002806
176.1356190082072,87.58817246287964,58.81495888299969,47.281144087912594
175.25443497988698,87.42467957186312,59.157206700382275,47.55548704767999
175.42569826197783,87.46031486102376,59.31408504342717,47.19501664025715
175.1637529853415,88.51896642604353,59.29108533791076,47.223587533655106
174.10410073369906,88.4688835294821,59.60242170154722,47.524620025996725
174.08780504589853,88.66280304033896,59.69433924902322,47.3891918929549
173.8622004331746,89.43874220690131,59.74215186802581,47.35173311549426
173.9087884980094,89.38774277967556,59.946339019606214,47.476437048070764
174.29417416753336,89.49754197486713,59.95719915028485,47.52241788132042
174.60866757601323,89.474777044022,59.84667546809071,47.60603368051067
173.83229746833936,90.22810621359633,60.18048257796971,47.19654331011201
174.4248783204195,89.82988192084724,59.67874677712971,46.814967603618015
174.36789259982584,90.42597638176458,59.64550142144208,47.06285741713489
174.1466351766531,90.60553358773575,59.6237370929829,46.85002901593475
174.71430648588392,90.74839206216964,59.368262028232124,46.64953240398101
175.39757292767646,91.04526200720203,59.101689471795524,46.18053311450219
175.72239459963308,90.79461740314127,59.51347801264793,46.77859356285806
176.48195267559214,89.97359825287451,59.84868620155008,47.14728591612598
176.43699665271777,89.73632537605513,60.07554587913478,47.31383301253816
177.082458250222,89.8342503304723,59.945694461470055,47.43287873358665
176.60674232079714,88.79519358698502,60.01657212110101,47.702657869975255
177.01653517075135,89.32028888731492,59.94170688017696,47.66311790408112
177.844524598029,88.0356657668814,59.67307238597324,48.27008387151065
177.82035745337578,88.12341373949945,59.97473309129535,48.545454625493264
177.560910789344,88.69918594657021,60.137455765062,48.57198027971114
178.53073529927073,87.8516981816888,59.898703962005406,48.91191430556771
178.51988771911306,87.44818381598469,60.01312678345357,48.90979997056969
178.76065842449512,87.66977086873622,60.03417936683008,49.14280384358225
178.67788466433774,87.45724874203901,60.1623123363636,49.27312458623447
179.0345865520422,86.68242578092794,60.36609911271243,49.5927137457613
179.03388582656447,85.97090512802716,60.46573664765228,50.10048710722695
179.41756989154152,85.04456379226222,60.184864489377915,50.17129416840524
179.54354154892263,86.26491062421151,60.207854035943825,49.80117240392073
180.98957832395635,85.94738871067773,60.10958846927481,50.008497114777356
180.63173143515053,86.96864590478052,60.345606953917724,49.12308721875927
180.84494680944488,86.74666881800027,60.156648739508704,49.09961890696819
181.29039148908848,87.68098389492879,60.292828472018336,49.117997420103364
181.8450006702642,87.74537694807327,60.283280519823165,49.43694996127533
182.49969183522626,87.71411518077872,59.9983427699772,49.340080185317554
182.86244656245145,88.42096503979415,60.19077154794865,49.502811741700754
182.9265257956556,87.69612535628724,60.22521073779035,49.04878932648801
182.81225519734775,88.46472759427044,60.240647686359175,48.87002906438881
182.4808181592021,87.83162634718256,60.494387851517644,49.54266466403331
182.2547139253998,87.42579800198455,60.60026758377069,49.77146612981997
183.14481021144582,88.94212139874894,60.3489904169521,48.99660131871306
183.46372749622498,89.27600222248286,60.73399825462036,49.221326243510845
183.46571938939152,88.63871865236798,60.64442792043572,50.08480634760779
183.92158003186572,88.18184537670138,60.61690768529199,49.970110516128514
183.58228528970002,88.39602091170022,60.64037632001399,49.28539653109175
184.8014619543373,88.93250315599511,60.65404935792699,49.27970804347855
183.1239899557254,89.49520782973813,61.00874921452575,48.74310484833624
184.08551021186503,89.228636542054,60.82923897568402,49.64975206237636
184.01813869703065,89.59874477915858,61.03958930515743,49.155049504182855
184.49898193006308,90.10356635340506,61.26053528538165,48.90901719553365
185.22411818106195,90.22283487415024,61.375112636899544,48.11620464134798
184.11034265833428,90.97493983992238,61.352678941143964,48.12978645785055
184.83464848962603,90.87290517791112,61.507231951411995,47.86577716859182
184.2944849905016,90.66090122754851,61.64607640571559,47.88649527439518
185.1288730629812,90.23159420057242,61.74779281446732,47.844535597878604
184.28591201318628,90.53372514512145,61.48052887890087,47.82084011503054
185.03038341162775,90.56979252072546,61.757455222642946,48.761888957572516
184.9649812228426,90.20619004248414,61.395156572869524,48.422184124016084
185.6387894139806,90.20013099410335,61.203088286296605,48.263388524488605
185.2739768247809,90.63183193716625,60.99399276157102,48.832832707698735
186.29730614971808,90.33184029720925,60.966682256227884,48.34893842413617
185.05776725835662,90.88633250473785,61.468220976450816,47.89484597685242
184.37651753265084,90.99527986430952,61.49536276184678,47.98224910927158
185.48234740158594,90.59595388740881,61.463070089406266,48.195222962487065
184.70130718849472,90.79598703680966,61.371479250940226,48.232839769154126
185.11264203672485,91.02848846849007,61.228634383581564,48.16767821438705
185.1595432662127,90.47631593379916,61.23941566484022,48.1676073902142
185.55749952856954,90.32394372476898,61.224325894032795,48.221070069993274
185.49001226023836,90.31731863983353,61.11796742288264,49.320761279903266
185.43506132387074,89.7526880954304,61.3572485680788,48.942103057186074
185.5097352031118,90.04338330538437,61.07604961330763,49.10138951716095
185.38906567758534,89.51679293734844,61.41435826885276,48.80195489678748
185.3268726593556,89.46189183800547,60.99382243031225,49.6193376618797
186.07225858934092,90.21738152621673,61.71899295315411,48.86501111748842
186.16114171334033,89.95450286378264,61.49894460066311,48.94248047848941
185.5063919959307,90.25698038541478,61.432513249349554,48.73799235417044
185.93811086902758,89.54193209665921,61.46673480491356,48.73003961527534
185.6921577638769,90.22750160321606,61.5154647456837,48.625166471302265
186.7045035944115,88.68162801475945,61.54436195180197,48.629114575949835
186.42767139057486,89.53300986556229,61.505512321389375,48.60120133821135
186.51696098927437,89.85306753201118,61.55004713766218,48.47489520941514
186.09964496738428,89.54193762387136,61.32132468925485,48.27788012335102
186.54002806317223,89.37014309200192,61.506598536741485,48.94938056404302
186.86452707253318,90.04570293033774,61.922953911574275,48.74418068717608
186.98212702663375,89.73865331225988,61.61078867134191,48.730258683097425
186.89892103884455,90.44296851180364,61.469339318795285,48.578159045728654
187.53895840035895,90.22508732900789,61.87122565533681,48.83687368182795
188.5498437324486,90.72353226058968,61.56980716400902,48.55391204132063
188.72810293208025,90.28633103511233,61.778260688573894,48.849869057705035
189.07086296129992,90.50925195797342,61.10687026880639,49.28418468268599
187.70312430229524,91.00590583823637,61.56683489150326,49.09687667801944
187.28951069779097,91.06060835568245,61.7364693270743,48.395217004455425
186.81925817451656,90.2400496396248,61.37950428084968,48.260928552781664
185.49656086970163,90.07882855078525,61.66932332895614,48.387875124992
185.25177135534807,88.47084169545285,61.4372684465304,49.53144588155525
184.78435156613517,87.73979553867977,61.19426683843277,49.878837877718574
183.7605418479428,88.3982474052267,60.93332304239569,49.49130121005442
182.62764201525644,89.04434735071482,61.20330361597149,49.18599401927351
182.07862765972158,88.26233072292833,60.92341789833026,49.74293193793242
181.4456695961211,88.30058856812238,60.877612223773426,49.71477135008338
181.35511911209778,88.98454069222372,60.5115330160388,49.150303381177565
180.8671579949089,90.042073668103,60.514905811940054,48.842366335669
180.38047562654936,90.16442920794208,60.401325968580956,48.706572492318955
179.95774758885756,90.52401959092194,60.06543133595676,47.84337927518736
179.897139427624,90.31269901655524,60.194994216041025,48.1405168838817
178.9324435840614,91.301856758024,60.042034218596,47.878418441959816
179.2158428131012,90.33399170032112,59.77833634645384,48.07783569115465
178.0168939328073,90.79073690130336,59.789835791611964,47.81603291126046
178.09763466597815,90.53879044254208,60.01426435944998,48.43703703483772
177.64241034036445,90.24755422474817,60.08686816204453,48.374993479214595
176.97054612274184,91.0421144554075,60.20897794494604,48.21629293977094
177.4931698349032,90.15685105159264,59.950855154412366,48.38356352181471
177.7277033494434,90.93078572983526,60.08896585970692,48.30070576200917
177.02785001762194,91.12542412381532,59.85842349991236,48.0067811469006
178.00080637366744,90.34241380046268,59.478032028055765,48.38740750649651
177.24931519562426,90.94510109833439,59.73368467222804,48.25124677794058
176.90074427890661,90.76806151757086,59.539896329882076,47.73967957716296
176.66163985203244,90.89497393527442,59.70198885062263,47.911849614802726
177.3109299729627,91.56495090552727,59.475109658566794,48.11927421433609
176.9928083338556,91.17680310754444,59.73642923072629,48.121445664793924
178.37260873516817,90.56300158438856,59.91219219763243,48.15373621110568
178.68833602805117,91.48839475241616,59.804388734913296,47.73248478715989
178.2507231259698,92.67727827035795,59.67644071095101,47.60097934795599
178.93134039840442,92.27818587832813,59.82980882721462,47.5887851036953
179.13746621060523,92.08069244424648,60.03642316960985,47.71601074138986
178.9817842390132,91.95192649227498,60.168908328614236,48.32054276740317
180.48601746814546,91.49842972991834,60.57998227562314,48.39991483215549
180.99632440880862,92.0944185228843,60.678997300546825,48.458074575325156
181.94454055612667,92.28918659844578,60.70431793559825,48.55411886853813
182.52652027937717,92.46173436502914,60.440779631675355,47.89298329630889
182.05598769816226,92.63580026500676,60.83071259195671,48.228140070572394
183.30451516751515,93.09649084737727,61.041070372977536,47.65821459430797
183.6342710624131,92.80990772025032,60.93397252361133,48.24065819231184
184.1950389963003,92.96905919866177,61.123044565993126,48.30275684681709
184.3991725126528,93.5365930437917,61.15871674227256,48.09270746710409
185.7584345701912,93.76306338408953,60.98305456567225,47.402187440805314
186.5402867613412,93.76123210859262,61.15317586696602,47.784023819924116
186.94464142449564,93.57896526188817,61.274932238899325,47.92985328970021
187.46648239346018,92.43362115624393,61.26779510077495,47.94586803907464
188.94401975586007,92.63563525734976,61.59484012695175,48.5329592216286
190.06163943859218,92.46602951578862,61.05913994605785,48.323128956704004
191.1731308390279,92.46535369107079,60.68559867350673,48.19580323797561
192.64558199788848,92.6403600651343,60.62906305500426,48.19329415195797
194.32225402223145,92.68184812280305,60.355232556123056,48.223416181151705
194.46977382921045,92.16013478497148,60.588574289821295,48.81802083533049
195.2614168456979,90.61294567935236,60.75948442383854,49.13832067742808
197.50338084869247,90.85440098664284,60.425153585818165,48.846236478862735
198.05830427504836,91.13164663236682,59.950148652051745,49.50730610050073
199.10873041144328,90.33239219793025,60.048972892933776,49.72982314808481
199.4653278472731,91.19689193940418,60.035622381625664,49.231506038183824
200.48374116509123,91.23404506185403,59.80630612196596,49.01730721515913
200.06820288595642,92.13897935538012,59.950493031798075,48.94349209490383
198.8892164780269,92.38025918501602,60.40209377734466,48.856882753014844
198.41273217136137,91.80750703834589,60.54771986137881,48.805914878386346
199.09757904561224,91.74901500596488,60.11509886678337,49.40266578885148
198.29202640743475,91.49969426289277,60.293083415599256,50.45727651327695
196.4059634899637,91.5086641959354,60.945015769096,50.5587671891839
195.3392877821815,90.41875783244777,60.78526110555891,50.749962972799786
194.35541349165365,90.89665635311545,60.60083378329425,50.65047391486287
192.4245871420347,91.73133137930569,60.633796907336844,49.51664632341989
191.2393620706192,91.50020554755329,60.191792826535064,49.23999112657309
189.91963467969094,91.46007045326641,60.26896123143844,49.00925667647498
188.7138758475721,90.25696714256065,60.05447181559797,49.345196574253684
186.99389006367485,90.38054476822487,60.01603456991593,49.17996576140183
185.53018772230567,90.43771732927794,60.063083417693335,48.83058951136598
184.89976028794143,90.83425439597647,59.77411834013275,48.40697643753923
183.85550939402822,90.45268488313653,59.943796885771704,48.52254771419569
182.53521002168156,89.63011312198302,60.0735618902306,48.40714741326053
182.2612046779079,89.39596190210325,59.56252106410608,48.609016137199745
182.06148550176596,89.49404777299311,59.2928767747884,48.05592606045908
181.6910161643532,88.94995325939351,59.35319716348114,48.113155004650466
182.35141596648717,89.15756840625211,59.01726084046315,48.276415921870786
182.00909952824796,90.12382283841809,59.111470132957216,48.260853468671634
181.8159261649751,90.06103978387638,58.869475184698196,48.06783132091911
181.30562310978604,88.89375864752037,59.15094555288885,48.25972391589675
181.40221501331214,90.1487854509193,59.043882351305385,48.236471456559826
181.00858297905364,89.68291791886301,59.099243343650514,48.076669045086476
179.8575999180333,89.1998427330885,59.541346184441224,48.17605916272926
179.77593577202805,88.84075072081387,59.35138773328768,48.333085960716005
179.0413135681205,87.66498777491304,59.436278503407436,48.6636462763458
178.0763338865241,86.18140650173821,59.63862251015492,49.807429306093894
178.24387915977437,85.21394927672243,59.55131943924032,49.89325317995357
177.55780709582154,84.4323135157368,59.698533757575674,50.007946821065474
177.05196015658544,81.9554391065211,59.72748532647757,50.81595894516092
177.76376965615825,80.20950729335888,59.913485467956946,50.99773346015724
177.58323566799965,79.74716403375055,59.959596779235085,50.87137932995985
176.63778228678711,78.73146407930537,59.95707092447262,51.00008453670175
177.02520216488972,78.2339473696922,59.98185275029866,50.926468663935914
176.03162323214804,78.02499012223045,60.44934203668048,51.21331016081255
176.63553314381934,78.16400531254315,60.34644164693164,50.85587304190588
176.6167640131814,78.20836297242634,60.34177409766065,50.261206794405126
176.85087815581917,77.63418631256134,60.374247716681964,50.18952837585388
176.32245225186725,78.72849535588699,60.36037503728113,49.97629786244478
175.98582376316287,76.3465104236382,60.57315227836176,50.68239114002831
176.6935883599565,75.35277376764893,60.325225623836985,51.51155451548339
177.0041663112994,73.17079648361562,60.368589984823096,52.813314259331264
177.71057164079716,73.94438469220401,60.21346975551508,52.148629907584166
177.1784595009414,75.82538529767228,59.99537591999221,50.45781094762418
177.39589673444345,74.26135014293396,59.78340184361312,50.478047394796135
177.46613658967604,72.82460512395261,59.781365126312,51.01135798939947
177.43422178923834,74.71336523536601,59.82473269105459,50.24851672165077
177.72227487852862,73.96761430612013,59.765685838645894,50.30015346783788
177.15483490538054,75.75890880464087,59.85556761599673,49.78966224911672
176.79293406509694,73.00583787846917,59.92974161101705,51.59881313466324
177.00804087093644,73.42693921873942,60.734589644845855,53.1705203662321
177.22173123411383,74.14026685812976,60.70746221438951,53.26975925249046
177.0910920931733,75.96608597220423,61.152257952325265,53.678393241138416
176.69905112249654,76.18891050604664,61.31185869250693,54.51634402696923
176.09223385152148,76.30933307245226,61.8051715791836,55.35466149181424
175.87308373067424,77.3269662571963,62.014208515214015,55.571485576427705
176.18733128393805,77.40145802779935,62.243776152827046,56.47792195709661
176.03348761135751,81.01946200251994,61.94596423040996,54.82301447152262
175.34020439849633,84.48956294175947,61.9820820477339,52.6803589797623
174.46237240319658,87.53727571195192,62.84004096020841,51.049212614182096
174.89175533663442,89.4059317417834,63.15073920466084,50.28348868928474
175.10229183433086,92.27519215518473,62.899923777627365,49.116897794122735
174.40344939994065,94.50292683722974,62.9411938514859,48.98372457261084
174.53685435699776,96.88702279858775,62.65125161315288,48.20736919774638
174.22729342661765,98.55109695710232,62.70715631082718,48.16832915708443
173.8506057833885,99.70246435189773,62.503668193965225,47.708550910462364
173.24508337434406,100.73488436034516,61.97980395443689,47.490070146497175
173.64393645371644,103.29033141161068,61.72334230252807,47.2711590761927
172.136257732476,104.9754917162982,61.82024271375892,47.3524833642786
172.08785094190773,106.34920508270079,61.85472414157513,47.25122057190312
171.0944559125281,109.44551902540162,61.709052652482875,47.13325394138425
171.46288205036078,111.34277484912157,61.622697813340956,47.03312400781155
170.48754636573906,114.93430224262165,61.502720989224976,46.95498865440512
169.62921263384993,116.73324360425013,61.68154665612826,47.07251425634348
168.46614853767664,117.9955317357089,61.85996977034985,47.277994756121274
168.31555110550607,119.55942411083879,61.91822945402693,47.742663008791155
166.972364782129,121.44351289821424,61.89252019160138,47.876691854938706
166.90019158977208,122.00688267349071,61.78389111244802,48.4768352389561
165.3982621372492,123.04564053007421,61.6913907645641,48.42797553164846
165.12412121330263,123.30609930867234,61.72037024429319,48.789366934413124
163.88960920528586,122.61594367173886,61.62928989020953,49.38824510281134
163.7342876859253,122.82849334517923,61.25287543381347,49.09244873444622
163.28103221961578,122.5125557342948,61.229164808815284,48.51717063590258
162.67983164870805,122.31437779522996,61.19549722504482,47.80401418493071
161.51197290593043,121.76705122324083,61.03261851919383,46.855866425588665
160.17823400814663,121.38744509161583,60.98735827765205,46.236523390987074
159.69380799658,120.74827609361317,60.9902221416056,45.9398339211721
158.88662312382323,120.31019148353377,60.96004537833011,45.89820223801057
158.7305143734686,119.9528267349329,61.14019805970345,45.57078695982169
157.93678470453773,119.3245041432342,61.21458061533863,45.61524342251599
157.99910788350866,117.91636551709783,61.52616777790456,45.667879317366825
157.50539533445777,117.12755849692603,61.45446506838915,45.715952342085444
158.30212225494535,116.89983957029654,61.39632006530461,46.14430584475848
158.83617212838686,117.65023196111821,61.34996409283566,46.766201727177645
159.99749031981543,118.82933079973282,60.41850202638476,47.77746510951874
161.71007127449116,118.79241682092783,60.015236479337986,49.01651523509748
162.4423325606311,117.33792319210792,59.47818888264406,49.34704179937789
161.63192985502812,114.76276592435423,58.91533950869376,49.84432593937749
160.2115676526268,112.76686516550042,58.59383246818392,49.60138624614759
157.19597433714998,109.5619272278369,59.09955218019223,48.58903616932619
153.41792110894693,109.10742396910445,60.53142157605143,48.24709664186925
150.5319889276709,108.43680320415817,61.024141651494126,48.14635208777741
149.31684865403017,109.06843303001051,61.25724812650996,47.62361672806493
148.7208274214856,110.9133403996398,62.101725894333484,48.26590953275168
147.9961421865333,111.96751197066979,62.790491505839654,48.241321883855726
149.22407361578337,112.9962246593211,63.013415878784855,47.93470522237343
150.81003808911134,114.40977255385927,62.88328075537107,48.24812762177365
152.64083584490652,114.20817208710257,62.3425348531557,48.30852460020892
154.8972472586347,115.31292921653682,61.2113190813634,48.322368495637306
155.51290084853994,115.2430471043063,60.2940225216701,49.11461379919991
155.94193277129347,113.0787207110082,60.04244976503024,49.950361922710144
156.27854559583997,110.84723784823959,60.190986200898195,50.44663758477084
154.69590936494592,108.92168911022469,60.11820629452221,50.21629890357406
153.15728608596086,106.74364513412134,60.70820920014857,49.945159072577646
152.09895405528619,105.27110742370307,61.12260275368541,49.713202022711044
150.9708155419338,103.77890766974116,61.31537270031211,48.84722921618174
149.1413488357236,103.53916298600637,62.02862740179499,48.458478227206015
148.26694844337942,102.21589599683125,62.70906881148338,48.92503478856405
147.49333651333373,101.65550754612728,62.887853950871595,49.06001762258919
147.17543915772603,100.47758722075503,62.753201884743234,49.47375011903682
146.2950890036836,101.66426575985116,62.48924398970317,49.36345456428205
147.12281152456188,101.08445916112528,62.1543861061497,49.620006848647876
146.65242105515492,101.90898804269074,61.62440288480737,49.72978392438416
147.55244776304187,99.65361227926257,61.10701853641628,50.3966938985061
146.16852430662814,98.00517255908616,61.64471713381401,51.13943515526519
145.4121079119683,97.22433427434527,62.16311938114154,51.498429229629764
143.66496463449116,95.67298744485831,62.8282738560177,51.509524377861496
142.7058103191028,93.95747114684615,63.6997532631616,51.91714999146395
142.18166329461917,93.4109747209551,64.16799970470696,51.392909566878885
142.26543697044787,92.15170383544205,64.63096077590112,51.54313468751435
142.56778572862808,92.45583226451444,64.89653303493134,51.56822438698673
143.78732929375286,93.16168630584603,65.37109641737709,52.15451740295638
144.76989584453358,94.30741998758769,65.05845965370627,52.10337596720743
144.60095833740715,94.89512129918634,64.38290693358415,52.22556550709608
144.67546257639566,93.51945451308544,64.57461195658368,52.53839199921977
144.1066928565549,93.13746416316138,64.37616811989798,52.41449428109911
143.2142606629648,91.43208058397522,64.8128116818829,53.11496480861206
142.32198031491745,89.95384309045491,64.93022760258698,53.937345557371444
140.8664465160603,89.02788056178767,64.9651355323325,54.005548690877774
139.26271267826016,87.28631948894906,65.4221149266828,53.79154254065655
138.72085262079227,87.59908316194571,65.5060639234545,53.12089495540546
138.74224433143556,87.26255408467901,65.7965934904492,52.93860643025134
139.0261082238464,88.54726223191781,65.93983372320565,52.929721751984694
140.34862194701293,88.50207816848074,66.56156042726323,53.4404389999526
140.67758361529587,90.69331338827003,66.54388062097073,54.609604302561515
140.62525777155088,93.5592013271983,65.76541463267952,54.31323797060341
140.45246417047204,94.29470389222277,65.16106592175123,53.99279131223416
141.79141571044414,95.17951199234167,64.84085937501017,53.83596808074634
141.7055472377156,93.99607206670083,64.79082508023286,54.177884553121785
140.9638512127605,94.00258535832252,65.11958456178371,54.49255572378464
140.9692869016622,94.48085341852702,64.67411235390213,54.572076121930344
140.55581901794162,93.3808744675589,64.3341474865777,54.22396883831969
139.20072578474168,92.75498004796293,64.55388595493073,53.975559313253825
137.4034551277573,91.11886764274058,65.03592421714166,54.25838898209697
136.39430661360115,91.46144160951059,65.33516606967272,53.58369331906476
136.89590493220928,92.05885748709107,65.69576948128457,53.298376944763156
138.14264455280045,93.43922850390837,66.1232497127585,53.125205101558265
139.56281223755573,93.81103266322711,66.31666678465416,52.899983623741086
140.94630156434886,94.76847444398628,67.42278078243508,53.46479061398057
143.23378912343776,95.17656545036525,67.58634631367137,53.67781392348827
145.0237576868801,95.81060730872214,66.68495227760701,53.52258421068072
144.6739251567225,96.21837046598546,66.65720034573468,53.85396951724784
143.42728383220089,97.11130919503218,66.41069112466076,53.633155535716895
141.63290263390198,96.61739939675347,66.5346250300476,53.66664468793838
140.1381137016711,95.63554926469077,67.00482423240001,53.59776743741534
138.97879993540653,93.64973349371743,66.87433982645254,53.51115618151043
137.39964937964112,95.68650980237594,66.78813410204587,52.62217387669344
134.19189422076576,96.10123765235622,66.88940491784348,52.08246732224069
132.76018472771636,98.0919287657389,66.51106365003605,52.1199754763347
131.185196326153,100.16614946720513,66.34686198636587,52.02330714469131
131.62540785362657,102.01804124591527,66.59046236891872,52.114811673208536
133.34887291024324,102.03978327283065,66.68949172834164,52.235176496330894
134.21948391749274,102.51435428826986,66.74659429880357,52.82537162365561
134.3071746867155,103.30014253704536,66.83583068027993,53.1819262296202
133.6247428749176,103.52388345744141,66.60181735075078,52.888283500156234
131.6930194191449,102.96250380207204,66.74244016561646,51.91112826011373
131.25533793862434,102.99474355912425,66.72710183271226,51.498870425696815
132.76289358493895,101.43170491927039,67.24797076469241,51.49685017122485
135.01294729622748,100.49393562603046,67.76338153059194,52.2410411014547
137.13129584782598,100.44758803683466,67.64197983755113,53.35010896051037
138.68236277539376,99.95613250570192,67.51169351659533,54.09368591633054
140.06950273598864,99.74369266671525,67.76298732587432,54.14699882184295
141.96315045016098,100.25702249102511,67.96391211237338,54.38855816736384
143.29299792856528,99.6531324696378,68.04934960185383,54.39597505095878
146.25056563730917,98.17753867075974,68.25564362772543,54.88218156961333
146.8865646772139,99.20888798796595,67.97996817975188,54.18348134828684
145.7140388049286,98.83025347830664,67.7537613794006,54.81469751116015
143.4117917732049,97.34633516740769,68.04197126316053,55.34991694545806
141.01693701465123,97.72251226867391,67.68418932518973,54.632368040777166
138.28801598266546,98.92263458704139,67.46028395263781,53.957800894276616
136.7095187012521,100.5113933205986,66.84588569319891,52.91025779239656
135.29462172105514,103.7598528928959,66.03305575222566,52.58265017123945
135.50065819103565,104.5284885473915,66.12719313941304,52.55132978998261
136.32907394133454,106.13022265297866,66.33069794252623,52.74756555830048
135.6578600726171,106.29405582374615,66.95146125125018,52.66594719039833
133.76107738439512,107.66033890665295,66.90054420581912,52.79637235759252
132.30104003126993,107.63175494195693,66.9270184482023,53.105172977414256
130.718911632114,108.21017128389423,67.37045005120171,53.16178023494594
129.5972354349961,109.05177170741712,67.39811946203906,53.09892545723608
128.43125745062585,109.08963659718957,68.0506931065608,53.17224352925368
128.2694372346441,108.3943048432452,68.50430790375864,53.22931939065805
127.78282395628148,107.73392756070045,69.43593900149956,53.80883250066942
126.96037549357537,106.81088531752603,69.81510411538832,54.68149779756513
126.58193855439808,105.99110164785927,69.91585006405542,55.30519599627367
124.6030333473516,103.77681764334847,70.45424214318743,55.68456966935776
123.23068204841422,102.12884436829042,70.96456974106218,56.07753160033323
120.71200813192905,99.8200980762684,71.21778366289972,56.24804847636946
117.99539734433782,95.69705208483765,71.78223082401969,58.25202925317626
114.09761757036519,94.34473025341987,71.74925338466025,58.24491144140244
110.27309517932474,93.1971117364321,71.50172223900677,57.042620399206086
105.68393667591738,91.39175569778705,70.71467669699337,56.3821380184884
101.96473336073788,90.89300744408312,69.96604109102424,56.0762287641775
99.65792938748615,89.64546775385776,69.1694927875277,55.44255448251887
96.79074513605764,89.11445348764988,69.10359883921285,55.04396594950494
97.33122208508728,88.09779926219176,68.58201688939576,54.868198472686814
96.31214747208853,88.3856013192442,69.19612436734639,55.3326334210819
96.16316227996673,88.89742547211924,69.73426809143373,55.19980847958965
94.75879130856546,88.50447930939484,70.53600625005657,55.79490490660095
93.62036538443293,88.71984788053933,70.47411298113414,55.723496987944785
91.74246732553445,87.83165285789305,70.61122623760299,55.79192499710453
90.80412878004017,87.89003442378349,71.07702991550558,55.740042236417395
90.66873970114425,88.2285611496039,71.39416427446932,55.383194473253134
90.79225457883305,88.40090173078667,72.11403820561516,55.10298169467666
90.94674778673348,86.8935793557244,72.37791250758771,55.545406596168405
90.88611621020598,88.50587397406777,72.67959558251772,55.74510324815353
91.45040448165565,88.28385697505065,72.60170873688399,56.06438138681276
91.16558592994934,88.41226698253779,72.33461488326539,56.29675814918223
89.67391241892182,88.75842385490515,72.8122703770001,56.517957588041256
88.23287011151046,88.4619265661576,72.8210334586197,56.17085817139573
85.38456195986232,88.44459799738598,72.8520308654316,56.01951067026711
82.80283947263752,87.23058592276931,72.41153296878745,55.69379641618015
79.52423707565808,86.77680921870132,70.98419491606666,55.6283273633786
75.28036234026818,87.34278779289076,70.05141216028395,54.695451635898166
73.03667061768792,86.88050720144962,68.76589216306166,54.68304687639765
72.99250897297262,86.64415975544352,68.48899633628133,54.78887470298015
73.94773431112479,87.1509380781608,68.1650019588051,54.82384100676431
76.39125874429254,88.45116224273649,69.28542989911023,55.37027378112859
82.34049062622594,89.49747397550533,70.92096271727468,56.26327653629403
89.51300134701567,90.74509633037293,72.76038951788271,57.826381435933826
95.6103106474138,93.96613392371411,73.22168522372709,58.08978110276709
96.46061950837357,95.43709084075681,73.62336242368255,58.00763899719733
96.9843990055785,96.73451825568546,74.0621620718508,57.89532811265252
94.42092812402491,96.47690390507371,75.16478132519237,58.45349504629789
91.59666224453753,95.67209144135045,75.08604867987026,58.120157327260046
91.42762438630587,93.88342076333305,73.80751673031797,57.908283595404214
91.85098441837204,93.42662621622628,73.55024368766999,57.662937142742734
92.98362254512624,93.71998984070777,73.34661294197409,57.493293634014165
95.75969258575694,94.07269608312818,73.20899312438458,57.02362944018896
98.57900438444948,94.52991136955535,73.18984584535886,57.1411812892096
101.99569921737037,95.36625468541827,73.18470324982957,57.4458200969369
104.6397590071301,96.0050653303548,73.40689861171637,57.75685237151697
107.68080635794507,96.40103761434412,72.97778852922703,57.50796810627271
110.62466353102616,96.00624706337342,73.18779146822114,57.68390174727659
112.6027034106073,96.0304986904356,73.93648465827758,58.14034234080848
115.66021359929985,95.37828938465536,74.82277653675186,59.435422573462716
120.64585930000749,96.6323119243655,75.49409377791471,59.76905229872993
126.0476929981694,98.30181478720144,75.27373936987215,59.223167910948675
127.91202971518014,99.40691097148856,75.54823976397566,58.63931831581194
129.4276519242534,99.02111645361627,75.5116242520791,58.56264074999402
130.77733956877887,98.73732579601977,75.0274284063876,58.68490956518703
130.68184138058234,97.97584008496472,75.13474558356187,58.66726209081274
132.02487098637593,98.09452229106554,74.78968978994344,58.09698141884547
134.5326957739408,96.50284748675531,75.31020354489186,58.87441672082531
139.1642917923577,95.09049891352495,76.24580301196431,59.904924414161044
144.83527986959876,94.40909321149901,77.63035883990402,60.97800193149416
150.9300046654883,95.37731602220319,78.2238987500781,60.39681143703892
154.18371740505376,94.25661954335499,80.03162830024408,61.59032231465723
158.7365616775349,94.07794390436433,80.31751080020364,62.25577906138854
162.710833177622,94.10642620151033,80.8748882101857,63.222801283502776
166.48610917580862,95.2276077575964,81.22356717084371,63.04074090570564
170.41390876513864,96.73432418825573,82.11860886132426,62.764246520949484
174.43920781042448,98.32581926087366,82.65230032153386,61.86452053586987
178.1003972731839,99.91951346867909,83.08187452101505,62.125374307759024
181.94416509237195,100.94496823700268,84.02504566974828,62.437959644158695
186.25936501252218,101.96176154110576,84.31658186460406,62.71418748907754
189.53504156104583,101.99509529995646,85.18566944138492,63.27673139715738
193.02554804690803,101.39592997526638,86.04614816887924,63.28948465395942
196.0944334632924,101.22186391092933,87.17610804900113,63.59519734903977
199.0380030661281,100.0201892227272,88.17495517145468,63.66724789731903
201.57014657593282,100.32101201038247,88.69334027098593,63.76244070091475
204.7070909795347,99.57825144358836,89.45607255753212,64.28464396340924
207.71450257715207,98.45180050692066,89.73656796581305,64.55564276057274
209.43097349251568,97.17738685596207,89.82129581282021,64.82035141014617
211.6558071099604,98.10397688878228,89.88212662480575,64.83811250661512
213.38909794936112,98.54028946097921,90.11696096162933,64.80795562394003
214.0216910034274,98.60893796976927,89.46835200193428,64.56219913370364
214.72435469834662,98.20035397145,89.48453340115834,64.81949164206094
215.7611967721304,97.90118926663243,89.17262903874703,64.61746704778983
212.4920478747597,97.95066903929118,90.25493318114471,64.84748699465982
213.869048738678,97.72134378625228,90.43367071112057,65.05677836987824
213.90183123959815,97.55996471198026,89.90725976201466,64.71297157701605
213.99574515998444,97.44039938371449,89.7598677122577,64.58476214565695
214.1686846186378,97.5353873775345,89.67805739846659,64.42521218340754
213.27465643039915,98.31291728378963,88.78483936088142,64.35056008574107
212.54415108230316,98.98417154904574,88.37854048676085,64.8935190845257
208.60975622926495,99.469594504816,88.95027208736853,65.42328352454768
206.0076096353978,98.26465430860394,88.78377670088406,65.32281845798744
202.57310291445475,97.63929548557465,87.80452354120771,64.55134982474915
199.8110297832672,96.33885061257524,87.25298620983277,64.23533893598234
197.37986053468387,95.51745732997973,86.61968872067132,64.24335987617334
195.94390052127287,94.74669675805146,86.69879258538394,64.93756046338927
196.82822554081133,96.03598180666275,85.80575289786952,64.69340198726044
196.75220195999538,98.69142799587954,85.25501075286084,64.82415999945187
194.26387259934205,99.35324462180589,84.99613480619868,64.09870179642728
191.08357607001437,99.72350021765295,84.1869280601666,63.50910002856128
186.67069644388587,98.63612564710172,83.87453423625168,63.798656298569995
181.95597464659218,98.68254747997985,83.64888749880781,63.49411219336062
177.3657122846275,97.59871680920173,82.52380919539341,63.42608627905746
172.52994344137514,96.06657885588457,81.60654072955442,62.91089441225429
167.8583703111285,94.67817297512872,81.44401072051639,62.783836544859746
163.63300293571945,94.60007483651938,80.36349547133456,63.20376573223466
160.93387064352459,94.02766462895703,80.16410380572424,63.303542202046884
156.67739114160167,94.01439823081498,79.85653668652321,63.1307646955966
152.68250934345255,94.86974612462282,80.83442894493083,63.202722716574655
148.93688352863984,94.76511727160965,80.03606875815004,61.95543745385102
146.04609137571705,95.81224969072738,80.28148973391747,62.00170606288116
142.31475217464026,95.09371769254693,80.2493561243523,61.71385550846083
139.59466693878383,94.91734252893082,80.1456423187214,61.55989196850555
137.30329234753472,94.99558729200314,79.09750160864148,60.78661167087654
134.19802213040006,94.95326422657457,78.7639746600983,60.65058519431179
130.52504726473816,95.19709754843834,77.96328742853149,60.91645858964676
128.26972887743776,95.99653000550546,78.24455408594478,60.58666716184065
125.99882699843951,95.5866189096777,77.79139324433193,60.557917576152434
123.5085933047718,96.84708830438133,77.79639676447985,60.61461550549515
122.41947759068435,98.77439312420915,77.77614186452973,60.62676611974576
120.60333431355181,100.08333723876306,77.68714545981045,60.426938193372315
118.74297305200128,101.67656953267976,77.79510553173962,60.284479953195145
115.6158151140606,101.85453359188776,78.05763063613662,60.14534870977918
113.4328073593822,102.67313171742447,78.70895498338405,60.53982970479949
111.25174736944066,102.86524728090251,79.06664991443897,60.642048773155906
108.75138564272484,100.09317393974707,79.77507600458938,61.397804342185545
106.98513921725544,99.31459975129451,79.93638355279381,61.22466707455943
105.15453852515631,99.09693296127638,80.05586740769517,61.1249969924863
102.86348705997557,98.77536103222866,80.11764563102541,61.57252317480048
102.03754803172912,99.34392271769106,80.0829697324402,61.57965639567257
100.51081069313148,98.2133941744917,79.95288117721361,61.628494243790044
100.54288610122944,97.69706878398259,79.89065296843954,61.223858647855124
101.28311448234805,96.6480567346955,79.81083097182731,61.10755779525744
101.10205219104748,94.44921706284835,79.95689110130348,61.22404817410799
102.39432246744528,95.80013861003816,79.73138985514849,61.19160815590025
102.57758838834951,95.63479604357293,80.0743001520119,61.65068074000258
102.74026147395195,99.01205518428206,80.05559460580704,61.660932966396814
103.35332676210496,104.08764590738323,80.39562613887604,62.16975518230386
101.8322266100726,106.31257633853717,81.1799529077845,62.9616240563241
101.84373657864373,108.78127465179358,81.44251646673598,63.3988917364519
101.22933259876964,110.83920318262255,81.92544429953102,63.84355103221584
99.77758799716531,110.37882163097835,82.34394815117717,64.26287980933236
99.29519977334013,108.41045289689183,82.68949242109318,64.97110165250541
99.40950145994802,104.02792216669968,82.69511145998679,65.07576272226468
99.93121432644811,97.65684407636165,82.75333977972096,65.91398823887826
99.8138378302548,92.2505864986015,82.97893749867009,66.07577707603917
100.70840697593718,87.27429027658837,83.26285828933658,65.14631995951856
101.12852037735684,83.13878333942003,83.53179286345039,64.89060043541777
101.16526066973337,80.18236346910315,83.45370412440045,64.60898216823901
102.80907756003538,79.15048194776654,83.6987241523902,64.43287704684973
104.53667288865014,79.56570915664197,83.6277498037544,64.20432082245824
106.70246485655798,81.20086691361253,84.64995615114186,64.53617816007963
109.18385121498372,84.93687041843855,85.75517659835288,65.3369982988651
109.25807592541507,89.32193029763789,86.2854686325683,65.92091296429452
108.7982037438531,96.0898644579328,86.59538023202039,66.85458810073594
107.44627913508887,100.93574414551841,86.59738618783007,66.86061314939288
106.05828725111587,105.08145075817023,86.97160603976045,67.34645212135484
104.52275399497327,104.77574020317178,87.39496747392064,68.16762054580488
105.51076467512534,103.00030019667321,86.93109210971025,68.2393745822395
104.03472512107021,100.85080684412173,88.1353684834455,69.89602730296748
104.00338456344261,96.91303601394415,88.11153226471633,70.32036657074453
103.92500700747875,93.12170444745394,88.77817507195655,71.08079459630306
103.095866498901,91.09619411858367,88.88616312036206,71.1591590040436
103.595326633456,86.00029526132651,89.18091350554894,71.37900237285479
103.52361177979114,80.33415908491209,89.45761347655053,71.09823761630864
104.47689520520532,77.62912716535435,89.99959398900342,70.19567938511162
104.91386102930107,74.59563665661446,90.17293406932754,69.54210986548202
104.61318380857296,74.02511584251383,90.36593279789314,69.35475183548014
105.77950088787506,75.2000742598679,90.73840728186707,69.3843516023345
107.54707688350365,78.18525626635125,91.74219572029739,70.57295365382096
109.21145621689219,84.29435961394167,92.96815507109844,71.69156946840573
111.64065302607727,87.81309003379877,93.54579660897826,72.55211888259777
114.44681730602899,91.73869511652325,93.28371829321546,73.16401296519568
117.18841116474263,92.97307660641627,92.4199458589913,73.3082565772065
116.62036034449565,91.90225532925149,93.22566419870401,73.78745406317672
117.11101342926352,87.8142998475874,93.89538952330889,74.23527664759862
117.81944780721636,86.8062672224989,94.5090078279501,73.49392612629126
116.16988254892625,82.35746074105359,95.88095328593656,73.86428689191627
116.20199971418187,78.34602538778057,96.67554463901908,74.12791077229042
115.64403057369029,74.93123300473695,97.51783179695536,74.46765789189328
114.45257386067037,72.6072202561825,98.20833189291707,74.96004374056469
113.03659597213152,71.32096464458961,98.4618269766354,74.98427615515672
114.48582937927176,67.32273909705386,98.49741167602679,75.83341890061885
112.77312506295513,68.03333497483294,99.4104301719413,76.61446713529506
114.02640700720914,66.01713492776722,99.34154938890202,76.11317582317652
113.37401765754115,64.11025479472238,99.29186641831615,75.2046765677818
113.80771616496722,62.56204558443995,99.622223309714,74.40900514459666
113.3889431029545,62.39382098152089,98.89357680678631,74.53735498520041
114.0935268379439,62.98470076770594,98.64859390712002,74.87390595970531
115.77209298025008,65.7996248331541,99.69304243305453,75.81299703779335
115.49541010832704,69.91465947488499,99.59937448549437,75.88584523480034
116.49754306689417,76.0616237150077,100.70405632226637,77.29485864908618
116.44466832002192,83.82231401255729,101.27358145077649,77.7079568137526
116.30227409883295,87.42690878090832,102.6150105181544,78.61510028486306
116.34024621489951,88.83793182543059,102.89923474305255,80.22316894191228
115.69528031093711,89.37441241191803,103.05488920722735,81.01110864784361
114.73627352856714,89.64087099071314,103.78427362157666,80.50477230080028
113.17055798743343,85.94575579801,104.24917028001596,80.09809716862843
114.27623308943838,82.28925999189516,104.86371729280293,80.60533316562372
114.40006898753458,76.81295258530409,104.98591854348554,80.73513303739962
116.1538494692268,72.25240450754609,105.42022159377296,81.03252924174375
114.88860633885729,70.23272073912135,105.66341537404324,80.91259502078074
117.24764867800829,63.84221980711838,107.44911487542872,82.34148506838042
119.1411999853918,62.625521939698,109.79256645988048,81.84009686767432
118.26116879897747,61.453289330359986,109.12461979950601,81.27742707658471
119.73112080468773,62.99743350578069,108.01223043652297,81.24904473160268
118.44247081197666,64.32474384653713,107.54793496296074,82.97397116923041
118.20858412419585,73.45569399532872,107.15776766469423,83.03458063727226
117.12229214819912,84.0688126914807,106.92086675340644,82.44793064731202
115.0175596996182,94.05798691541474,107.7712313087714,84.92710173069396
113.00840134043304,106.9327301891834,108.99783049784484,85.16699506596913
109.31791261114834,111.83748179660381,110.82436459703925,86.63099038628457
109.82435964963288,110.74793856781176,111.79508258061705,87.70576776183742
108.40963743330326,106.32187340195362,112.25428775546379,87.81098036894431
108.04871506049629,96.86424255644454,112.56039153428085,89.80494689394686
107.76576621888464,87.78999601625408,111.28891739133229,90.66544558956215
106.92211764372136,79.9903206774702,111.44871820376821,89.30465222416117
106.54558940832607,72.29198165427975,112.70003517260568,88.96939667679206
107.0942466483568,66.35217766075176,112.82412572184109,88.88937941970741
107.73627734087043,63.51246879522566,113.77273035243881,87.96467117419712
107.78740582621889,61.871876344803,116.91629247353879,87.77344396566744
106.11646850258288,62.526889549089304,116.72130188643581,88.33560993990733
104.97180161220321,66.68299851875777,116.38127165352327,89.69248990096102
101.9313935748028,73.00157116553638,116.8701687830116,91.60685827927882
99.51446363569451,82.89468231832512,118.2491031241188,92.50032347370131
96.78313981168286,90.16221189290543,121.70119169011085,96.57347965657195
93.92413225865658,103.71072347016788,122.41801661061653,94.89903340634393
91.87166505410792,108.70006359857189,122.08908261151073,93.86218664562966
90.46588236559865,108.87519014855103,123.10569559595115,95.94027827223388
89.27180594934723,100.41202091340692,126.21308670970399,98.00776054135022
87.48323073997508,88.82613653759708,127.08305329055764,101.00188647070428
85.05356596105655,77.68154665899672,125.82766727222284,100.11592584704563
85.80214370217286,67.83679863853774,123.72879670209959,99.25326734694795
83.09362820856335,61.08614754481104,123.80857793345925,99.00737715158886
82.9609857508203,57.70937002412804,124.27909356183598,98.16181109920485
80.73441390571335,56.274144096695366,124.30557099228423,98.15927711422646
78.40899630427994,58.87291180503638,124.91362055061981,98.92823339676318
75.82609569545973,65.20823003200016,126.69154335029148,99.8291301459606
74.45293499589538,76.04330952755092,128.62615820645144,101.89276632087473
72.36636113800274,86.88692812771933,131.5449113909867,104.06050958928792
71.26230995670812,95.39689332241755,132.9197007652947,106.1717437506727
70.49172618472309,98.91343750920745,132.792472313171,105.80799741810853
69.25227129637287,96.13593655547474,133.15379786135583,105.39427984315208
68.17946456841887,87.89063120308734,133.66138031140446,106.13382243269251
68.57927386676957,76.63713900872045,133.24787011314055,106.63629021986377
68.44743246924033,65.18916411730189,132.55565080858966,105.27424439723217
71.02655046994715,55.96149117118523,132.49754298100413,104.40592085587173
71.73464875857263,47.05642137060295,132.59681881586255,104.25097256641129
72.31900531899255,40.67501614680384,131.80527244306958,104.56319097299388
71.75632941921585,38.08205243523737,131.08366989691987,104.04062230237682
69.1209118648757,37.209049494191376,131.20271057200642,103.77170508876569
69.30384258236063,38.434157506321,131.4118613440678,104.00486919145956
67.34429358330142,45.81986516512332,132.53249742812372,105.30321705744868
66.17208923707518,53.56657846569725,132.9297625658887,106.57413371801957
62.76490067190247,64.09017623401927,134.41433622943725,107.12120698020365
60.75116136251158,76.01507339640867,136.2452511275159,108.8256729093311
58.96590512779139,86.88574913784203,137.60122502273754,110.76059095771438
57.27011681796347,93.05099534826525,137.35089490411212,110.53456020678982
56.69327262746526,93.664051854397,138.87384598042104,113.50870354218257
56.04286501346097,87.7884775940522,138.94236140374213,113.5803171507628
54.89881933755527,80.19617087787907,138.90934679852228,112.89313492881219
55.396020757057954,69.29586271590173,138.10125377397003,112.32403079378247
56.79811920277655,59.6308274455147,137.51980468526722,111.8874387369003
56.326756783608175,50.38582114333417,137.38965354704146,111.51645890962072
56.04991110666086,42.62681075792115,137.5546730259361,111.04882294216551
57.651882258341104,37.29116712074436,138.78130323234123,111.42747715987846
57.093814469334276,36.277715548850225,138.72031478691738,111.16440227632299
55.41733188326084,37.48090999838544,139.329078298908,111.59758246904943
54.70749338323722,44.04833060993086,141.10764201770525,113.85428177330235
53.31403045620095,54.386230995376636,143.07700195380903,114.87281693991079
52.012787537900266,67.52634876749494,145.4779497044729,116.86669028239294
49.096201482479785,82.29941438922435,148.31399046765762,118.72040034752787
46.63278627461648,93.0863494931995,150.04544734822798,123.19657896770255
45.03714324370155,100.79466657322052,151.05460450380784,124.16464939750428
43.29236329347262,102.83365039703376,151.56351254879695,125.24647178894028
40.20423728352907,94.69499596343766,152.4911683772778,125.15787489441374
41.11947538653877,84.88011818322926,153.16856570641465,124.7343467634243
43.38155807520775,73.63323219323136,152.6264559931392,123.36111434888883
45.73303288505298,61.58183611335947,152.35545217422998,122.45237086410137
48.25381540856486,52.56865995149018,151.95048380689371,122.25545658627745
48.9450730606835,43.721797706639734,152.1708127409377,122.12947892754084
49.73007383275943,38.3771044447864,153.43656559131708,122.04725900593502
50.07792146743637,37.20074398843828,154.2840832125882,122.42476019206875
49.511674109099545,39.57323970241703,155.0085579097306,123.55147286567376
48.60201220758451,47.22868667114314,157.65783776744817,125.58103302978404
48.99223957526512,58.05445216716228,162.12188986802445,128.71502449868325
47.641349838111836,70.80507607709369,166.09667959623727,132.7406931827267
44.11710023699945,82.27786701020065,169.84891415002454,135.5125795782315
42.13457068694841,90.55767796785463,170.55384141418912,137.1859288543298
40.38158243060893,93.21005516338298,171.88788189171183,135.9990943851481
38.487575146086996,88.5217925766067,173.38591843341194,139.1708466094819
40.048306286958905,79.3812524115103,174.41649472588688,139.03658270139346
41.03942666580811,67.01035567895559,171.93327740568847,137.73028046337788
44.376590569499854,53.12834205707395,174.51102479361748,136.16960067589116
46.45005576983053,40.82299099665843,171.94484390467488,132.61984137094095
48.514581918992974,29.91696774004386,173.17534971181874,133.5797150326076
46.27955251861272,24.7632150448118,174.1129988446105,133.86189083322796
47.93748883533705,22.820362020918594,175.15845433616184,132.86997236929562
48.80066615959849,24.615633545904103,173.6460279102952,131.2922467021371
48.37234472402318,31.64766823797399,173.59593250019583,130.92373395862234
47.17540248347339,43.348087000859906,172.7506812391079,133.4486776828505
45.658245172570275,55.18186844384772,173.6523664663829,134.28923247265612
43.86552525752485,66.68897736170746,175.97767446053624,136.0735375861554
41.84880345937508,75.02527274453251,176.26056874042953,136.53620072675528
39.427287952648356,77.83081099365222,177.65834828903922,139.95802217773462
38.62708709579162,71.62024663685187,175.3636084011902,140.21466114524156
38.42955873355953,61.66539800454443,173.95849422721687,138.01144337079396
39.08400198697856,51.57669310801535,173.0185042047538,136.21711244119587
39.85103899424453,40.39760810850905,172.43908106912812,131.91701828005222
42.53525383846346,28.75650029061815,173.01999220100276,132.25660696270901
43.79653642465307,19.09417975891492,176.35851101299855,133.43421433470922
45.82099856039565,12.70964904898193,178.84291193682589,135.20809753191895
45.61514091822497,9.854653536978802,179.751148217261,135.5620094543627
47.3075016818201,11.631043209568304,180.083040459602,135.2827896794962
45.9952326901917,18.993742793187494,178.05419709520254,134.25386268022658
45.23653184612692,30.082319020151644,174.92602993567584,132.47630739426702
45.01858208356683,43.4308614405069,174.36278395298353,135.07066542465026
44.5127994767855,57.050720342667006,176.49458842435868,138.05580113595505
41.603284725484784,70.35944376276045,179.79945777071012,144.0874631824869
39.90559728597478,77.44600733494809,185.28986438801138,148.79556162404913
37.41623742362103,84.10875750616876,186.29824719865638,149.20962426988905
36.4259853310474,82.79083873019562,186.7380409345849,151.06634805230408
37.37306481546793,72.61559118749248,185.98700940715008,151.8895604228666
40.07374889881301,59.58465945888898,186.98340735374117,150.3010332550736
40.70612383249343,49.6873050411873,185.93044947856782,146.68644033266446
41.588935958687486,41.02969414253688,185.46603372227347,144.9997090049653
40.97717018946102,33.8836166720111,185.84953840525765,144.39147332101686
42.56044047342216,29.941842556046296,185.5382834818666,144.05144977560272
44.410126942188214,29.864420812080724,184.99888368886576,141.09984795103387
45.5254088254881,36.9260362085093,184.07636435585974,141.0533993847392
44.174759572013,45.86007770335452,184.17658864405993,143.15675194192377
43.74414897165198,57.8572360679475,187.91476296978198,147.50545279086282
41.38238611710838,63.087058888139865,192.11277598355667,156.27865627157183
39.19254662647421,70.73832880649977,193.34389539451251,157.49778391532078
38.55753123868902,72.29084621904649,194.05673622867664,158.58818366053984
38.33188808385913,65.53471863802274,193.14626716724268,157.86276792414984
39.994852358613855,58.99224417327342,190.81441820757698,153.11800493958597
41.64573044144015,51.89991621523917,188.47341643645564,148.39738741815447
43.82368330977451,45.22092214968238,184.54085054353692,144.3412520141118
45.340547462916575,39.578733575299594,183.3317071981903,141.83150074490862
46.91229532791357,37.6933177015453,179.73172953460255,139.54215182835472
50.08081539019875,38.84682012710118,179.17264351159469,137.1524443405242
50.81990144496132,46.01686606825376,177.9450207184758,135.5836537277503
48.74889348520634,56.89305024906102,178.83874562236076,139.14109981926077
45.58978079693068,69.63116613037582,182.13573076453707,144.59718006834993
42.48573081442676,81.61479236217644,183.15395035845117,147.59507653052992
41.50491572823044,84.47292360640057,185.6254682261563,148.74148494051917
41.681437977548455,82.7407062291038,184.41317079783278,147.11442799589398
42.88933399793882,72.95510380647627,183.06830160861455,145.78566946224277
44.83104596961678,63.874667181864055,179.17431858322738,142.3868503286547
50.04037869320878,53.43536024929756,176.58829473760588,137.5686868500377
55.17756451764208,44.148271741661034,172.78621312780177,133.463969822342
58.59246056471767,35.483998487712654,170.30694593599435,130.33560715055125
62.07874675059749,28.640897502059673,167.7175522751722,126.77040531326347
66.82624193374605,27.879805314008863,165.0342074166876,123.92320492374009
70.25175264309831,30.548697380009372,161.67793697454556,120.81375331127032
73.75141920361594,35.65106302496895,158.7591702597603,118.85236918931992
75.14013491834419,43.82166213616858,158.1848638303038,119.75982819348316
74.60815868591796,53.11730983367055,158.39328651000002,120.50141854066672
76.49057704026177,59.653751270496464,158.2897046841249,120.36408254201488
78.32571402673508,62.34555207378073,158.03929155102202,121.61939695107135
80.35769611516996,62.19835575052892,156.53959739368352,120.46969780069998
83.38933779950622,57.62682560271817,154.20415826329224,119.29445975647772
86.19859370893988,52.64683304589416,150.32044869051867,116.15044096387574
89.97366662158872,44.35312883394722,147.1249171230335,113.14550319636338
92.92376742966427,37.3724399864503,144.2358239053199,110.38504861596658
96.64353212825154,30.636690778599842,140.91970759408287,106.9078165629175
101.18444342988751,27.705801727726147,137.86229905331092,104.33532952794614
106.13075489009236,30.531775057561205,135.6096602637606,101.64325225304165
107.18859092500428,35.99767607938336,134.69760147518676,102.13396607853797
107.43919991313639,43.76033692737747,134.56106855751628,102.74691952903412
106.21719477334472,57.42173718135238,135.258832499209,103.21571448006868
105.88730397723577,64.63230845728003,136.29880207970814,110.4115458051665
106.08701243143679,81.55463723703772,135.50103922404048,108.92089215190113
105.69834825433696,88.19705647513423,135.01274257824014,110.24082052141122
108.3673364112799,86.70914331792318,133.15471621552615,113.19299571278647
107.47734872952906,81.18348456380957,133.16100993840283,111.94560716632617
109.64259510254658,67.23484463540366,133.3353084521334,115.02870855634112
113.15148086751786,60.949422911032414,131.14331206867521,109.26306518867736
118.61957131342098,53.417544556187835,130.3775718506971,103.20346984758527
120.78835895008999,44.35291631302954,128.91221947774972,99.45845875577686
126.01009779883569,37.27953709531995,127.44988191697706,97.93532583377416
128.27786774152517,31.40449780053781,125.36523924839497,96.29990637646344
132.27020091981245,31.068616652545884,122.91344032346106,94.11528439510354
131.34452921066628,34.003799673587835,123.75074565581585,93.17683363622277
130.1016784090091,40.063098559209635,124.0220917903802,93.89890358958854
131.19550549136676,49.07931431200663,124.12789465691492,95.71556266016643
132.69266472295214,63.15913770440214,124.21948317616605,96.32022861951603
137.99057879410134,72.89232236738538,121.57153101043015,100.96262394198706
133.56980001971323,82.29837257494137,123.41723894983133,105.64951644679695
135.82883885114944,93.60999103330686,121.63277334750583,101.45969017459723
132.72043565711314,93.8225203577184,123.08206264573465,101.29116228749288
135.78570436666433,84.5254837884667,122.6987176094448,100.94169294552754
138.63634147946104,70.7277493784081,120.0414497315076,104.27352040822286
139.56355592666924,64.27855529727447,118.32175594451309,99.83450622674013
142.3456153198519,56.179201125149845,118.29526533197591,94.48554611395812
146.58312195003737,45.86550244300379,116.09176696418311,91.19183141770336
148.3604200579434,39.71927045965189,114.45425448860539,89.89399387073529
150.62295001230876,34.669232229407996,112.06316674784344,87.87682179606682
152.1529693952108,33.37558505174184,110.61341850938308,85.88934808499289
153.7110393129969,35.53294447637083,108.47497032420151,84.32716219471928
152.82688133940687,41.67406336894745,108.71597303895972,84.49063363808166
147.91286114261203,49.097540513565974,112.10443823723685,85.39493056954774
147.57730073969492,58.613163702577594,113.0390172950242,86.22275401574325
152.306778801936,66.96077462839347,109.94520399280773,89.78635174418963
148.09264066536196,78.79469714532212,111.21433109603387,93.82077721814481
148.07372218906718,89.46888924051639,111.18609749198284,92.02515792033441
146.01805343869322,94.44888945760042,110.81061858648076,90.30078370686948
146.85217653181593,92.27965286859148,110.39148739046973,87.90115874035611
145.3852066746344,85.60515651083492,111.2849302786609,89.17971688555673
148.21708445271454,74.65185919318981,109.22661295492247,90.26578539780007
148.7730984971877,66.14224967868867,108.74095815699178,89.74963455375548
149.2666049629134,62.918748999413395,108.51621329194666,85.73307390058727
149.40624766097656,56.53660343074666,107.77135172394533,82.92360405159262
149.91776466955488,51.41406030720138,107.07567976733554,81.68828258383942
151.07810891744032,46.26519304278427,105.11335919148657,80.14104640954865
151.885015577571,47.011952696006475,102.95874386927204,78.43485010115111
150.7944714111184,49.265946249698,103.54498356936477,77.41215352111182
148.66779149924935,54.341469756177915,104.15195057083722,77.71865655698011
148.21368722655149,59.39560080168107,103.17392864748297,77.30772112613005
148.58672557093206,65.66095236060926,102.68111733958119,79.15976947311742
150.56070256021246,70.26194421386684,102.21164846844229,83.2998878173835
152.3155524146352,78.49410730445848,98.9546037888937,83.61263072799709
152.58014742164426,83.89216322806678,98.22582881393802,83.19475374406176
150.17849782769156,86.23120017142602,98.18751423231217,80.84642228898389
150.01254973322034,78.1490438531498,98.22985964000465,83.01714361694256
148.81794297696877,74.39669975952235,98.83782315250781,81.74378614990061
150.39964681328135,65.94430229446789,97.34748066542949,82.07805495696267
149.51169311109916,64.37925895778325,97.89966370455949,78.47813064400381
150.24381819703615,60.052794580661526,97.75343721432611,75.60188459355976
151.3023681825535,57.87776687636913,96.7117156612602,73.6597647091758
149.9107117828829,57.67257699984691,96.96249672232008,72.71174602472024
151.80862456224898,61.04970704298953,95.51695192530674,72.1099517587475
151.67932776526823,65.55416283234791,95.1174644645807,74.62658339292136
156.0815183970143,70.61690159252942,92.20172455851045,78.66605338232398
154.8412910888433,78.34768220576362,91.92482443852434,82.47741085702745
154.93696491197062,91.72916693437836,91.75270286648845,78.10528002284485
155.13939419012414,102.3790698063392,92.01981086291578,73.64397525548564
153.9807326121357,104.88289449161884,92.06455101108016,70.44302754508263
154.64662746616008,101.47081447179542,92.23273078545327,70.49652718433885
156.11893688419437,93.55204834738817,91.5025894884472,71.29130430620025
158.29003443448352,81.82995954167322,90.86876841130643,74.97071140981764
161.75615530104548,76.09861697100722,89.38434161958872,74.1701824398215
164.76685896208073,69.96226669610778,88.1316110553307,73.89887664196415
169.99162047973167,69.59787721671769,84.8965960766695,71.45562801285368
171.98006729916352,69.9653308579833,84.22838774054017,68.13603445102557
174.1010321939896,68.96134144222096,83.18402875166926,67.2329109876284
175.50514050152654,70.0924439311085,80.86650427526723,67.32672407625955
177.6187643673937,70.44582265750518,78.89453608454852,70.26486408440371
177.81161964620486,78.14872597616358,79.50287459919184,69.1309995857588
177.75218183673206,86.40945572256967,79.40599094079366,67.81095610857159
178.2822640792164,96.16958233646506,79.62829715895002,64.7196274413277
176.41429901892457,100.39891031552042,80.84475706468996,63.44209330938883
175.95593188699382,102.13937596756239,80.52897790081705,61.19568959319555
176.55961241157982,98.36558892289541,78.3092267149263,61.074898204013856
176.86667425521247,90.13739472912206,76.77917895539538,61.51755368140431
179.29952160559912,83.95494142939552,74.5915238054033,61.847487136326166
180.79426868036643,78.93742676633224,72.12659630625936,61.25141294682771
182.36212050824074,70.13645917895948,70.60780549230759,64.05569492333105
183.957996752925,67.90126308872779,69.86432570801718,63.942163763950674
185.28514180232617,69.85931842879054,68.85478048226173,63.11134971468454
186.09594731434663,68.8082754612131,67.60118093283015,64.89770078655818
187.1695814622643,80.16872596374225,67.03362455105736,59.84861374634363
187.63908129173169,85.76186643343948,66.92076624954444,58.02045658624603
186.11070602131625,92.53227808896267,68.05649628256282,57.20177072637155
186.46195199642426,98.10273397010506,68.53764385871395,55.3606026164305
184.6394693826327,99.65111813766345,69.13535261657053,53.915781302798095
184.78472497658535,98.21178012491946,67.45105785932931,52.588448417153266
184.5134359842556,93.32026500787107,65.92344541430128,53.16962013074223
185.43619594927185,86.29062718122212,64.76307563075315,55.087904573102634
184.87835940795335,82.22141679893326,63.50200921143703,56.416495625766274
184.9477882335176,78.64317587307127,62.146766672613225,57.85634844916996
184.71913782067776,78.7767034262632,61.135622674074185,57.901823860364225
181.96564262084692,82.35051589373832,61.191013952642095,54.99409760705462
178.10569990546136,82.64648563331417,60.671504241811654,55.77659355270761
174.8001707745402,85.35531973716132,61.64433313353679,53.77762651688829
171.68669201252425,89.69850355474911,61.50594947104526,51.41393649401741
171.65207358753347,92.80544699760858,62.164602824933056,49.92935869032971
173.44864031388522,95.91797044565838,61.87383753629206,49.03979153055823
177.7175964697202,98.44833155293239,61.73854363282521,48.559544169525864
182.84543955042824,100.2298583195881,62.64043498605756,48.17469803367536
188.81668283305874,101.0832694044498,63.059337580952814,48.01856556121761
193.66147078023127,102.22910226080391,64.04510043172498,48.54222272448592
200.21504492958894,102.98581451508252,63.38459214765807,47.78767883116308
204.8008495951301,103.16602992359805,63.09761111247418,47.0955219399133
203.77952707159648,104.088613597478,67.25071453356486,47.40297300035648
206.3123202738777,105.25606871291754,68.93514338779148,46.81336306244617
218.15700852950908,106.96046972900763,64.50634121734902,45.726185786125384
226.11924638265396,108.17708884041645,59.7086813069577,46.140390190260874
227.23558989702755,109.34498850597011,58.61092774989023,46.61704508278634
228.13791015346948,109.8169898001914,57.12440247138134,46.80634327559378
228.49597098359095,110.35847253209081,57.20511003477125,46.889729130154294
226.930174991287,110.49582167252846,58.60205236117599,47.065668666661814
217.9488936196135,109.86467315650924,64.4556368330386,47.46706481979402
212.70875481734964,109.83546044872197,66.95671216705853,47.611092042009176
210.65548190946473,109.40797696619872,67.98105888614867,47.624521531469746
211.316156638354,109.38287872844549,65.70293757778423,47.38480101478869
207.52076677004302,108.24037259574322,66.34759609858583,47.340101366130725
205.63020395816574,108.65270178526617,65.5728440367935,46.581360955834825
204.10576477056404,107.5347177788672,63.83630676258285,46.39673570691403
200.95462570008618,106.54660205452744,62.56398468381202,46.55178490461699
197.02144765731555,106.27262154750147,62.425915720525175,46.524794746793944
192.85406557671598,105.33607194968292,62.07340876356021,46.175542868212275
188.26831455167206,105.31067928260579,61.61070976384336,45.75994331467123
184.22397553827244,103.02072110404546,60.6287853736504,45.6269690467919
179.27984547252487,100.55517935123842,60.21667624245025,45.75836993521846
176.49070206707884,99.9115811730468,59.99828641760011,45.08476612070328
173.79338330168426,98.34595287708294,59.568308469873664,44.96567176048258
169.73563231897913,96.53286247759866,58.88873597239329,44.939646138552675
167.33152437985348,95.74654684799762,58.315909370175845,44.50678423369226
166.14156831852898,96.07527187668418,58.08710262075452,44.010085519092584
164.6076676249666,93.75781041297822,58.27003157135583,44.30543935470764
163.68282296751823,93.97608646798587,57.726471374533816,43.8771575083642
162.91825403309673,94.45418010332119,57.3108765773612,43.51105812831855
162.18791136048185,93.60133416126678,56.817353548567525,43.238982068091445
162.33694085858713,94.3005748020623,56.07860546544292,42.64924712439102
161.4019560809345,94.51988950991753,56.047482491451305,42.86122195672744
161.98085843897533,95.43018336062995,55.32064701365091,42.70460520256821
161.5325073007199,95.0326087758412,55.24513554504453,42.71647495320043
160.8629526517472,95.29016989860993,55.19819747970872,42.46656572035827
161.85158536508055,95.41635872676767,54.47148136944828,42.13346906990215
161.44252629803782,95.96410998196747,54.41574391271345,42.2982052069635
162.63585126617932,95.85610718741395,54.182139630727335,42.18871030778929
162.08750186856093,96.88470748413832,54.59474113592502,42.46532624266086
163.77234465049176,97.46984521202347,54.75471865800083,42.44934766189054
164.60524438272563,98.14120118937606,54.384970218923726,42.179679530427556
165.7650339997508,99.18873406704957,54.566642205576485,42.217349981135236
166.2514543121166,99.88229213539958,54.49062164920427,42.27971199384929
168.40841704441263,100.40901441940433,54.723601702190386,42.47223910552729
169.31515973020356,101.0961239569556,54.826269284710044,42.76530213491694
170.26722595316272,102.99513980086684,55.056322629807376,42.60505731232881
171.51761417882403,104.73574245821828,55.250858678484775,42.74316046930561
172.87491281554017,107.18213247335581,55.57231792360717,42.57422687457745
174.59282507239328,109.78685908605456,55.77142688158061,42.463360685312736
177.30572016306797,110.90034817952292,55.909967754918725,42.13684941732135
177.97869484183283,113.11708263495314,55.29731002336558,41.68828956407809
179.72179848860839,115.23148318759849,55.88820539094729,41.16763360038898
181.16647843836887,117.06100842006828,55.261754426973226,40.889015264355635
183.48975361271326,117.70276385809967,54.438293677893796,40.465916985949086
186.34351814805459,120.62907775264966,54.13225386502365,40.2778857544663
187.31953579879715,121.07701090417922,53.60845647857758,39.9695743830478
188.58276357205662,122.19354069682187,52.499176225027384,39.72801565225469
192.2809645236505,124.72530583546687,52.230185210511486,39.390178123988136
194.01557847612364,126.15661245444966,52.25053555263555,39.23757159988973
195.91674041588269,127.17518323206919,51.64956665358619,38.861074575900695
197.52034258534357,128.32090867422463,50.93470240255505,38.310376865417936
199.35479803376379,130.05942068346928,50.325392335792756,37.97637347681142
200.87505550052012,130.37942552937946,49.6773639745457,37.324629776202016
202.93815043032384,129.28844723472224,49.382961224313235,37.07038336258675
203.36091020830122,129.14940634758992,48.939510760155386,36.8087159913436
206.197451661187,128.16301394965797,48.67226586707916,36.64539238876998
207.3941298803078,127.96700738567952,47.747934087040704,36.04405834875813
210.00791283831654,127.84378009007959,47.557019782351276,35.86987390187207
211.72870828132528,126.99564903543005,46.8019218162557,35.16023696331958
213.0130441595426,126.84360174229869,46.462788023688255,34.651572150168256
215.31844326195656,126.73918329541289,46.432861400891575,34.49593760839297
215.506229047177,126.9437509502894,46.24517130017729,33.9811504431712
216.51576851288144,126.82285005996599,45.88702681701059,33.624838210146144
218.78068767529857,127.02688144642909,45.829341202137215,33.29149772725902
218.54814540164134,127.49968379572114,45.37398507562358,32.93208992808896
219.91551275268156,128.3977672343341,45.004530524910294,32.68075337312867
220.13029878711674,129.60912976278556,44.67028011131339,32.33841161700701
220.5270417577595,130.5187310847279,44.292931865340414,31.796720569802023
220.91066308814692,131.62630399463447,44.1109553178468,31.44561893944199
221.53522505275575,132.22202510234075,44.33132906929319,31.060298550201335
223.16328028304795,131.57902802185106,43.20325510773221,30.37279722778227
224.2547089052908,131.85831547522736,43.10909720406682,30.374921783920264
224.48979902711255,130.61137455319246,42.55973910397804,30.312697060607242
224.96240173596715,130.53850292945603,42.34756591283135,30.120671753392628
224.3016291320685,129.7746459825379,42.52921854250361,30.06983340113514
224.305361158558,129.38997698425567,42.68706821022777,30.170317637933948
225.16804649249087,128.42905906982963,42.84434219568231,30.119359887684485
227.20818515915624,126.76780432508893,42.294735028367214,29.781423210173706
227.30105478045004,124.51139694452888,42.15387188441243,29.650408625590664
228.2587932994419,122.77366077063027,40.965903391350594,29.48340965991133
227.95935804726014,121.37558355570408,40.935165741417194,29.44794482706841
228.8337301506536,121.48659243843669,41.48573794088029,29.665929503009444
228.72916349016813,121.42614775016301,40.433610275523094,29.41946353287709
229.97307850505237,120.68613315826413,40.155847994778085,29.27949759948737
229.52155822435424,121.5339573798413,39.86983215968996,29.212679112387725
229.86966538937844,122.14796890397076,40.1035647290556,29.263983456706917
229.24136552949713,122.06117808533301,39.668514058193246,29.38025308226366
229.22379130993713,122.53931558556201,39.209323508055434,29.136197320086907
228.18078615375393,123.43656669424081,39.52725215538278,29.32446792987774
228.17188653601846,123.43754084285067,39.068076903549006,29.073221536954904
227.39483648336451,124.15854025835067,38.92498767780222,29.302609424704908
228.5317097491466,124.51870908370353,38.561046444089634,29.06989689606951
230.4194423465851,124.78456311241875,38.70713581464229,29.125942134537496
230.9310784327188,125.2985397255963,39.53899669901552,29.39968568552614
231.7540893991318,125.64716408967315,39.666259678298886,29.476454291356823
231.78448311331434,125.7946950001053,39.187381429621325,29.08837489236751
230.96759820729847,125.44681908696604,38.95227001606711,28.99832959950541
228.63414813807788,125.5508627649123,38.40264793771145,29.05490593990197
226.06760319077767,125.01216962484705,37.74324210477279,29.227964827454358
223.90847072213228,125.15024465424172,37.10107308210266,29.20813190733687
221.54563473739876,125.14601311774375,35.98819829864,28.687069223496877
218.15719351750442,125.34702509994929,35.655904102686435,28.65163766631235
215.17741739777864,124.7457112494073,35.27359080258728,28.661302720911983
212.85266766037105,124.2952748570256,34.935129461972735,28.375797026671446
210.2572223456794,125.17884340785973,35.21056904155138,28.240373792190706
208.26520856611404,125.00841588181731,34.97637302890474,28.05429708158021
206.4117765627718,124.83307301680415,35.1970691278744,27.80842519441903
204.4283999292884,125.031525600262,35.894977790349,27.867895149573663
204.0446815371725,125.16820661251656,36.092422509151135,27.821675459048926
203.4443649444111,124.13312300024853,35.900492828462994,27.705120881827163
202.57083933345905,124.6550067839806,36.602164411695156,28.09763261123802
202.81209869959608,124.7946718574443,36.43528898996802,27.97298080903717
202.96782216833753,124.64772828400407,36.73828297045381,28.018073400253556
202.96188193957386,124.8945923327945,36.5175279299343,27.87413778314145
204.01909642512834,124.92596471017768,36.42237080941131,27.743613487359497
204.16138364185298,124.65712463442712,36.56289098045421,27.87368560663403
205.0667915762995,124.65609830313953,36.58029166429555,27.859747058271715
206.00101229001493,124.56740488924189,36.414258073778726,27.7162568108717
205.82427119216285,124.61017173012924,36.61062051850633,27.942139755073555
205.71395541031498,123.66789582126556,36.696303351733334,28.00079435600403
206.10576632064107,123.59919379418197,37.00722498811237,27.930221115249328
206.9608353497294,123.38845704615737,37.16900465454515,28.00258877633761
207.92317981648318,124.6687345470176,37.36905632162346,27.985353476765553
209.34018076681764,125.2958673801161,37.61401865435299,28.145302898459207
210.01820608372282,127.57079645689362,37.97008044730047,28.27113444216978
210.51904095737842,129.5559797576371,38.427868097450215,28.656084002792213
210.60986077567804,132.40163820904831,38.78832745987435,28.610564829461953
210.8219654186705,134.90926733680053,38.879849985412946,28.61247271165287
210.78019738235724,137.03427637824103,38.69869184417221,28.688290810412497
210.3712189251049,138.9717964291533,38.52319477918471,28.721224951751996
209.51241070107739,140.5649125901813,38.42950141278665,28.94755976836783
208.89693035365323,141.20650856516684,38.31814643380683,28.90321364359209
209.86214028633634,140.7337263051995,37.7395026914875,28.558006679151788
210.3782912555661,141.1010611375727,37.76783918076233,28.61561911889754
212.59177765760649,141.3727468643546,37.50482206515811,29.035733383107207
212.4951835867427,141.05206147529924,37.96764826840912,29.3550063828976
214.12889589272612,140.45950836985733,38.27073452070009,29.552029708039257
214.7352008806664,140.88134052482036,38.70161819716329,29.66120048112097
216.19393110983972,141.10802652576768,39.096581444871354,29.717807727273247
217.1795994109008,141.79590292401252,39.36215280173352,29.712187377072635
218.22144670546552,140.76623494887338,38.909454916705684,29.681343883991502
218.6464051591481,140.48823352974838,39.95107853668431,30.132869793530578
217.3427738981932,139.64719017036433,41.09288695703159,30.269088592376818
218.9824244613743,139.98374674895484,41.99899537656776,30.202756441055165
220.36062749106424,141.44024412981645,41.93501790605514,30.222027914683494
219.3569669507969,143.76290963393146,43.88394360084758,31.03558972871912
217.05165668623602,148.7700240856342,44.91964347567253,31.557615708126157
214.22756079620805,156.64807318328525,45.700128956900315,32.2494545245428
210.57313171181144,170.0246021781377,45.85255402022478,33.80521916667378
