123.0,87.0,132,176
125.70185566674695,86.147788667898,124.09903524853735,178.553543757954
128.24251843527747,86.78152384555821,120.46442602007005,179.11395426200858
130.16965984105764,86.57014947978965,119.2949576616347,179.70912730995195
130.54527459997496,86.82774180453542,118.64754894458133,179.16141092217916
132.5624410535691,87.09381851193154,118.69207345926802,178.7958834839494
133.443421415753,88.25259678574275,118.57916058646276,178.617975373827
133.6762972809035,87.24806557987716,118.75098209834923,178.65700604727692
135.32111954534275,86.58122447508043,119.50540495228324,179.50735085452663
135.12611600353165,87.32484307434245,120.19411809059295,180.01028699584634
137.96448258348812,86.28178281621435,120.09081022364876,180.0180994066338
137.86303196015632,87.04879942687347,119.83307914609361,180.49200075562806
140.94851865705846,85.46833840465578,120.0559045804143,180.8814994602197
142.64894577585056,85.85958797073381,120.07600981548637,180.67712532806362
142.42503566431327,85.87002680118599,120.80239449168596,181.33398204215928
145.01613610289678,84.86504768982039,120.26118482545647,181.81195784301548
145.5366135581544,85.90549362618026,120.30256634072248,181.53318999373323
146.46677973011145,84.06412086246942,120.84225841087084,182.4626396227174
148.23690742177251,83.35535813190054,120.95709335957999,182.90995024010516
147.79884190696492,83.03522634659659,120.75973806107015,183.58652972868182
148.06606273420107,83.07848083593413,120.82325783237911,183.59657836719424
147.70124654183576,81.9458914430189,121.25821248273476,184.29956232880596
146.22962158549984,83.3110102275369,121.47850096962529,184.1177256386762
145.79836150315458,82.38300448896987,121.69154603665959,184.70615899081025
141.93865167692724,81.9529803546749,121.63502574770801,184.30540403674394
138.78679631092513,81.67970048149266,121.83149771018097,184.54013516982718
138.4714269742422,82.27269563378837,121.61757085620312,185.08705502148575
135.26474582958656,81.15326740341986,121.53898978613935,185.07749839628528
134.72302807446292,80.8241843788318,122.18590185888667,186.2838822188989
132.9522962552072,79.77930238391309,122.23792457942936,186.46495480248632
133.2744155057219,80.70597360702936,122.57360551199373,186.50004009062877
132.4900892151473,81.56357143809976,122.64012186267416,186.67638495583174
134.24510204133435,81.9635901593153,122.70053078061255,186.5985765173069
133.81018533413834,81.56411544343507,122.73442669500454,186.3306924529736
134.26213103244322,82.4189252863296,123.29055727105104,186.73020362655956
136.84505155882013,83.04230128507487,123.33833926517224,187.002006316569
136.48938741833558,82.80654086579318,123.63987750707881,186.9608318426324
137.44111242294778,83.28354072660159,123.89231128691694,187.03094100773433
137.56993344287002,83.2725181837875,124.21206182519747,187.5074538668
137.7480555551163,83.2188755982654,124.28104953429865,187.0657888425317
139.86286231456688,84.1224247078186,124.76176316383498,187.7524650374878
139.4500177288401,82.55981484317877,124.99827997200731,188.17260664176746
140.11456774075748,82.3965533418008,124.99437526067254,188.3132165585859
139.85828049845918,81.9450593039972,125.56420072183167,188.5995054154431
141.08944354501185,81.96770185269341,126.05365685528879,189.44112217351943
140.95007078039188,81.84674771016762,126.33887211109122,189.7402814351335
140.26382352027082,82.01771635483483,126.62042424852083,190.0072308645491
141.0054400427508,81.40179848336652,126.60240116449842,190.1482462949857
142.92489168300114,81.41010003364454,126.877084309779,189.99284924911717
142.8711502610558,81.20049219555085,127.4204192044509,189.50093211280455
144.53741692950996,80.81242728646139,127.9108839144176,190.21266984113973
144.72264807601297,80.02854841451315,127.9063273831303,189.9092117647237
146.39528493853007,80.12642834773662,128.0445741659086,189.98127416390176
147.10654809564886,78.37686260157196,128.01407666026478,190.15466102732483
147.25723437460172,78.33711276131353,127.97826806720279,190.42227105940418
148.93370725990036,77.9391901503771,127.95814700363677,190.5267710664333
149.41002367817362,77.8824126657538,127.7933559639653,190.13318492239864
149.76549360418147,77.79073577317067,127.62239413929333,189.80213441068992
149.79249422822818,77.71996403087878,127.53555597713742,189.43494986792993
151.32341761431093,78.14380512402299,127.3799592049719,189.43181113867277
150.877951940132,77.56217012128516,127.375687916611,189.32072811680467
149.98991316794616,78.4033648871854,127.24160921098272,189.43466426859794
148.66966387276625,77.3441102742809,127.26516444196753,189.28547329909446
147.43368547239265,77.7580924419453,127.48840298099597,188.99181072157816
146.18477809757832,78.45088470986714,127.5734980040621,188.79220030682822
145.6049093062809,78.08114295184198,127.91731761790697,189.45075120569103
144.39017612311238,77.26024724788368,128.06693779283773,189.50752064095138
143.36462174274348,77.89201444742699,127.99622038170054,189.11300479655227
142.53919423270355,77.22879736340194,128.22819112443662,189.38389697241487
142.11518609334345,77.39034076162898,128.2585194148756,189.53364953142955
142.11601760314184,77.46859903526638,128.33003754762257,189.854733081811
141.945387830367,76.91113434010188,128.19351389004723,189.3423431362025
142.11343173398186,77.23234221237342,128.31995049688004,188.78324037994065
143.44709521660639,78.17079588608777,128.25467431288095,188.59249025907445
142.54211454836087,77.83979770852218,128.42297305171576,188.44882255170563
143.59810082633365,77.04401129253213,128.25527539811395,188.08128893837323
143.65681213489978,76.85219057681232,129.1462145973879,188.19723017450036
142.85816597790296,77.05881743405402,130.5849986106003,188.3952435498607
142.48029329763747,75.94453419812106,131.23667902972505,188.14743062719538
143.16637161628458,76.38987388480007,132.9345297166496,187.94583816789986
143.27655966034305,76.00971706356654,134.1802791168139,188.54105171271067
145.10286714827743,76.8993116871985,134.57600398469518,187.93312711388424
145.3948567512666,76.79108210530165,134.99464929043558,187.7457166487717
146.2247871254982,78.18357238474718,134.96222994822233,187.75870972269314
147.46913506805117,79.34601958495045,134.8470692193664,188.11820252931784
148.51232856441015,78.93169220793715,134.40081894539844,187.85689146303196
148.70461458221797,80.93577889000173,134.59937679259534,187.90090315749654
148.54464690830775,80.70947629412237,134.53723206229074,187.61510502894276
150.20555996195822,81.28560736480247,134.68061591592732,187.9648570477388
149.89584016537623,80.95102448464897,134.57453060674754,187.7298480033583
151.13427067075364,81.131281042756,134.66126822880523,187.59040422308175
151.62647391773348,82.09895931938934,134.7938661293768,187.82918097059633
151.80576978932658,80.95218355582779,134.7691366908781,187.41710505631318
152.76643931913478,83.12010230754254,135.0266306390742,187.55801315835242
153.59048904346758,82.20361363082525,134.69109222556486,187.004271761787
154.7332753301249,82.7230120959417,135.16180627334396,187.71065305421035
154.15311648260726,82.93363901401327,135.21219965197298,187.79196269462972
155.60224855404542,83.8015441633244,135.48391841925292,188.4480591342887
153.99224339557526,81.09912598656408,135.24531057213076,188.6576440229656
153.7857158246493,81.73435977991124,135.43009422960768,188.64517204174
153.9875549420301,79.9792919526947,134.99180906125233,188.93149177820436
153.1875017039452,81.03787676315999,134.6909145608596,188.43236414946128
153.04928577407435,80.62553984539764,134.3287966159138,188.08339296545472
154.50351173086028,80.77716171828092,133.21844040546694,187.0114114267194
154.44425579427093,81.2019754974726,132.8904801106769,187.70182293083604
155.3699062563118,81.30517940229325,131.82518992878266,187.06914558994475
155.52652686930344,81.67085195386404,130.80571090983062,187.8575148422719
156.10172557072957,80.25167846632465,129.8460483702596,187.45776367281945
156.85046874973952,81.31929269802943,128.6388452153647,187.81136577581614
158.84248341708098,80.85645281414656,127.37564107599428,187.89060999670687
159.60283477859753,80.6924719490091,127.00838073577367,187.7180834457318
160.62047754575406,80.2920197842048,126.43366649052314,187.27979099799666
162.61213484522233,80.17707309108474,125.77475374705534,187.68564873970553
165.29474439360533,80.16054367721122,125.19804783388311,187.9317812979213
166.30400169555617,79.94924330827929,124.93386672607517,187.56922578578516
168.05305744171753,79.7184573745701,124.1397957610962,187.50052421570356
171.84014263338895,80.24809168451324,123.25874061212834,187.34189036144227
174.25290860827386,79.43317196993266,122.97007389673351,186.91789678279093
177.3117363076907,79.03839360303377,122.12878568539989,185.85216787205746
181.12586814624132,79.56956876958378,121.15561234032984,184.43581363270744
183.20478777818255,77.59373312998751,121.22628870144743,184.24582231424372
187.80890956205974,77.59307760326747,121.047586149318,184.2622700864338
191.5885668147663,76.90589862404826,120.51372330406117,183.46664513471598
195.8872252367829,76.9397643716911,120.24642354987168,183.0252564128678
197.6806003556062,75.24982030129458,120.23590622238136,182.66088185834835
202.687376497998,73.80563388106799,119.65649700400398,181.48016290192652
207.86248902761164,73.22537009683538,119.31933346821421,181.04669632976675
211.0759758486691,72.5944698758357,119.34005269719304,180.69637518973485
214.96392911005714,70.98740856416629,119.61688054941698,181.01444068416743
218.90236690671827,69.46962960084709,119.41120856937597,180.64033064205583
223.87671619731137,68.4067451447942,119.43046653115852,180.4634872494741
228.9483719638545,67.25114575781663,119.3167570488535,180.37881199999174
232.13247172671853,67.05293723738293,119.30750527703167,180.30275589632788
236.1825995239208,66.1093742355028,119.19284538575216,179.19037018133815
241.40296790036297,64.97876278263334,118.29544359380533,177.94976203238957
246.28655038214623,66.45153124253584,118.64033917711382,177.87275538602208
249.75396312927026,66.30510152133145,118.25006934692823,178.11202596124335
255.15731754510597,66.45516982110968,118.05737418713184,177.78887910778064
259.54465331973887,68.94140413448635,117.51536865349098,176.7122845044648
263.72363358364186,67.86831435804838,117.73083341865379,177.82635956515324
266.19129290719576,68.07390541077656,117.65635461529595,178.51197921750938
270.75868954743675,69.5919314979347,117.73109502622029,178.96329276584936
274.7804178044514,69.36613214356964,117.59272884422215,178.50803112301696
279.6433723890997,70.99997456064094,116.62432699914436,176.96336874981188
283.7488356891173,72.02516517851042,116.5935151452029,176.8886955218854
288.7984291054928,72.77964648552845,117.18640594917062,176.6870449195681
294.67456878784765,73.34479376904406,116.76585265867972,175.70439439550563
299.2703576931491,75.10835264764944,116.97765619573303,174.83743288829487
304.30913780174063,75.483563626561,117.31598953323748,174.783605168753
310.07688542158144,76.2458641388098,117.39029653964967,175.2068801208179
315.32944909728417,77.15472519787167,117.5157233874629,175.4790627878504
320.47431755097324,76.6603752225246,117.33743667539727,175.0243423283883
329.1249375377236,77.49392648960324,117.46557902611528,175.23687846610602
335.39579469139693,76.72265301023477,117.89755856642489,175.17059974124922
342.0814680527136,75.9871423099203,118.1386996367603,175.35487797781565
349.89888727261336,75.52791731381153,118.5860755524295,175.2337771887832
356.22079608845297,75.46074349932539,118.63342003012528,174.93599591150547
363.0814889515326,74.49899347288158,118.40922668677857,174.41009410892434
370.486651471894,72.38731175100375,118.37838162652446,174.437412630805
376.70898531935063,73.49327257838353,118.74023248629874,173.6066555268267
383.2305182646753,72.91377976010298,119.40956893939932,174.16389555791903
389.5693288456214,71.77223069580889,120.17750441813229,175.19412503416348
395.04023356142477,71.867024111653,120.28171549433796,175.1955172063815
400.67007297774427,71.14114565278453,120.61487113435521,175.4018517608372
405.94159775037974,70.60278317393157,120.61350860080304,175.37084966776186
409.5166608813577,68.23278150669238,120.86462745603451,176.0105722405215
413.75818715302546,68.27587925362823,120.0288527447303,175.50274588727478
415.8332733337337,68.32247742238636,119.25697628175132,175.5315588271023
419.51010326815344,69.59745656040619,119.02227393244314,175.26266744559388
420.92563759505964,69.25578108182647,118.90269209503701,174.9344217230658
424.04561139572274,72.66915181296088,118.80550572417948,174.48225301470325
425.1961334081247,73.24654009723378,118.72461550796938,174.7450179500637
425.6060873928531,75.10416247840402,118.55723439398128,174.27092309006696
427.66477383606735,76.62080604994017,118.59373113645904,174.6765397555884
430.57042201386366,79.64814794356397,118.75380929258523,174.97714161287206
429.1596521272,80.51058537787864,118.95401117528752,174.84546742783647
429.6626511532191,80.52622574905573,119.05024700996806,174.78873502532605
429.3540927368908,81.52161698823559,118.80084772934342,175.30246914852881
429.22936722101423,81.44751229823838,118.8473568665653,174.24755352852324
428.67111140694954,82.61945211487749,118.41821419781974,174.68913532102627
427.92968950693387,85.05078913029593,118.36211756816357,174.88682505972065
424.2426990536007,83.63527361271204,118.73060531076737,174.32356898551342
422.90066382412414,84.18122450800816,117.97845750800172,173.56571260507744
419.1514423409618,85.26347875959924,118.03781356026391,173.67293261752027
418.5939291038784,84.41822274610213,117.73590888208702,173.3458665195145
416.77406011770586,84.71746647026941,117.86472156146327,173.85620475477367
413.1927360930194,84.596499911786,118.2195082827112,174.442742363928
413.8894090296797,84.13865802050182,118.33965117892186,174.7286043691526
411.64643094347235,84.03307312420374,118.51676946071152,174.95820677893627
410.33375158439253,82.11906206536455,118.31064624527741,174.7230575098959
408.4483810470741,82.95183069704278,117.7646148589767,174.8128303051332
407.0352054315867,83.59608860869636,117.43685232042037,173.81490286073227
406.1309485979373,84.51565836168234,117.397648702563,173.92528728054157
403.33294197902967,84.38174630252674,117.8270359638157,174.43548200432153
402.798487303883,85.27694359612133,117.74274707192143,174.45075147963234
401.36093431045424,83.98877481548386,117.64104641815408,174.45671550575102
400.88468681301157,84.41617070430601,117.35336807319561,174.28936269295048
399.7488863194812,85.35396611759681,117.10885577900633,174.32362294058763
401.4898275203619,88.17243891838065,117.31813548661991,174.68142831558245
399.3676609867139,88.92206253154242,117.5769338859472,174.48961517129015
397.6101236062525,89.04867024786395,117.49911313905754,174.77784260974084
397.52952960406486,93.5538393428838,117.95180504968278,175.97575637282614
394.86721403912725,96.20614374433508,118.58576235143306,176.4276172964861
390.67381852914724,99.5750401425309,119.42128384014302,176.7105154180632
385.81226599643423,105.42637824432474,120.67161058525653,176.86526108947552
379.8517103016422,110.21635936840111,121.55610088109066,181.97560645851027
375.7577770924442,110.05972902912424,124.54554200651786,181.75700678550152
369.27838520477303,115.46667259691479,128.2800215826414,181.98437941554542
366.2802315551425,116.99475075884044,130.23690017096501,181.38940473231912
364.9272560610908,121.49880351514213,129.09476766297462,178.81428261815324
367.9274747578394,123.80661229243142,124.89547773041505,178.05987111826215
366.05173706864866,126.38161184990417,124.58304930020265,177.99080462050415
367.7139816575452,129.10714538329972,123.68537897006578,177.2153356982443
368.09204672952245,132.66518146479473,123.44646074017385,176.01680503916054
366.513177549224,135.44802155090625,123.76307361248949,174.44703551146875
363.81900002323823,138.8097924305683,124.49798628164851,173.78281992401963
362.7523266278876,139.3623234377311,125.46049567000605,175.11830966750654
361.7023812458016,141.1272451639046,124.1366193443344,174.77804141047204
363.53634796252186,143.45258625968722,122.07635192651884,173.87912923843805
362.99232260002657,144.9412898017972,120.59604327650936,173.5969125839056
361.5793176853471,147.077412525898,120.6180980277433,173.65511147164148
360.6440724196809,149.2657460755473,120.66705535595065,173.2331562864054
361.0479056808511,151.21254190216908,120.44123697814159,172.7051041839431
359.86024505658884,153.34336380782761,120.17092834385356,171.92124357575102
359.9954748492914,154.9389239653701,120.10920899282351,171.90199826066606
359.7932606127169,158.1159746693701,120.67806617690992,171.7197108175098
362.0517760138137,160.7119645867374,119.59267599971633,171.20308498668143
361.3310908799336,161.92414402124933,119.75304040810157,171.26230766062636
361.7991788863678,165.1779297343737,119.56607093820182,170.99167471094012
361.1296580482704,165.08807033010783,119.98732696986546,170.62903512103435
363.0270543940751,166.82160073817312,119.42733652434984,170.55345379709124
363.7095239315653,167.99769057475334,118.49678465640073,169.72855683877455
362.71714488858856,169.4555893093438,118.19455543766668,169.5754546820937
363.5860710085534,170.4906869390996,118.13407136179939,169.35059633664454
361.6909230085316,170.51654209061473,118.57378142434305,169.1137053695518
363.07231359838005,171.39610837313813,117.59933032277115,169.0271191912237
361.5261921671033,171.91320973551768,118.04331879079336,168.83410298990214
362.49453647269513,172.6572071053203,118.15454277726602,169.3197410627969
361.60039158057424,172.38304433913044,118.19631156541406,169.2707765561141
361.1015129758405,172.10786645273555,118.15415178269402,169.0650288132789
359.0015218981786,173.28045810517807,118.3004230005178,169.07616875058136
360.5618901296549,173.58448646499534,117.97485255319017,169.31485275360308
356.9212081836289,173.28257779401525,118.36607972649225,169.566802419782
357.704931949145,172.8011424737938,118.11284117983502,169.60035177116245
354.32141598215486,171.12589431301575,118.20573981303403,169.83469819037475
354.0551011800334,170.14280666629796,118.22713894852696,169.99252387443534
353.2840528715015,168.7754127778096,118.25696749918447,170.01472620219326
352.2774675080434,167.95687707056777,118.37054105813192,169.89459546823943
353.40986831228344,167.06337657326642,118.75539765277685,170.7296311308109
350.1745008723364,164.93897105178434,119.05077852876465,170.5988645370563
349.43967446932834,163.98492318975514,119.11100750665577,170.73724590564595
350.001771501975,162.26658733839378,119.10924996479997,170.83291419039995
348.09423206701746,161.80805141673957,119.90272238940257,171.31883368995835
346.4259613454882,159.51714297756445,120.0022032855861,171.46211297065233
346.03688862690274,158.8460930742051,120.37238973838197,171.77613660549608
342.6493082505657,157.70382982797696,121.5859660183998,172.5920962034211
340.7875850524218,157.736057552413,121.81087725843771,172.89409583267403
340.1525454987524,156.58790322250428,122.4615105649953,173.6442008792102
335.9531398031369,154.8755847356603,123.192048030445,174.8907372669606
333.83245743073246,154.85630754922596,122.88165496275381,175.45944300701683
332.5283331355476,155.41384477961589,123.36740599452978,175.97248133920573
329.11852938739906,155.9566216244858,124.37237726035809,176.36092667290342
325.3920329164456,156.22935654111498,125.26818026085876,177.25271269902004
319.55995927090066,155.21643338697623,126.26802091132367,178.92669133151628
315.75596583726156,156.18961849274547,126.51248238797693,179.9289295184153
312.1074426445979,157.08608164723532,126.29536861705422,180.80140848287311
308.05723215979623,157.989747385096,126.68399759447003,181.28582505402676
304.24051818740645,158.22884242195258,127.39207153534335,182.1727472850011
300.5777810839477,159.50345951468893,127.62440609382341,182.81156241593462
297.81427554864524,160.0858997011868,128.02244987927196,183.1772606562201
294.31738469391985,160.6842080216125,128.0288658660666,183.9820478239625
290.3617257045792,161.2232670431191,128.2689802314666,183.829649995793
287.0618826485727,160.1341114555454,129.20014827707337,184.6724509170342
282.9418685772208,159.74198427382157,129.32506411508965,186.1556188547006
278.14541139760513,158.65889215245997,129.8891088454148,186.46663952320506
274.96472812547836,156.88582166381863,129.88182304591825,187.06856663330024
270.10642493893965,155.20010367380917,130.38968918462075,187.08148210550664
264.4139858751788,154.37899497594339,130.7032782496424,187.9442195207695
258.36702034246537,153.09270905443293,131.47598128772555,188.63519956691536
253.36558449607412,150.80886053198597,131.883882277383,189.19648792040306
247.8089892877353,149.48172061985582,132.1109032604669,189.71411002981958
244.06759624570452,146.7097679123315,132.57824744999724,190.43355255424325
239.39610241748522,145.3006480363438,133.17269995018583,190.78755890778115
236.0796578924688,142.7595972599969,133.24455384396867,190.95962628078743
233.1572942421304,140.56117669949208,134.05302626183294,192.06844249945334
229.3049429825489,137.80077927741928,135.13193532396468,193.51105130844266
225.35071796764117,134.214632727358,135.89792929909262,194.04430632262773
222.3920749061856,131.86735923525882,136.7911675704413,194.54970535760737
218.34832069102285,128.38525683630314,137.93366867654805,195.66240869067494
214.21537426353524,125.70448184492189,138.061316902617,195.86764763828123
210.69134628081196,123.2832482217647,138.6808450360323,197.24606459162686
207.57236645610263,120.47809395998368,139.4296689432635,198.69224958003264
205.5129406879193,118.84352675749815,140.56750241322388,200.36330048890994
204.90913425750682,115.45032426316774,142.0378716217051,201.8598495205395
202.0756559908785,113.47193554077958,142.49779690496177,202.36344093015958
201.09925012198343,111.9744328628818,143.23948803728314,203.36223046564265
198.56672924705524,109.72224994558518,143.91475927932703,204.5349312611734
196.62166404931395,108.85098076703117,143.66054153027835,205.12213514562515
195.17818625612222,108.41146023687313,144.48890336666184,205.018693295785
193.2350063452954,107.99415432268862,144.78236768050294,205.40829779993527
191.63899879217723,107.39129937093904,144.52742233752053,206.13500379718442
190.76043033099327,108.10540816155556,144.5235118966072,206.05242830579513
187.87536015242551,106.21221000337522,144.36414785921147,205.76393448543706
185.9732647840576,104.00307072039627,144.14709836157232,205.51778434045747
184.4062150996173,103.8429047413681,143.9332973398279,204.9789854391388
182.1520156656232,102.7841561222483,143.7552948406286,204.84532300940964
179.79516650418006,102.58272373340611,143.33087060492113,204.28029227928153
178.1986294504211,101.95084639288005,142.84108338431403,203.8027749876774
175.57794151766132,101.57339715391164,142.25006178889612,202.99749280155172
174.49815604049078,100.09296585020186,141.52602678620593,202.67918060428377
172.97342620483627,99.62457309139072,140.69145325438996,201.85705498909357
172.04093617853965,98.96880979270566,140.08713399057697,201.68902836380744
170.1223137817773,97.66332038635841,139.02520886222663,200.57967026243944
168.9996646337341,97.47959513949023,137.87945491221927,199.5148697796133
168.54193461420152,97.20279441492598,137.10405801769073,199.15813187327305
167.3475415500336,96.72733192160504,136.1031957085265,197.91459885210242
166.24193817591706,96.42490263145946,135.6574810700409,197.36143741286233
164.72114975411762,95.29359400580617,135.660788870671,196.61727976182516
164.00286774613335,94.45683899208186,135.15435972257708,195.7160827580238
162.10231845965734,94.065386023606,134.6310564400603,195.118007249663
161.4709075826359,92.69095224490258,134.10823366285317,194.46953593988235
159.0936594836277,92.3761549324243,133.5789163843071,194.1831149398389
159.26324168614437,91.55350968273962,133.05286233083626,194.50253873998952
159.15789802777502,90.34015156194573,133.0932005264812,194.6201729503273
158.2011212846577,89.4929885156337,133.03006944240337,194.6182710156076
157.97613389686913,88.85813014930366,133.141787382043,194.69859565842393
157.50374446392348,88.0760838910995,133.08443001746554,194.63781024514475
157.5145023788681,86.52766520253353,132.98082190242005,194.5367716457142
157.2100544142849,84.66273244135708,133.02447124955518,193.3972524024421
155.73669300804386,83.34393542959884,133.55859640578728,192.6579543361148
155.77975992934662,84.26744131224044,133.47551432099425,192.45028583255038
154.3474204221421,83.10917665108582,133.13139206587203,191.99703976423461
154.23460371886387,83.21791348734493,133.0705874841473,191.42525700968514
152.91313304519872,83.66495387077904,133.2451450424151,191.0206781959419
152.5595797866594,84.6981178055798,133.09855282902495,190.9373825529029
150.9436260435305,85.75711690260658,133.26716685825153,190.20109822603683
150.08985594045066,87.84470311782823,133.53195804097368,189.6587993307498
149.39876302982702,91.01840587357403,133.52864581534595,189.80010231535195
149.8464140607411,91.12370455115524,133.48875146836156,189.86965632737702
148.24021062734968,91.80613805833033,133.75822620623813,190.11489673490183
148.60237926281854,94.03676961448457,135.1842795603004,189.65094807571836
149.2436181615077,93.87525608768617,135.9553906301096,190.5951299144714
150.58350957403493,94.64837374923425,136.61032460193013,190.4967095327815
150.80874231392664,94.7437647294307,137.511238516678,191.2498972989511
151.03796401873757,95.97070326392654,138.78344696252486,191.70593233933442
152.3129783898862,95.18971535833631,139.2939040600713,191.13558393176487
155.16805880535316,93.99564231795515,139.5392486002312,190.9707514969022
157.76562796000266,95.14573936445979,139.53466204874468,190.82998123201793
159.36333669126023,94.71391134212898,139.42078755497954,191.04922809699204
163.37137280854375,95.17742038872163,138.79906346494377,190.9632134217755
165.3910525279207,98.21584180084835,138.86431828400237,190.78297704283455
168.98360584830127,98.11574071654616,138.40443136980372,191.6139775512827
171.9800812365312,99.33321105855288,138.0870177027189,191.673360597738
173.18554465976615,97.32814682886195,138.3887983757802,191.7813284125886
174.4055943954134,97.39547940017454,138.22408952948572,191.50011785980718
174.23302240309684,99.99692312547572,138.74129161958757,191.16600482326731
176.2652989589467,98.38125633057004,138.79655051960663,191.30523636229742
176.4183615444989,99.33992688021308,139.2476885320959,191.56782690363633
176.14188615306625,97.20119293088777,139.5179855063675,191.10054382572446
175.146661587395,99.04458953803743,141.50892291896,191.5961846934564
171.08662550796066,98.90116446530789,145.92690767548493,192.11960710454048
169.70008095509522,99.01628754501786,146.46549971090332,190.90761045683928
171.380016004658,96.42498469795515,145.75748508052777,190.16803597518344
168.2462077914907,97.01634836280826,146.68208392873734,191.56935405563348
168.30166069670088,95.59447864017434,147.65284315737946,192.52216332512006
169.8951963540108,94.95157875924872,147.61396520213466,192.3212687510338
172.8928364553583,92.78653425526574,145.92056488225214,190.75859652853103
175.49715759711125,95.94099603946793,145.777535391715,190.94454600700163
172.44303107267325,95.56980610158587,144.5936741827785,189.4056148476095
170.4390048884827,94.71472041675989,142.36448289881585,190.48425545554272
172.61542951843478,98.08894071072419,140.07102084594294,191.89298039495787
173.631741638334,93.76394756725458,138.6755426022382,188.6811502756471
173.9419096941716,94.59254640678803,139.2514345179068,188.4349633387677
175.06203242884646,94.62545545357467,138.6206861188696,188.4968307920694
175.82842476932183,94.09398056687414,138.47657331291884,188.36251494047048
176.11288138093238,92.80977912403726,137.76911028501024,188.06421860739422
178.3425412856909,92.70096103872942,136.39694867861814,188.18596854754117
178.6913198804404,92.20509368507415,135.00481141099422,187.0198663407892
179.4839663757777,92.28949163144398,134.44899840078833,186.6063805066433
181.09770742016912,92.69715672961462,133.70784443700552,185.94443165795826
182.8907670472029,92.2580190807129,132.5202237180942,185.5540301979492
185.4987204995166,91.60738635919111,130.46563273143556,183.89252708630528
188.1561333867262,93.1574235598437,128.84032111717264,182.29287993109384
190.86017207840726,94.04681001601293,127.89720955412298,181.0261919796929
192.08060707013084,95.7069745898774,127.70127365270704,181.4216221093077
193.34178918701684,95.6227330183266,127.11836254393506,181.7434255649093
194.26148070529308,99.15838210378607,126.86174317925756,181.77057710102162
193.5828520400845,98.61845712736144,127.29541652529971,182.41091289371462
195.63592314512178,97.94908348655176,126.73523378788144,182.74642531205274
195.18085368563823,99.93033402844874,126.71745522637977,182.54332364232127
196.6755108348309,99.79072416131413,126.24156866236947,182.77414249768424
196.46652065795845,99.79486008076309,125.82660223877059,182.14898833456758
198.12181976570253,102.16880207650445,125.56348937484498,182.64536703839735
197.89744942168215,101.68230177286289,125.44948592226069,182.75130221599298
198.25889057826103,102.21895777800123,125.55808554269669,182.7365839557163
197.99666491688095,102.8837192173768,125.54432885764433,182.50581595977766
198.8728714572222,102.00466228568669,125.21073901914934,182.54231117081412
199.6070216629175,104.10515323607957,124.86957483822749,182.52419059815335
198.62953830382634,102.9341850936416,124.84822319703484,182.2820204377168
197.75511991628235,102.37657790201538,124.64143253071657,182.30507173503173
197.53092490489885,103.28059285966421,124.6044099558273,182.73245441739033
198.18127993424793,104.37138856921032,124.38878290494162,182.48744747095435
197.549898547705,104.64996238491491,124.07696071708999,181.96765335517017
197.97114615292045,104.50341354280289,123.58743181525283,181.96033600033172
198.2791760088727,106.31553217991137,123.27380130256714,181.9769068315835
198.70360782620344,104.2405086458667,122.71338981634312,181.8410041926416
198.91667173066054,104.29524980446726,122.49661259336642,182.06782558637798
200.1549477250911,105.51873163146601,121.9184981045053,181.22279064331798
199.14429179043384,103.61103281992247,121.9283963996011,181.08872537578006
200.39170406664346,104.21946044508468,121.40921881983806,180.43363770358064
200.92787134829175,105.14063296910658,121.44815134638526,180.71397331959935
201.66598806306902,104.46294631543216,120.87688617854947,180.18189545507317
200.37788521716328,103.48065399210954,121.05685163598596,180.46752502359342
201.06306663873553,102.76684231093822,121.14620558971643,180.67017279999857
201.3953459421104,102.97110707420651,120.77077051812296,180.36155782424322
202.01723596075146,102.21010648481825,120.76759106677832,180.290114178801
202.4046379880581,101.95430205273564,120.61735976607127,180.25509218359122
203.29362958251926,102.58016506745238,120.4106046044927,179.98713080259523
202.90934988057325,101.53297215375216,120.39510639119729,180.12710989171444
203.23724650470405,101.2722064935532,120.37633706871692,180.2353721691436
204.12050934119355,103.22909653457145,120.19178161058161,180.32958769257584
202.83127708477107,102.09558068496426,120.52366409217662,180.18731763397773
203.84497673804373,103.47967489409257,120.2927735746938,180.14709552431486
202.27925836004297,102.15972707162055,120.38203503772655,179.89606099347765
202.30041802244392,101.63615160323496,120.52770399417463,180.03152980134257
203.1904429342858,103.13484999525721,120.23105260799088,180.03492647432932
202.08995528821742,102.61180868020024,120.44295319309643,180.23426838178702
202.04184362687872,103.36780338881978,120.40019946499255,180.0975841403292
202.3974464381775,104.79534696708018,121.02297821739502,181.0487713978709
202.41537699041814,103.37954870217739,121.32482463244497,181.26305835736397
201.05592895465483,104.08240478389214,121.58174560631532,181.1334082056532
200.64117361776917,103.78802535269436,121.91748186602416,181.35339265398628
201.2771131579678,104.7287718029867,121.78696020750193,181.66190219480785
202.27772001715496,104.626766907713,121.85953799303381,181.5629945048865
202.6749995797992,105.53122259110151,122.11234214899538,182.39946888029698
202.39188799359187,104.68373836668141,122.21579676672249,182.75764533694968
201.11133294027954,104.31025746818051,122.38158216631592,183.07467549332648
201.32951685541843,104.71147482156996,122.58144480478813,183.19930377482882
201.30163834960993,105.30337299448172,122.62066128906137,183.32965537822406
201.77352736386302,105.95994008302728,122.61175874883644,182.91593526363295
202.07161434227214,106.43801455482574,122.32777961623694,182.57544794112977
202.17831894808,107.21220157185151,122.37035184993373,182.62924675864073
202.19403527446778,106.7906043200832,122.50865796668946,182.99917466061484
202.26381951309676,106.66590368287893,122.65223157927524,183.03757739986713
201.90401101489815,107.35968760286778,122.79231976707871,183.67210428645194
202.27622230359304,106.84252531040872,122.59751877172013,183.46344791433881
201.89642384803147,107.39364808278081,122.5886830656558,183.51079953756337
201.91670476282266,107.41742908533634,122.28994252513593,182.90061546213983
201.1570062770624,108.75590821827333,122.32716176228146,182.78518063376583
202.59893155781106,107.51534852770376,121.94990299765917,182.39508419459247
203.15546189686762,108.36081902635357,122.18376614767104,181.78879895901161
203.36987280050647,107.98565695869115,122.26440478961206,181.6477046373052
203.95285761312465,109.45467505383152,122.45994639484447,182.05097704077446
203.31811447307172,108.57936351819862,122.46087798745032,182.2699228659465
203.02415835714686,107.99582122680638,122.40663934039378,182.44097473388723
203.93412408399024,108.44915063946038,122.16983776951949,182.33515819373548
204.7045722737996,108.93915132782003,122.2162826984945,182.4227837701412
204.7969958899945,109.67571958136142,122.43060538797977,182.81836064196466
204.47336476920003,108.618062990391,122.24003803972494,182.661334956718
204.90142943586608,109.89738971311051,122.01958985873657,182.76595055424772
203.33100435258487,109.60610840980053,122.16489559170525,182.9417748796177
203.65313992247354,108.54107229975523,122.01055365114665,182.51001848642704
204.63835795617084,110.11606199044115,122.02235635328333,182.7761768003677
203.98602945544363,109.40547838617604,121.87846599145651,182.57606715342916
205.62672088496836,110.04441515053921,121.75412658943827,182.31741969892158
206.65720534009517,110.5020839077757,121.55729342137212,182.0618722235111
207.3953247682253,110.2058244525015,121.48724352995566,182.29641994265324
207.02016230103658,111.24511125251124,121.59364756589561,182.47022671372753
207.57714480244323,110.24116898098481,121.44171869589482,182.37697600287413
207.8906415133842,110.97040615501604,121.51907097713783,182.61039618606168
207.79120936206218,109.7867615859935,121.63981027978188,182.99953591004424
207.9132420868445,110.61335662390968,121.28051045521724,183.0190753263994
207.91892614369797,109.32127012852273,121.27848072041655,182.3738781999858
208.61346310418833,110.28605919596177,121.2556787720921,182.39589918620146
209.8927485706002,110.93473275163942,121.30507903067462,182.63260969203367
211.37896487515366,111.02964563318389,121.10498528875516,182.45792064769472
212.01797700052126,111.380691235482,121.30334043255122,182.41726743137974
213.4313684633944,111.75149111448832,120.75030018258623,181.94910517336712
212.56673611979153,111.0502357977847,120.71558781901072,182.0736006700556
213.08760086473478,111.54669023315125,120.6593319619367,181.73334072510374
213.5900718099814,112.24948044171637,120.90200970034968,182.080079643911
214.44554437281045,112.5109262842922,120.83046887156661,182.43963424782186
216.4436232351492,112.2622118034192,120.81050743595158,182.3766994400366
217.88326440647802,112.22615295162271,120.44166210501268,181.80129517097333
216.80987088789556,110.95322002497514,120.61567082186514,181.92363807504972
219.21158117342293,111.84053256770332,120.77044116877912,181.8327898450621
221.94311165644078,111.88818421658338,120.59900617930595,181.99127072698948
222.97290604574732,112.15226170768767,120.60991300616163,182.01139455337466
226.18567020717734,113.20361795767715,120.70379386298907,181.96318644792694
227.8557617585069,113.83090441426826,120.96315910017367,182.36944117146348
231.04859995315257,113.1254680429717,120.83590556244488,182.2379555156191
234.23555420112382,113.70962009444537,120.96376708603364,182.016733932203
236.37002211732863,114.29218616356921,120.89050996456146,182.25071068067408
238.95414853529965,114.4714148398619,120.77151249971321,182.0496019609012
241.12755187463273,115.13472340780737,120.82399781323451,181.48214009844776
243.1491256263184,114.96031444273807,120.7952546067382,181.18728127077387
244.62128206209766,114.66140830128545,120.60551937189842,180.9653914052416
246.9526671484541,115.51534590000276,121.10003679684179,181.595650973432
248.1652408274966,115.27512087019593,121.27163016141306,181.62718745882688
250.36001365530498,114.78072618859365,121.24499954485879,181.59376002515646
251.8610596648611,115.71607059827959,121.25224590465282,181.54277335422208
253.5367201449278,116.70752195122927,121.32420375311315,181.44042484754146
254.79045493880506,117.24252680160416,121.25649246613986,181.47850840851044
255.69537487527327,116.42355830737286,121.33263892132848,181.27373299462928
258.9504572438274,116.99126883857313,120.656153383439,180.97418839707248
260.12900884952256,117.02390494722293,121.00687487907987,180.93961686336664
260.9320797578059,116.0538100581805,120.96927554298185,181.00120556723274
263.656890731553,116.60863138686352,120.96197537283152,181.0021586129917
263.3417304823007,115.60301908269079,121.73066257055484,181.39906437368091
266.42006433670525,116.012565321242,121.20143626799579,181.1620031465785
266.2359839715009,115.603631859882,121.5183274671545,181.06794379976725
268.75534864516254,114.69980496049718,121.70597751436242,181.43486273525565
270.9560171876061,113.67231784333376,122.15486015603773,182.08938530942623
271.30422353012773,112.30861268307301,122.31080342802574,182.20687131354148
276.1095465635123,111.5715073028118,121.41066761516288,182.3491728943764
275.86349550466406,109.32957160220549,121.86517207660935,181.72165513543277
278.5756995721769,110.06000331692383,121.94528054314614,181.89989082708985
278.5402027365487,108.45436938695667,122.1628806597151,181.78523095264916
282.5467596418147,108.79529426056146,121.6957263218394,182.08537583434583
283.2979415624561,107.17120400512178,122.25628972665022,181.9578239233502
285.5188851112816,106.99482892773673,122.70020585165562,182.57668735937028
288.23122290306344,106.75623872204,122.78828661574806,182.61441464576376
287.79614959647233,105.00295673144288,122.90904358049282,182.2627022597705
291.241944431227,104.75478339217054,122.89245391098353,182.76747178987767
293.49101277608,104.03478353417054,122.92117269002742,182.86054767775266
295.96616185140937,102.81898941466605,122.88719534015001,182.9936129675429
298.604283170038,101.1492342117389,123.41863092554905,183.96367757261595
301.74681682889116,99.46642738833572,123.50313147893644,184.26843916864107
304.0322440506957,97.60363493126175,123.70986492595244,184.23016910232025
306.66555529640743,97.57508100118972,124.04047143843515,185.07109043902682
307.38640073982924,93.67801161941492,124.69179812971655,185.18010957367017
310.7211146270863,94.30770234773904,124.56710912473366,186.08613339045942
311.96696589120546,92.19509801959649,125.60629038555786,187.41351489830703
315.2125709618771,91.36574523761152,125.82772672858954,189.1168371614957
315.69722432490863,89.91329459066546,127.17818318612025,190.87836687335658
316.92861382828823,88.13309371541493,128.48511853482972,192.1600210652639
318.3217416163227,86.88933869679633,129.66236393532333,193.7326141103136
318.66150140688404,85.84681588040091,130.9889478698257,195.56942976263568
320.42800879170346,83.59543380657752,132.51586962362433,197.62376861731371
319.26586835827436,82.89132424644708,133.42932285376372,198.84161908523083
320.40529002172246,81.49004027047616,135.12167093311754,200.33705813092268
319.48862417096643,80.71538149637365,135.99974140416086,201.4027331010027
318.8946922248988,81.67732121379271,137.0009597884836,202.15445181069583
316.95963111819265,82.95107239106929,138.20634811517724,203.58412230770517
314.9493656075855,83.01975390593145,139.88288499576652,204.93723779360585
311.3860666313518,84.5946755298602,141.9902568740152,205.9969282371546
307.2389793563358,84.1665709778405,143.86945339670342,208.06914075916276
302.8507159075841,86.23386418352328,145.82322638795677,209.87028432826594
300.15389070300046,89.79607225760923,146.8969915432179,211.4132876136878
299.6110003342702,92.93060475506675,146.3395227689595,212.10284078283524
295.91799215060604,94.693419825116,146.62336628472542,213.561890818518
291.91278474530003,94.43173367235568,146.27422298986866,216.41412054591365
289.5089133835794,94.67843494214094,146.23607948284123,215.86249046728062
284.1266793059934,97.7975605297506,146.47527908332572,216.25393899909255
280.9209290840936,99.72722122760648,147.79199192946913,216.5190072518183
276.4689669666951,104.04968304102962,148.59996889864107,216.91821204294075
271.9105073428339,106.18642388004207,150.5218197869884,217.1194007750721
267.40511273712633,108.54001809236064,151.7766885882473,217.72666547543497
265.65723742893437,111.98529877950284,152.80277367728752,219.15623349568182
263.1514819927786,113.28364003335084,153.8476707800678,221.77860616376708
257.8712804246171,113.50325308211538,155.56475116248455,223.680932800613
255.3220706927101,113.76070748478485,156.78017502082983,224.30237653433656
253.44606059033734,112.09010451397157,158.39572061620032,227.95535005408811
251.4657963329073,107.86723459646828,157.33555821309164,231.3415195765947
246.39026202105978,101.84872023218446,158.83666345788043,236.19776217234983
245.09116807319342,95.50443412905344,158.62882108017567,237.54575820673688
243.5678270345564,87.96100872756764,158.45589866526225,235.67875158783346
238.5401693183221,81.28433565319692,159.23881419538702,231.46550838110616
233.14059388819396,69.21681497632561,160.86358761423705,229.50655559422378
230.47399858388738,56.83701662019489,159.79760830097524,227.89273922054772
228.77510633044858,40.21710791714942,160.2243845070716,228.03721971257616
225.91379934716676,29.952720633098636,161.56620013379148,226.55323793302148
226.52148439800655,18.337709125704947,161.51409907508065,226.2073942485901
225.14845450760637,10.195610088441725,160.14803727384975,223.81568900280405
224.68177967201646,3.054709173252178,157.45724143721708,220.04585509099564
221.42960399761546,4.637951075662755,157.10679542273783,216.09427607133074
218.18713956481784,3.9814071158681372,155.44041813598932,212.28150949873248
216.52842317201595,4.513716811858075,155.13907650753058,208.35122848565885
214.8195344248749,3.7047643859442587,153.77340673618772,203.33198734139273
214.8600578038296,1.6769687596086555,152.04459386499704,202.63684617218894
211.49785042122903,0.955092026668126,151.47237777082321,204.35324368103875
213.83567016466404,3.9824496582976394,148.11766113551568,203.68530820293597
213.46988321601526,6.583872626360716,146.46105143906325,203.24888072384107
212.90062839101302,10.40858313496473,143.96449028828647,202.43539720663304
210.32317327919776,16.43954320411595,142.34388781660448,199.50903615036185
207.92593728887863,21.03305129299548,141.59063030505524,197.14031831244654
207.49183617476933,23.330974583120394,140.85141065827383,195.86521147829046
206.3083277294805,26.661205306259475,140.29093731447648,195.40122219998105
204.2284643195219,30.9370791435789,139.314250560175,194.1474481581547
205.92974877220837,32.10472693104961,137.95526075636454,192.35982104024453
205.7950650511963,33.952445500913115,136.95936940932614,191.06446934973627
201.64839614785416,34.953878727184275,136.62087127851046,190.9244569011002
199.32331514000887,36.360855094030754,136.76242733716975,191.05581666740724
199.65895064621157,37.26260302893668,135.59884675445184,189.29010155931414
197.9876625834845,36.2289189491151,134.5001997353747,187.67173973848855
197.8764084811961,37.93011937650431,133.60521526417025,187.56651905949138
196.34104411186712,38.96801388663877,132.78531900282826,187.1242139259412
194.20601468654723,38.79278113249222,132.37807072456178,187.16431566470305
191.86869292256998,39.936920936337486,132.3632611275163,187.53600920154378
188.51206711224305,41.16048031696515,132.06418364660766,187.01992071372595
185.88226119138457,43.281799385782776,131.6882974414496,187.83361802530945
183.97098219710125,45.15530299832429,131.07829927767247,187.25134468694517
180.82267585437052,47.9736328473025,130.95737045922772,187.2923583288325
177.99022518477727,51.54351511587505,130.36806037263298,186.3671934010624
176.07371268051563,54.29569778288234,130.26260881865625,185.74326019595406
174.20443867395613,56.23737801296227,130.61596396068148,186.71024153266922
171.66364911929043,57.15072078902122,130.72232334345043,186.89033088289506
171.69295185605753,58.170212403718864,131.36678183475993,187.70352050506227
170.42856196163748,59.72689727270895,131.40282480719378,187.59680359911334
171.02976527731116,60.55614565034054,130.93540352740894,187.32197383603767
170.9686941426107,62.0628153445041,131.1572162069661,187.69401042427305
170.19469052602153,65.6172180646964,131.13173711201947,187.8615111362322
170.3335802899742,68.81396073755965,130.66859381458283,187.22882901316194
169.33064821195524,71.85284601871912,130.4011425409333,187.03210093131176
165.6795571194623,76.10710351465644,131.11226027279415,188.5006367206871
165.32214009394787,78.65005321420801,131.09711385507302,188.43493995830272
164.28742663849715,81.79931517816382,129.84244408628695,188.38843019054735
162.19217407411287,86.87199566411624,129.4574487267743,187.94631628895502
161.90547142963874,88.86139160861273,129.60659864462878,188.12676512261828
160.05556714727214,91.21492235468244,129.60267185779946,187.9754287281351
159.9634044013887,95.01501518561138,128.73578885347263,187.433531640496
159.64201154466895,97.13950407809133,128.24264927394333,187.07060121881733
160.19932138565616,99.0190190566185,128.52945781462518,187.087938449263
163.37495100078795,98.70064786520703,127.57810092811162,187.02668278521094
163.60923248321035,99.31004555264593,127.52219665467302,186.9115861408019
168.1663767903812,101.57763457441007,126.55543001298756,186.0767254800861
173.0093290558637,102.38463890481773,125.62739901717885,185.14588332317703
173.75208467524385,103.78085359799448,125.55820857919983,184.83868342901104
176.556453420545,107.05411961656655,124.69611415500373,183.23349660671064
180.88572174016645,107.89112973621036,124.51938903919833,183.25613164086053
183.4865135557066,109.5447398488424,124.32891380655555,182.1639382710652
183.48877482952366,113.15031194558433,124.40971840735892,182.15024280805008
184.59108228460317,115.77152814887111,124.3404794737624,182.66965122178902
187.86720783974755,113.86461972108825,125.21547445722368,182.597786925011
189.0497270092098,111.38240966049219,124.6803921729867,183.11903077667188
184.6855626249112,109.86087393355271,124.71145531658387,183.09276629305083
185.98704386512398,109.22098662862163,124.49167154709579,182.682599496663
185.03746600410673,105.52083599313511,123.62562951522403,183.05799842388603
183.7685554491975,100.2233903657293,123.79797210941754,183.1813930966664
183.13951451285578,96.50350538694642,123.7437981227259,183.41028658938842
181.84457216491853,93.42270881407862,122.79211787719422,181.96000229371776
179.03437042510726,91.2690225124586,122.87730407166049,180.2301434516453
176.42331324376573,88.9705910578551,123.35607126637478,179.9390669077273
173.34174850706736,89.78521065271877,123.94028228274026,179.74403181956245
171.16522126650705,90.0647826676169,124.39880551386094,179.4832276335162
169.12137175731812,90.759216833887,124.26342103614499,179.11675920331976
166.2405650997088,90.91842814351601,124.32734148026992,179.12762125203048
165.2795008637161,92.34728947136986,124.76802463975531,180.12951773694778
166.12003487365405,90.3921651173177,124.23984968628564,180.0403767966146
164.90165909004233,91.26007704155208,124.20901092147786,179.8341549989271
165.6243265418048,92.55417625196301,123.89972338123411,179.40232864841772
168.14286774246295,93.08647436050387,123.44241392913662,179.352625009461
170.7008145270134,95.01603322069116,123.06919614128569,180.2821425429927
174.5919946843236,95.60360428903516,122.5413524282278,179.19751554302343
176.88121695929735,94.45414024412182,122.83040055406155,178.99919021488137
181.20629766199104,93.63754177709282,124.02911610179916,180.8940448637831
186.36799941647237,93.63644832009285,124.6344235303365,181.33324349653304
189.1944412354648,92.68427324575106,125.7469207517266,179.97917079365413
189.9606441931797,92.95974780376537,128.0633307542656,182.19921777137552
192.33227311722158,90.45814541447558,128.42023159758807,183.66586249136134
194.12655849612958,90.06190897813867,128.38244208977213,184.4742655398164
195.9158875304493,89.85681877237464,128.02332747816388,185.69358901775072
195.2641203609449,88.570756854152,129.3284487312352,187.419277307321
195.72897063912637,87.42268835923566,130.67535950299728,187.22908617215367
194.70145268782346,85.67024789615536,131.90538319857185,187.86543682487678
195.08991100403185,83.8313994474457,131.68718238646755,188.7465028629211
195.2307734506908,80.64791216071268,132.6618661845559,191.19209071763714
194.2340610134445,78.9169477136368,133.67189262154852,192.7437412914764
194.58169338621676,79.21380987526373,133.85425238772274,193.60295886275378
190.536678405106,82.97484118138628,135.13214856088177,194.48208033253994
189.88656610986067,85.43401732257229,137.54962168652867,195.17981691735542
189.10367298417384,86.28464770396204,139.24614524258985,196.72898340066968
187.85863885996736,85.28835900601646,140.32880382303404,198.27490552312332
187.41315332664948,84.08991618491606,142.1934077021698,201.13236245438662
185.21135368353129,83.19996821497863,143.72042007434365,202.46334482004275
188.49335473565026,80.27818725671156,145.68675244276199,205.23226074048313
187.73289761602263,80.3080666700454,148.72127752186103,208.52577339819044
192.09837425728128,77.70746805079209,151.4958174034062,208.68583294138458
198.0339770006787,75.48078991756947,154.68747812754887,208.27364965704857
202.97652188792318,74.10269108500313,157.0331622788411,209.3576671464
209.94288132186358,70.62455325841864,159.18448882111656,210.7043846941002
215.97044950584194,65.76484656766354,159.66334903519112,211.92495774357917
219.1564602962701,63.50576937897904,161.30365655589728,214.72198174985442
221.04082176994604,67.79556910980295,163.1096406397954,215.05198922180034
226.222150034319,64.92790449309541,164.76767502901828,218.27706454896543
231.478309344887,67.08528345444867,163.48460445475726,218.22396434110266
232.7977560191026,67.76224209937733,162.5795367899198,218.1370758598391
230.97138313900282,66.8572035158989,163.54295149543185,215.69617646429595
227.68567342619426,65.25910517829736,164.792105296049,215.94107919418653
225.1342620800092,62.71209444145158,164.2028503517004,215.48584529678433
223.0696761798817,62.545438060508076,164.1908478355491,214.6663870625776
216.14213545908518,60.55537716462027,167.26889070292341,214.90194098325946
211.59701604746235,57.3629999527505,166.97070179179406,215.09937851246775
205.98840076964538,57.46887495693623,168.210881566178,213.88140291815878
197.46473891787176,57.16503309287782,171.10879120722524,214.6670651619006
190.33470871951766,59.34132388227053,173.65272611565217,215.67990106358394
186.17800246321298,61.258769012102164,174.9040658743553,216.17350201485817
180.24928740004282,68.52416757329276,175.78285830538312,219.04590313466448
178.59098283890881,69.65739712193474,175.3439742635886,219.20943671316178
177.6285312613152,71.24068685998233,174.4487480242446,220.15375811597283
176.92844085812158,71.45684772464477,176.48796691656938,220.93786705071045
182.5115294577126,70.78202292256765,176.62934586973103,221.2975264204897
186.25306266870794,70.93259950703076,176.10080825633412,222.39157588828223
187.11210770058696,70.8656050527328,173.17770110273233,222.8450838398469
189.73659463230257,75.32695527334351,173.81581220023864,222.71761044940672
191.61942125038482,74.73406822208545,173.21641872969911,223.52032791129784
191.8445002031483,83.85217358743145,176.32998152729718,227.1831039970121
200.34447603431286,80.01790253176723,178.02174129074928,230.97609679193428
207.1190749611245,84.23791669345937,178.28687449181348,230.2787442498
217.88811676196343,85.49885695319603,179.46265807763564,230.2665072850142
228.467600658687,83.14057848628633,178.80961069434474,227.12094263680234
237.0888949828892,88.74704078444904,178.67682429203413,227.25677292328942
244.4240549014881,85.45381320043731,182.04538384936754,229.98415826709413
251.11081355768025,82.87974371793919,181.795096517452,229.67746324771537
256.571180134873,81.61605967394294,178.65793269900405,231.84008524195787
264.7837825783117,76.05953739046038,172.14941482384538,233.95489982845424
269.7465629305101,69.78350205647206,165.60276036944856,231.67213162924338
272.84626570529116,67.38390701669712,163.6932107769177,231.5456014939495
275.42991204409634,64.27828638915625,161.22074231805735,233.675727026375
276.44912507207096,63.42807980803485,160.1315350121081,233.13706548158655
275.89322186824677,64.38354757611225,159.33672520881893,231.595331605588
275.90770111103933,62.82640125677415,157.0115631099526,228.4802541270767
273.93195822807354,65.54949829462959,154.65768998916536,224.74469237558458
269.3841450025303,72.53266662148522,152.04408792462692,219.62485230390456
265.81339353973993,79.35769627434644,153.7336865533326,219.96856741224462
267.18968693589636,82.95167487468834,151.20924917508228,218.40164292640458
267.9844448767421,89.70034429154555,146.58811708245332,215.09717518644015
262.29642018217163,97.09966436391872,147.84777242862552,213.99927967060006
260.7855425237903,99.25230428048519,144.78047745241938,212.07907063824837
258.8570311742355,100.9017801367971,140.66459976090405,208.7897014451558
253.8744872073643,106.43374814727824,140.66356220636516,207.88250370544353
247.47952821670705,110.92677005239256,141.25719112517965,207.58621819599614
243.98926146661265,111.18657012762043,142.99468263318096,205.84304626819664
240.2035903837413,114.3998135718949,146.82969667392362,204.4511052780852
238.84072393772996,114.86975039415924,148.05530749563383,202.44653436793152
243.19152671346114,116.11680389093232,143.92663895589024,200.74460266735412
248.31878900444514,116.75730700323751,141.9265089051722,199.28592310289997
253.01307861112468,117.69770909075598,142.67098633243816,198.16879080286304
260.13387583122164,118.5315771512589,143.7860203102129,196.3572558537322
267.7359335529876,121.06064072457269,144.70153377293101,192.60271757429211
278.712562637819,123.24516727179318,143.73985275170566,190.84584709703864
287.47898312283735,124.14769406950217,143.1641651019815,190.17189701724567
296.2285901386491,126.98297665600873,143.51480458598297,189.37401250829504
307.22685195556124,128.47197379514537,143.41861054200248,189.13515397220925
316.40529236458565,131.22519064158314,143.5103991575474,187.58868121683372
326.7037709571114,132.06433193014632,140.82854207015222,185.7953473701761
335.81189700718926,138.25893961303456,139.83665520437154,182.6304362036184
344.0671364760498,136.94468726035825,137.88336620805657,182.301665518346
349.09361731482534,141.3186044230896,136.77748705003688,180.5796490639771
357.1703971207447,145.0404090744448,134.67110761397927,178.9925461089229
362.8773072221828,147.30440140768195,133.60384502829066,177.88747404010488
370.2438376046412,151.32675048093782,131.84148738837382,177.09662110843686
374.51246229047575,153.99024156142744,131.74277561436102,176.43150418183262
377.95017427066443,155.7801421705798,131.64060604851494,177.38374642055913
383.9467860267482,158.86009168317412,130.56113986056613,175.80563450474548
387.3859311772339,161.44187774038113,129.98375287990726,173.14322205830024
392.0700676929781,163.0928310280359,128.55163707498133,170.96405718220947
395.1679608915439,165.58291395895242,130.80500839269354,168.58777315631394
400.5645677617798,170.9986805668808,133.34162863659657,165.7792501943634
405.7660378511891,172.02973250346668,136.38516062574686,163.73338167275412
412.27898687364177,173.58561254225756,136.90839588162268,164.51572559907862
416.378413480092,176.38050152499966,137.24402753200354,164.82420202812565
419.60194465591087,178.50853671927428,136.1096482858345,164.37776298723273
421.93618596464046,180.02762873613528,131.7589146918129,162.4588416488232
426.5588561446855,182.18110594745616,128.69362804266024,161.41220216758765
428.2828612493991,182.72745622964754,125.94300552854551,160.15287562664238
428.9857625999667,183.66479165272318,121.33108710475418,158.9779728468974
429.95234872000026,184.66853483046575,120.39468000140567,158.04702457734976
428.48409913161726,185.08524129978906,118.55346921723424,156.1619758965156
426.08226826420196,185.88565982934654,117.55610556143989,155.37119743115068
424.0101050961998,186.39052537806447,116.97631080369405,154.4918984626211
422.58017502149914,186.09017394829283,117.52257232028292,153.78840210341437
418.48903093545204,188.86457174394917,113.17544154706471,152.68235553553916
414.62592923188225,187.81481328510878,113.31351018857927,152.99073475790743
413.2776119895951,190.80154212475253,110.65894838409108,152.12884934424497
410.7146169416966,190.12462737404317,109.27517285488801,151.72108216597616
407.9966845343379,191.00868157324464,107.77878669304295,150.7671827519482
405.7664113519811,191.59943279673092,106.35679521595965,149.75981360575688
404.17686988776364,191.23526884422085,105.88750167955088,150.00288150101144
401.8020872041382,190.8630126697879,105.59946939055169,150.22261357643978
400.1317734057188,190.8977373393284,105.23846734871874,149.9233973916557
399.2882574062363,190.6340861136391,105.0246204414336,150.14204505787802
397.8717238328999,191.90390042154962,105.4730745509971,150.45294134440078
393.820456594245,189.85726553653603,106.67686635252562,150.5307081847404
394.486741175782,190.94597272660124,106.42187287304533,149.96285191007877
393.0916236001959,191.10910759090345,106.43723619804575,150.19322280647435
393.0951297892131,191.0244194257278,106.18632733563632,150.08098292588812
392.74412364978406,192.51060256456879,105.94388160668191,150.20950776148743
390.66132013489914,193.47132929507467,106.33504405637359,150.4539478551632
389.68428925511387,193.61077941865128,106.64549009328789,149.7526232916037
389.2891387592955,194.80277035007214,106.62860114351834,149.577625803762
388.0635881186661,194.90535022544614,107.1024990556366,150.19424339676397
386.0753971425215,195.95383464833927,107.14345620323819,150.88798500019647
383.0310114832694,196.40982442099343,107.64403172096112,151.7996748884819
381.2388305451499,195.84860289842592,107.01977543313774,152.9141833633044
380.14018909305014,195.11670500320292,106.10243431389969,153.16063296234412
376.63248312701364,197.60189914465883,106.21730303308215,153.52190971849487
373.9433335639979,195.9858634115044,106.12087071380105,153.61933763011618
370.9530287468846,195.28460312747302,106.94864831677762,153.66095731927274
371.1094700841189,195.2421077030929,106.81935939230897,153.19980558990795
367.770292053074,195.46993137747052,106.50186584502387,153.25123831927772
367.0896627674022,195.67495916951935,106.38534121324241,153.03423693439882
365.97878134280256,195.8798263681791,105.33037066400419,152.33769833786056
364.02586208427005,195.36106855603057,105.30343940567869,152.79666171606385
363.2650080639671,195.26225518721924,104.85102635253457,152.82656384431152
362.2288495930667,194.3625337142768,104.88598977871035,153.0210263214464
359.8720795864581,192.46504030289879,105.06495337591197,153.25210933560868
360.40144755788486,193.36876004564576,105.1332926283709,153.57095158839599
358.97013309446555,192.5768798770969,105.34272331302199,153.80040284346245
357.264689207632,191.01016388475176,105.70380639918915,154.20214537502775
357.09562976631787,190.61102524590956,105.65239891462993,154.2285720667746
356.53859605045216,192.79927176845757,105.87864896354876,154.4419227716786
354.0020887272597,190.194966197923,105.8145786489962,154.567098854154
354.6648599638406,191.3207794105902,105.37020072661564,154.13486940147587
352.80482140265815,190.7591603984757,105.29468458726177,154.1622211952361
352.9556458132748,191.37371411975232,105.25481555118478,153.48102635033914
352.29221996003304,191.15972397715115,105.41479714048083,153.71534208476024
352.7094912493882,190.40526231784344,105.56530094848927,153.90419704400065
353.4058184735959,193.26868451747464,105.53269288679253,153.99882481270694
351.2098724235227,191.52566138690224,105.73012697912641,154.0885698043205
351.89514827846904,191.8968718242989,105.66023444892124,153.90761133187098
351.7951974954627,192.16330431331494,106.12240408134028,154.4612942054014
350.0800119111459,193.2023351886665,106.36490903903632,154.3994067711045
349.9729599933709,194.5041930073192,105.698824886305,153.4490114462991
349.52287961847844,193.7025378318567,105.74821659312126,153.36415041050537
347.06712620629895,194.2836194542739,106.10582937451147,153.40743150160847
345.73631941341347,193.23858715260366,106.52226473762623,153.48968360494894
344.0574765611972,194.09330651692213,106.80481616471502,153.377168704437
342.7358198428562,191.55030904960597,106.48768038264699,152.9643843421943
338.9345410214989,192.08681535946405,106.87164061325223,152.8417501404469
335.616443133579,188.96357446420504,107.47664742424818,153.16989697002742
329.67247500115286,188.08474407559407,107.734334665663,152.85004309881182
325.3820717744477,186.04575660783277,107.50483838469833,152.5475859054282
319.64167875012936,186.14882254944342,108.2534161813819,153.94106339720688
314.1502347702922,183.94591605281624,108.71897015668131,154.59980607796123
308.7768227606647,185.61852870242257,109.09384593374878,155.54877023187365
302.52373927322344,184.28140988110098,109.03659738128745,155.53843756201678
294.01462913601426,184.82209121969638,109.14887283148715,155.445844416076
290.34656620880685,184.86718084479685,108.72425649840197,154.61164661118755
285.15753038001816,186.82014193852257,108.94742092941684,155.23947686514236
281.6969045026673,186.79577287032254,108.08241780130604,154.5919869741987
276.98125561618406,187.14348529567317,107.96549780083507,155.1223922016224
274.23777229429237,186.60992644543168,107.35908065555589,155.01928285132414
270.448284704138,185.20499627535096,107.80683024992712,155.60685315242307
268.9991945889958,184.63299444069466,107.78984934739907,155.41211170454818
267.4312861101583,183.70510538315241,106.99115702773031,155.48877605010142
266.1735174150713,182.89595202291915,106.63322029681056,155.08852808306796
265.2927705420916,183.3035505085335,106.52874724589486,155.17018169777674
264.97604764819783,180.93269502347965,106.12606022118246,154.4987456952282
263.61405261840935,181.37151795602188,106.25129539794696,154.78272092389375
264.49896527570513,180.06626862736633,106.80996129429292,154.92300473745485
263.85391469584215,176.58844686075034,108.50362690714384,155.45707844646807
263.3443558465581,175.18317885647804,108.3219389416495,155.83383759954395
262.95269492979253,171.44651483231658,109.20358841189929,157.05521252286684
262.29049818096854,167.08099021289485,109.44491306189104,157.34278031639784
260.19537684624163,164.29274749344756,110.48110299696988,159.09541321622984
259.5468817582117,159.42001989786164,111.24751455974842,160.21788256755798
257.12862152960463,156.06992699903037,111.54369077868137,160.88199658787676
254.36467767297853,153.04817310412068,112.04197644115234,161.74508445582117
250.45780698366838,151.91973627657933,113.44873539789765,162.87512705621631
246.9812046211515,150.18376241915158,114.91219402918139,164.2513106109156
242.93533783047022,146.7495292105707,115.71974792304395,165.19613200854607
239.92005904786723,143.75134580549044,116.31170685543742,165.96978153355036
235.7313303227686,139.95663194517562,116.92482104391593,166.9045461682425
231.7816957360076,137.30170408201514,116.94622156509415,167.54014652346976
227.82190987153385,134.86187770762314,117.52765852841668,168.20788520975375
223.3416891787855,132.36556693666162,118.22558770688218,169.162237708708
220.15227492707442,132.37584269129633,118.6202853509293,169.92580485178235
215.96513010345313,130.79932296437704,119.21106669739059,170.96476959858967
210.7108732817448,131.22455815412002,119.89072291893231,171.57944814488496
207.8111553297415,132.40134118019887,120.49942395965766,172.3887849247585
204.94072147882122,133.0195580637223,121.75005728649819,172.9291455913054
202.02134501073368,134.25830173250574,122.52985026173579,174.203489308426
199.2191189926423,134.26782636517748,123.46114555963726,175.30736484777006
195.9890237666391,132.32761224175317,123.46662409758122,175.7224000282124
197.6698179671306,131.55451924864838,122.8713320833169,176.67746052614075
194.87226602763081,131.8938702292982,123.51752238809777,177.22452760780988
194.04695282358125,131.4447249181597,123.30181578838435,177.5061190113369
191.79978506185174,129.99869750407623,124.35859027668715,178.9861865348163
187.40002755400357,129.24176302382017,126.33175031191473,179.54638117892216
184.9385664184343,125.39146821927459,125.94931369633451,179.16847957707583
181.65822655338508,123.289807766884,127.33146559440173,179.89835077482576
178.03125977912913,121.64695671985334,127.99488400619487,180.83975355248083
172.5497433054507,116.64959722433531,129.72988960980175,182.99359119586063
171.9270324744873,115.17287840527786,130.55441283422851,184.30615969335054
171.3920658239624,112.48601632824551,131.17079388918455,185.88294781225898
172.14054862718638,108.85252479690004,131.93951431789284,187.13699142182492
173.54728531064745,106.56088497182515,133.3860507165957,189.8010816188497
176.74915155502293,104.15768230112792,133.52107555206348,192.89288735086916
181.2340030471951,100.71869265340936,132.99790577084417,193.78545404865002
187.05299333186198,100.53958895410956,133.37207119760416,194.97959894724963
196.75026547038863,100.81499686760343,134.30070807289462,196.8173329249494
203.02095384490804,99.4100328363759,136.37786159729328,198.70489770615444
213.07005713748694,97.65275545227772,138.8846354808855,201.51095638060082
223.31083267126883,93.82687818026133,139.616280214103,200.49846531916484
234.61388704106938,87.85896545644673,138.93961483387687,201.0687512160128
243.42058369617098,85.22525836223565,139.90434652367367,204.08750817787245
246.7005644025241,79.04477161931833,140.34774204456122,204.6732131090196
251.31632098873652,77.24775576997857,139.88313561041758,205.33212517879286
249.22873509681784,76.42360464904215,139.8093449919112,204.2970778112907
247.3028055046642,74.83441563600246,141.64631159809346,204.33452566158883
246.10592496719755,72.92022547740797,143.07693790740177,203.78241281471531
243.3737264698575,70.98212348995654,145.27479437473815,203.48362899664943
237.71501078898285,68.81119856900679,148.31744546304995,204.34275178776767
233.19596710297122,68.31627358861704,153.90857238585446,204.13515301807843
224.9195133154646,64.58991870730071,155.07561570305515,206.25113182367983
223.2292468759716,63.45489375287164,154.97476430469743,206.36651864660047
213.66292687652714,62.017924438209405,155.60630567077388,207.3688142095187
205.9327372375551,60.19864158853423,155.7184793823117,208.2661079362128
202.52166800318557,59.94929912134114,158.620757011207,209.54445595653647
198.3484101137516,58.40528944066155,161.58720687210615,212.3111252202394
196.6104569155729,57.093167747151256,166.1321440301823,213.61603266976
193.16007640473902,58.03661056969618,169.26422829403762,214.64858061842014
189.77062315337275,57.62220641385768,173.48472415223887,219.85708863712838
186.96249092031323,58.07719261054257,179.34464096210792,225.88186966172736
184.87278693301914,60.46854884059013,183.8449107531023,232.6907709711635
186.98449961233368,58.658900433707856,187.45168558978577,237.2410370232093
187.2059186405606,60.246490182708314,188.2629979239569,238.41009580645837
186.24337335452668,62.458712006732014,191.5715113475873,241.09478301778597
186.13668371815317,62.535512127812666,194.37302538595927,242.44453970921842
183.85859230137962,61.315815967607875,199.63166183278764,243.9062708968155
179.90970018393162,57.21213016569462,202.9934963606524,243.92705802798577
179.0420878586175,53.64853635994085,202.2214578276869,242.9028784519933
179.57919398815812,50.72265414319202,204.03640572485563,245.07403985814722
179.27867437609567,52.63751981394179,206.76989123804304,247.9556732627414
179.51863813655294,49.82766488980033,209.00706576790975,251.3900193414931
181.16009840770886,52.8948680897532,209.67354708106663,252.2932716329936
177.73703087206252,49.39589855414988,209.11782668360934,251.370739512794
183.7598770554485,53.16130739157731,210.95879203168113,253.68617427934538
181.74811380246558,53.49339321412282,211.20527996342824,254.18765204831686
187.14110363663468,51.43247947233448,206.92137549040248,253.7707222076748
189.65077769862708,53.40939642982636,200.52415871407396,251.57171007003478
192.40518202951526,55.55737716165473,195.5606381382351,248.26085602825304
197.40902561461246,59.597677107958305,191.87564383913445,247.21767068642714
201.67360624473957,61.98214699444969,186.11656314528648,245.92114302281936
210.1934206430471,66.05828526073049,181.8674006572652,244.25568289650778
215.8329900789173,66.61393819265983,176.698186101931,243.0689375795241
227.5911495377668,72.5959267605418,176.85130077798203,243.4986982367289
233.5955001282146,73.96004254623787,177.77509471427388,245.186299184868
249.64784919913893,78.28080815951643,176.14866805680023,243.2504564348734
261.635373163995,80.88558694663844,174.27811231458816,241.38904339187937
275.55011399282296,87.25643899980781,173.0656350514635,242.03985637538437
295.26125094460053,94.1672322932362,171.49242120650206,242.4238361947776
309.8246740841703,102.1107033736201,171.77945432189387,240.02425975666605
325.67379647577746,110.53240697211656,171.5068076832107,236.12213673936063
344.3208269880632,115.87438961232621,169.89402107270175,233.68219001362883
358.89884293428673,126.97059049826643,168.81617521541088,232.57975406206089
370.89027882158473,131.34863139360237,167.34111594081486,230.5903959042015
380.91396832062225,131.25902540257982,162.40268469664613,228.04664646046535
394.46969370659065,139.03994675639606,159.0866440809594,222.86444242470787
400.76863003420493,143.91861123941365,157.6037616601058,220.0404630680477
405.30561267133453,147.55363741784745,159.36671044834662,219.6761724299301
413.1581820495091,153.6224451254592,160.4843866334037,216.3036937334566
414.854064905834,157.39477958885917,164.3166809793477,216.58177871290667
414.8064687251742,162.22843761416996,169.78424882894848,213.95737037712883
415.8273433015887,164.4238511989173,176.87116178549445,215.24012719200914
413.60364485934224,168.86815268180203,179.1129312285811,214.04177080827097
414.3506095834207,180.36097785895464,178.7446121319867,209.59194809068444
416.1013283620131,184.60171329867842,179.55878736777066,210.4883458635807
414.16463056403126,185.62633526835697,181.51079624498433,213.7380521195361
409.29349239790656,189.18501808867146,183.89180548738995,217.36696333437584
407.5053928998264,197.33611453129032,180.13170077261282,216.1685302147631
406.0552294788273,209.40023564461967,183.41355837632972,213.15741445294816
401.69771078689473,215.57105564446277,182.21935503753866,211.00046683607448
394.6944302611746,224.92627056711166,174.53585261241648,206.73797400249543
389.47649379045083,234.41340575419744,169.307663053864,210.21615724160512
385.9080676087465,240.85525070124558,164.87530155008523,210.9807217420401
381.79740943323986,244.61981550711593,159.17065354562968,217.1749808021744
379.04509270568,253.94496761472752,152.9385926648118,213.59285285648247
373.02903776178334,267.7224953217544,150.03723087291763,204.44038533305363
369.4169156673696,275.6188501282503,148.54919478830763,198.8965160520932
363.9265443884498,281.6518563703625,146.81210287349097,196.54321108739995
361.1370771193254,287.84584772380884,144.73576397423986,191.0192420523823
358.77869139226823,292.86082502137185,143.79701785022914,187.44863804319385
354.02396636272033,300.39500383480873,142.77668275307494,180.78787318975753
351.4441935505784,308.3933747231969,141.64850865079632,173.50963727235617
349.466342409127,316.23602276771345,139.7741328086992,166.2966312223856
349.0329169074813,320.9014698466432,138.56603264011545,161.86875220124486
350.11006958843683,324.9245314307803,137.43308958289197,158.73058801734567
351.828525395048,328.8249548380609,135.95241576263828,156.0286791910658
355.855414826052,329.2221060466436,133.17244061156785,154.04742609030654
358.8711481065732,330.40624300221214,131.52158928490047,152.2312151674507
361.43261110893286,331.9378626849052,129.30143427627493,150.62024630987707
364.85137524614504,332.4617382337517,126.27494115810057,149.22557138405904
371.03909089940595,331.82493838146047,124.05710262501623,146.74703485817278
375.93165805253636,330.10405898022134,121.79992242031787,147.08662080908854
381.77393219599435,326.66493913562124,118.18879942637074,150.24897915063258
385.82722108054645,319.50391007239426,114.1637646260165,153.03838346849275
389.978128523225,312.3348465630321,110.75318509222188,153.99729906143574
392.68830756620656,304.4183334130517,108.57605210391503,153.16150211920913
396.9781165840313,298.70637781153596,106.98141941982803,151.0853828046624
398.04125301671166,293.6204896168717,105.1094190154048,148.0933713521941
400.3027997451005,289.66660898217555,103.89867297073643,144.86340679150828
400.80796728213863,286.5326688849489,102.2033098204884,142.44995153674282
401.19029113388615,283.0719942039585,100.5373559646496,140.11690636747358
403.2761893980599,281.68729621378577,99.5723465456771,138.28303086344403
401.4853696238647,279.8653099417579,97.65822803742682,136.89871361257792
404.5692798382852,278.48081257562063,96.43379750116404,134.7121724561806
405.0177333915108,277.77680589773576,95.3768562150253,133.1968154506222
403.8043959067369,277.719663727734,94.12625457324492,132.28924920468836
405.29352463872965,277.13392432592445,92.65895291980635,130.90604050830729
405.87125103865833,277.37377437386624,91.62169470002708,129.6145423167207
406.1381695369634,277.80571629518573,90.92043826982317,128.3991264916598
407.40711043704755,277.79727842917396,89.94740632317054,126.87965578813643
409.07178856472774,276.96068894187164,89.06995436468515,125.70154692094418
408.96518242716866,277.5198877056295,88.48793958902209,125.03850217663161
409.5899428827109,276.81867418359144,87.89759836543757,124.32078151562962
409.0989979218543,276.5712144985217,87.37030249613517,123.90737569045655
410.10027492222815,276.3131196539249,86.79908394460621,123.18793915894706
411.15089378857243,275.7709677795673,86.77169875098016,123.11028612055291
410.77809995223157,273.9768576053102,86.1683484353806,122.9323321526608
411.8444646640597,271.7717563883865,85.86624645313054,122.8103385415863
410.54992496091774,269.59870675091736,85.79413201175825,123.2014817618371
410.45820843946467,267.1767532821245,85.38930821872688,123.08213186348539
409.36142031397577,266.1645518561024,85.35156122751718,122.96905302607648
407.87805226477934,263.73054745945115,85.33535665208191,122.41414922172271
406.01427065493556,263.1494077277079,85.46999384637894,122.38889816763106
402.87301348444316,261.8201966827765,85.36966516978553,122.41649140007203
400.28525390213696,259.45741069306285,85.15452881681983,121.80984902403054
396.68114678539143,258.6486820546383,85.23615613624844,121.31289590048905
394.059831106336,256.52650996608367,85.10729701584367,121.09633309517639
389.5394106035868,254.89742279304454,85.30621907602944,120.76438903305157
386.068420384011,253.31003492316063,85.50616460307172,120.46009983141309
383.769252200012,253.24119135438787,85.32471581481975,120.51636607052117
380.64199864497436,251.78233409391407,85.07080007333249,120.03439187076557
377.8887839600339,251.35686157419516,84.36790937485407,120.17757323832842
375.5511221746749,250.3091470386537,84.21501639283764,120.50728575667699
373.40854909804716,248.75615062377068,84.07752460664011,120.75817604738049
371.93785013693866,246.64393598418425,84.13003703081014,120.6326907757721
369.8717451999235,247.01793074133326,83.59156209038738,121.0193142985835
368.4237818918745,244.44354764085926,83.47570892132913,120.66878240382832
368.10542205533983,244.61758355274333,83.21573059635158,120.89633313865399
366.75363728094095,241.93394821018194,83.19868857288377,121.5039907866674
368.277949264638,240.57728941945916,83.30921377541151,122.04702028217542
367.1991333468252,238.80155131055326,83.42952261299021,122.25309855076848
368.19866138510463,237.77701554840445,83.73964012041579,122.44963101256607
368.69168720042046,235.2007496577181,83.72438316751845,122.7637533701107
370.153202969465,235.06684720813962,83.67540558450756,122.560946697002
370.52666863519175,234.28333922687887,84.01264173352268,122.4301782356954
371.29387440524835,232.13280137881722,83.87337179497204,122.22875149041244
372.5621717769634,230.05403506925325,83.8759311042763,122.1380541290716
372.9777155614656,228.07264251182096,83.88215432628758,122.23999940018622
374.2032866981091,226.49015429690482,83.89527596901618,122.22537988275286
374.1637008159716,225.21204286971013,83.90724802625994,122.16652095003288
374.29832546913883,222.9392224016654,84.03863348555043,122.63690553846605
374.6001006040677,221.40703893289128,83.88808614538024,122.06229542523303
374.4423206786666,218.95847034111563,83.65533667001058,121.72252464979996
372.38607848842753,216.18635493402618,83.85818359931679,121.84701669444762
371.5118545731427,214.5590408065873,83.86978450605831,122.20387883604415
369.4794686745798,212.70991830124808,83.99705630318418,121.62148419828506
368.7860541079406,211.1069050488378,84.03333001654079,121.6026266699025
365.2047327747186,209.3225377883102,84.16536355212527,122.48166392533273
364.7078796562848,207.51927238450602,83.83952022844605,121.97997940090984
363.479699032137,207.42048963383286,83.8310377267417,121.97380955069369
362.5119895491674,205.86141827037304,83.99402627275887,121.67776770730079
359.767003524037,203.54956026302557,83.91069510036348,121.82690486457389
360.0412965188208,201.8184124250051,83.84086887642096,121.9062964878804
359.28808332926565,200.2175181628357,83.85770174967182,121.91817412354735
356.8329166602392,197.861846518178,83.9120475388965,121.54873738356589
356.4206149013386,196.60095479780512,83.90654241411971,121.42693561923355
355.66716914396045,195.10888645746064,83.91102304020406,122.19659476085997
353.7194351488045,192.6499065353038,83.91360772973471,121.79320450751737
353.49039559234575,191.07802495067864,83.9688548114022,121.98890859473646
351.55726479181624,189.7300364313064,84.1928739808206,122.40186561394971
350.6537560297452,188.31511126948678,83.94962905379094,122.2261922559483
349.8712463371752,187.42287317559544,84.05978393697768,122.59993235974663
347.97948262384983,186.29575115838338,83.800464683941,122.67223059338949
346.19081591581795,185.20148431329244,83.75761987734845,122.80207898083698
344.5762663597038,185.11569443849731,83.83761010285801,123.11776273433351
340.5011861245707,183.58399081532835,84.05039264343668,123.5516228615308
336.81662250914763,183.3744077385236,84.12462851686097,123.73317915185908
334.1417619131422,182.1194344679756,84.71455356629376,123.7840497652207
330.53473729738994,181.86839212637489,85.0541826317826,124.46563884295333
326.31672388814275,180.70569266275692,85.5129755635582,125.04787370768928
323.8551465806482,180.58662686625934,85.51196636018798,124.8941290799813
320.69275314025174,180.21071067539606,85.33043610230901,124.56936234061416
316.84397032451614,180.40754685058496,85.4248523197177,124.55221586914257
314.6816104053766,180.6324843846671,85.40072572244989,124.44630442402519
312.1937450533376,181.50539709043667,85.0065223444967,124.79767749881415
309.6536289196378,179.82280073193846,84.5336235083806,125.24218540135743
307.4379130274149,179.23644291900894,84.2463663279827,125.73448110534153
304.24759561894496,176.8900936382154,83.93181071523503,125.71950754778794
301.6861593810876,175.90873740521005,83.58199642337175,125.67239335364239
298.7148724146927,174.82209380912573,82.88644779756768,125.00614197159229
295.9102327532797,173.95189980243958,82.2559810266438,125.16928999473018
292.2858167527526,172.12682258187715,82.08772928746353,125.09098984601133
288.06225445337975,171.91485866883642,81.79419226511556,123.73742133420214
285.672785801514,171.28587766009582,81.6727999790032,123.96700200402714
281.171510008977,170.92574265814903,82.1069921890772,124.68995755479568
277.38953939922254,170.6197741089365,82.30682818397675,124.5193629149395
274.25238560114366,171.3859647455783,82.68938162974396,124.34235883892151
270.6581005554109,171.11293033338583,83.40825567628754,126.19934074924394
266.0785254251155,171.11598013531562,84.6579515911752,127.88415911413438
263.06572984095936,171.129522365944,84.9373574567531,127.42503729936197
260.1667948888313,170.7548745579818,85.07671906022796,126.87294131372389
256.8216060818917,170.5729921205624,85.30863109793538,125.64344446981272
254.82718430794387,171.31657824711812,84.92357327864353,125.09746484365436
251.13765503864553,170.29953372173577,84.63875242270892,124.57720208777846
248.30605924652474,169.28450263706344,84.90503238585677,124.38982651298252
246.57688465290147,168.76914564896714,84.94434470786896,124.38556734464382
244.48319814120725,167.42146883287836,84.631382037898,124.66386775416518
239.99259687753215,165.94862840518238,85.12067172345135,125.1587429454946
239.39604986207985,164.90216517515387,84.7137901684184,124.89339303836411
237.09318882126655,165.1049426785275,84.6526421328575,124.92469716247624
234.43003790015942,163.27761111300092,85.24429431686866,125.80671625056067
230.48664417599906,162.48693360152797,85.50455588628316,125.78766844147532
230.17823341059858,162.71189932193641,86.05854172372472,126.43087664909594
226.969266368669,161.76834200590324,86.2412768329745,126.77984430850603
224.54406103107584,161.16224561111608,86.08430225425455,127.23367528167407
222.79057632135746,161.187028883553,86.5407040467382,127.97405624656588
221.3975285645587,161.1585619694156,87.05659692361694,128.50602669593442
219.2367683154482,161.767869737389,87.55246434566611,128.69616360139392
221.20309698355655,160.89216810351158,87.83837390398067,129.11046970117997
220.5372308131776,161.7405884997144,88.1563733345823,129.23430761971184
222.7304537258696,161.41692976337254,88.15472365177644,129.11447421348933
225.7035374990193,160.69496009218614,88.21694843946142,129.11188035273707
228.2212545639208,161.15486558299716,87.50216250301777,128.09139188088068
231.64655340560705,162.03841384031833,87.03523181183277,128.16841157717585
233.74002278065709,161.47499036792783,87.11336874532645,127.89032077781623
236.58058164645337,162.7404593038927,87.62573245904636,128.88031796448027
239.62475493753635,161.67671416751605,88.26269715617728,129.24987366692102
242.33117968347463,162.33053020714271,88.91134058422261,129.2608451032927
245.88247480428976,162.24797146642732,89.74136753009239,129.48657049487971
247.49329181219377,161.73862627859444,91.22084435412805,130.25870935687362
249.44347384503538,161.2846803637542,92.84114068883547,131.0932064111635
250.83414088303672,161.10198057136682,94.27751901517654,131.63533329086007
251.25411017687043,159.4497861767514,94.66765244899352,130.96621133790347
250.679213273118,159.6127249754638,95.53515865884214,131.7905412600099
250.72683836471606,159.08089676342846,96.36962649322412,132.2435104282212
249.50084339773605,158.52878481316208,97.70757223773106,133.9057482447696
250.67032318954134,158.132186186303,99.2108367752142,134.1830153227065
250.28942414104125,156.5977699454648,100.02796324135502,134.61235195477354
250.0151639535967,155.95063571472707,102.01105392874409,134.51572075804586
247.8581148983828,154.89936945831693,103.4500299688594,134.32262949156927
245.0552195710361,150.59972985568788,104.58053986183401,135.4942353569836
242.7861151866112,146.84122854331596,106.49094101349633,136.07395160477432
241.78247411630127,141.2876826736017,106.6832512302881,136.58250208443724
239.09831179793042,134.60986229652343,106.1259777224985,137.7592793132031
235.73361990803403,128.96530236878547,106.19374040854129,137.68096752805405
232.3538383420186,124.33052052302477,106.61815949760339,138.2544252625442
229.83440900881112,119.62770860225875,106.1785330565965,137.54844632087313
226.78898718153886,117.35243380186438,108.21624560762541,137.03680109744312
218.7503704318222,116.4112156333734,110.28676523987124,137.3466361160657
213.1878823780415,117.69052480082576,113.03216371071386,138.68566182412974
206.65848447347224,120.7264318441153,117.02641484211804,139.83137703442566
