118.0,57.0,82,98
116.94260324109396,59.614569503174714,84.06395123265582,91.82982095458807
116.93109720952641,61.379058444583976,85.13923990711905,89.2681892631758
115.8601666796925,61.81280630873596,84.6617162011619,87.70489275362183
115.95436923211298,61.86867320049345,84.60075250257091,86.78419900916936
116.30507739166023,61.84653672512191,84.56828149597642,86.70084744819368
115.95909672282178,61.046496394853406,84.39647330240331,87.76726722005881
116.56157855285392,61.88345926744579,84.54322473022967,87.02971232448343
117.24928633576789,62.474992235889005,85.04567781674547,86.23602016689387
116.71324570608458,61.714266827727755,84.80724271869022,86.03759183282574
116.83583920625571,62.51618798120862,84.35099614803543,85.61395582469214
116.47195290260859,61.05481788041496,84.57297041548595,85.84272629971696
115.91327405100733,62.295803071405686,84.6890158628291,85.2032852146105
115.50781986942323,62.48223049369304,84.58888296623168,85.06474433487955
115.92160237815183,60.096996837852004,83.50017903275884,85.68622483015537
115.49334571374877,60.692583557849055,83.3522062775806,85.68627453469252
115.70807210667812,59.50157627410422,83.35030476125314,85.62337333069782
114.66009768531418,60.139390781279836,83.0235241117935,86.11837419915908
114.3969240634618,60.2505460136847,83.21661940237328,86.20767872458373
114.39069136479897,59.68816480704856,82.95409090321456,86.22868137223101
113.80964123142302,58.45448191873027,82.88407447074772,86.24286111371133
113.93228496706993,59.26026218827127,83.05471107171951,86.26933158048871
114.11607327455926,59.605531472007556,82.72299261103774,86.16399809114114
112.65349031904432,60.11521956846398,83.02370783847385,85.91799836307204
112.25025329631369,59.32210369656451,82.87449340737263,85.9826541791366
111.99578598782816,60.16914786956123,83.17853300481245,86.02510758119004
111.80942705129962,61.115805798983466,83.1342586903695,85.7580429430487
112.0673670982159,61.87836939171336,82.85019011997444,85.35761058180765
112.57168079428214,61.527454880312334,82.53470847979509,84.95668691906283
111.25713766677563,62.61490009605496,82.71045611176122,84.70110801101508
110.7499304000256,63.16503194834298,82.56816288158942,84.23484699198592
110.18071125180354,63.125505761286405,82.58407310186166,83.78274091883344
109.69644144604166,63.550992720547825,82.3141788754948,83.4305462971856
108.37590619874058,62.97066105780932,82.06758457517509,83.59252187852198
107.57334588229013,63.23481371309161,82.056738411201,83.70661158748865
106.53200125075273,61.79971176564857,81.91185809419768,83.86600005268724
105.57327413179628,62.62238276103953,81.84002400203244,83.67616343299906
105.22186866610747,62.024645737781626,81.15108078301944,84.174402372093
104.53542455512739,62.29566763036453,80.86131031357334,84.53479388966157
105.67447288863912,61.49536254651993,80.60222609772178,86.1864599655539
105.40229579774095,62.774442596687535,80.68616157834622,86.4962503046718
104.57461223948718,62.60197781616716,80.55887488626001,87.24581243407194
103.8495595533648,62.49186046835251,81.03998611787976,87.86906226641997
102.69390694943556,62.639842147631306,81.36642804448825,87.98090530434676
101.87994992039555,61.878327084937666,81.5308716435839,88.09692249028092
101.05576447364156,62.34779994269946,81.72538511521688,88.17775216538233
100.47767197869835,61.56299774641403,81.86347318127517,88.43662657748445
99.51953152211124,61.34800134551577,81.90820258077751,88.49113109803096
99.13630497360612,60.62533789389693,81.62570548247527,87.93850267900301
98.94874498242419,61.2083938596591,81.57837063085475,87.30812683146306
98.83429770414168,61.701407719442706,81.88850298038854,87.03569164119271
100.37334782916835,60.820984761855286,82.11115346275704,87.31558052511755
101.77945358021447,61.39186881015769,82.5895608571492,87.824264088669
102.43619694609805,60.78879538637172,82.40986318788202,88.41008012569407
102.8924108438288,61.75054599930534,82.17501717952992,88.23731132170182
103.1646784550502,61.2158571126404,82.05739235747774,88.09993250323483
103.73635557246385,60.871810264045536,81.84863895272856,87.64035163987768
103.8526448886611,60.03035913685133,81.32586866994342,86.88984324973484
103.0389370391027,60.2603837579258,81.47141181046646,87.01774566774215
104.40680128314412,57.67382843052439,81.01925265832114,86.71203552176372
104.92001671144348,58.2249925367916,81.0726557860974,86.75927395961992
105.55706082562352,59.63821002126801,81.68467595617483,86.04322107074523
107.35924019495013,60.70268087463754,82.19390364330286,85.81332721556868
111.43871989915802,58.78791346985672,82.28396767238709,85.90635079466156
113.37871697536475,57.666503522500534,82.20173352973924,85.84698563078018
116.69204582990245,57.24673531243048,82.17056532261697,86.24963240248279
117.94295109378032,57.56260076354493,82.17119620111124,86.11292713501952
118.84757519706432,54.728354809902044,81.80176733048074,86.27510190363341
120.59643854680908,54.34998654222046,81.21959849231932,86.33677007962157
121.08773503168918,54.875671193468065,80.78803091318414,86.01226845290762
122.49823668979587,55.582481498739185,81.07881348564261,85.47618080134976
124.10482368367721,55.670342011425575,80.78763656819244,85.22160235410198
125.3903784279801,57.47894508802752,81.02194700146168,84.60055098605433
126.18064372320494,57.56603252439928,81.230234770387,84.80631996096706
125.27731144654203,59.08511124321072,80.74020742918158,84.07291105850044
125.12674629882906,58.94923953829466,81.12144636718563,84.41618767145755
125.12759066561384,59.34585043170296,80.32535455744421,86.25861651940659
123.68980147711287,60.33598273558551,81.23697419421175,86.60257066164148
124.1203612760824,60.392750820682295,81.24771128572581,85.42226203051041
123.64625578633648,59.75961552879814,80.92404116170204,84.33208730177871
121.43098206121674,59.605188033758566,83.51538573108215,82.60328360045162
120.13268458306558,59.24053508489813,85.50049997449385,79.48490273059437
119.63415787743212,60.35911705857052,85.28890470412014,76.12801832426521
119.13155134718704,60.440605428995696,85.2337234775009,72.92710823380548
117.76884332521136,59.91786149473622,84.78085583004602,70.1960763269338
116.67029470119007,59.56790361248731,83.56248676949487,67.91302090002539
116.96159996368982,59.01551828692447,83.232958519886,67.60269145349481
117.82629599326981,61.26275244164884,84.13827105056976,71.14621752881169
117.95196689463415,62.01578140674135,83.3304717283098,77.0876998818298
117.7217033822267,62.85222356492483,81.88108664374973,82.21901478421285
116.56217117650391,63.46772333313001,81.78608855519529,82.88846690795873
116.63101661666761,63.56350795678085,82.78545211822728,81.17843452589142
116.56526611863708,63.16247243303184,82.78978636624147,79.53711568081133
116.4617234446178,63.33973940053391,82.45698523967064,79.23131831807281
116.94493922308968,63.40107577626663,82.1991718467894,79.63409722676361
116.48140494018591,62.19048499450048,82.32600847900319,79.62876511842092
117.58925899539196,61.66299882312543,81.62476570062235,80.26381558617102
117.23857127108138,62.23260290679068,80.55264261408722,80.67706713563739
116.5363509991657,60.75153946708455,80.42961733760609,80.50006437637778
117.59143551164682,61.45080960892393,79.3669946993626,81.22139713957401
117.97493724487438,61.62297779793866,79.24958840087622,81.0780495310758
117.97085353854015,61.36610654771185,79.07193428034157,80.95788089871692
117.68438774038813,61.643143475175194,79.54131973406749,80.38796842074336
118.88971987291066,61.52255403813895,79.46497553738179,80.4511077440346
119.83666236147977,60.66339504833374,79.06443772821235,81.9484479404419
120.79335904550004,59.90495106132256,78.94816350079681,82.49097068008925
122.09683986448489,60.49414938206938,78.28160103274897,82.73451007375186
123.09766293559694,60.60519943681856,78.37364385536861,82.81636504237851
123.54192287434235,60.74529147632575,79.07505928061218,82.41557549461413
123.00814131021494,61.05547627431035,79.23109286785139,82.10611898458242
121.9640798456858,61.19297761977603,79.24926950784716,82.28295955536981
122.30656753361905,61.42616712225185,79.47554901479317,82.39836765979318
121.6486197762733,61.53467765750007,79.6219804181565,82.27662246820299
121.26049937821134,60.57138972124602,79.47704811857733,82.68165293055483
121.5179718449431,60.868956538683804,79.76599722808254,82.28875928591364
121.71271027104079,61.41143580860978,79.80376646963717,81.72147042379606
120.93123093922392,60.97244718457057,80.1310073598334,80.97752994726511
120.70578568403195,61.31446085654985,79.50133146396736,80.71061686111905
120.20207126778526,60.179303647469375,79.15194877302324,80.52441882810813
120.0050228218102,60.57724811787604,78.65062940520774,81.0445699263573
119.04733078352751,60.305803970967204,79.31650176302308,81.35204562251872
119.37324183435501,60.959520661542214,79.42441476878999,81.5154374366812
118.67616398908876,61.7566445139032,79.63531240268183,80.8784346050061
118.75583516028935,61.29017669246358,79.41658285324942,80.51647889046346
118.53249869207158,61.84210527530943,79.8535511998412,80.46990321891239
119.31920790189486,60.89295947838473,79.22724581730402,81.42703270338679
119.33558293353387,61.32936559274184,78.35428579308851,84.1782744297507
120.29744560505904,59.663064422555806,77.77473769613192,83.84464752207589
119.87659701744185,59.81502679960198,78.2206829182413,81.30387584415541
120.55257255145588,58.66060928353172,77.64418351036949,76.30704681379594
119.79718685782295,59.73757681494411,78.14650152849472,73.78455095995552
120.55937013221809,59.0989046710914,78.58020382736069,70.7193049156297
119.04241427877633,60.02509930796518,80.77494317096294,67.69800084696027
118.53367289239209,59.00226485236724,82.58170206677832,65.3285696604999
118.1580066526948,59.509221080296925,83.63332751492291,62.33849143315615
118.11215657915216,60.297292421208745,83.86839924403944,60.471302608754385
117.01569508550143,59.64501023595303,84.58155538563776,57.59883450856269
118.95581587012938,59.57638197975167,83.85200961716309,55.72220552291852
118.7591732615632,60.19970407200374,82.5879767190611,54.923193174351894
118.43451405352828,60.01847703748027,82.08116720544345,54.45288357152385
120.6504713251396,59.75744270723232,80.68413425401766,53.78366805233223
120.31678617304043,59.96881935201418,80.14496158946602,53.274244840893516
119.01763521219294,59.37688563996354,80.65323665569224,52.819379354838546
121.23106523073272,59.969926304147656,79.66961392330019,52.018490897564064
121.95636524213414,61.58713499772669,78.39333030674734,50.429001488921614
120.8248904736345,61.76088764755594,78.39935235351227,49.26783652129437
120.07538904529908,61.913253444026594,76.35279246604247,48.03004523597024
122.43059728956653,59.44767578368445,76.15192797946068,47.88231261720141
120.94110669050633,61.68791025035348,76.41316625765921,46.6497074533946
121.78244197606894,60.696083478317746,76.59342598438556,46.685286656645765
121.54353563773302,61.21062345056323,77.04444422746366,46.7948328107876
123.03405997936646,61.19879844684169,76.09603409400145,46.324342193230684
124.72301379602548,62.07157039061514,74.87643639720685,46.571535122090026
122.98395092139631,62.50662985897601,75.34501014451206,46.90847795294641
122.43540397108592,61.394943571616956,75.2576405441563,46.82467584504734
121.61668778351067,62.75143429529729,75.87401579040053,45.786117615460114
121.12582921133637,61.798604306476406,75.135975854671,44.97198999544562
121.39449013801416,60.58571824667875,75.72966596420603,45.39181118730656
123.57779302271837,60.43727626800121,73.6037981098367,44.235432815560074
123.40255434098492,61.253118551871665,74.07353816861608,43.772296831803544
123.24560878495163,60.388663991825524,73.76670174162018,43.42782643529427
123.91277386329115,60.73703098815024,73.25582739548801,42.7945842639339
123.71207238377445,60.84887572568606,73.24612805959953,42.92650086796382
122.38890767972438,60.66689312299978,73.97075031437936,43.11250281650043
122.7005740859253,60.913471025396134,74.6695305390869,42.670082485340544
121.1715991752446,61.84154349020478,74.59430164951081,42.95444048541076
120.85971583802299,62.3659034209177,75.34230538450089,43.01595011617242
121.06334583769151,61.04265496082291,74.0306874750076,43.05951124534637
120.59018033384032,60.76230612006284,74.5948163342725,42.55253619737432
122.47609920207734,61.31144307605595,74.59035835854066,42.51377156273185
123.50575930708857,61.28396130073581,74.01362787019785,42.358880987395565
124.67175572411632,62.77425158905417,75.01947988477517,42.812016231071354
121.95588790960625,62.7179899820021,76.40205169543594,43.48676478697236
122.52635949827089,62.792920452656034,75.36259472416133,43.63020828902387
121.45645208457492,63.099360711748574,76.32903919022517,45.43210743392473
119.66231500862469,63.29592926564011,77.78917003157873,47.67457518454008
119.38549331075956,63.686400535910735,78.69172089801214,50.6159837182176
120.69940813574459,63.88087947916892,79.70378382616707,54.99756416177935
119.47784291589016,63.10974174662613,80.81781270337592,58.397749783114925
118.83218991351423,62.98240956666234,81.26787114953405,61.798135578589374
119.64760756839193,62.48765434378837,79.88355683587238,64.44157668839982
119.26093397797905,61.98360146406551,79.49763277646379,67.51154157870492
120.05339588013643,61.95765540177204,78.42909691160213,72.20473009001061
121.05186479476833,61.4573294138641,77.51443447296333,77.79830809121711
120.82180810351859,62.023929625853,77.25933789452532,81.83029931762994
120.14040961526537,62.44688878895278,78.24487657025051,84.36606434103975
120.01452884923414,62.11120318793934,78.74523429371922,84.50789452744164
120.18173386904267,62.73217625046439,79.37722440058653,82.78868399809465
119.14807824652075,62.212778012917425,80.0766462413335,82.46838013139171
119.1177725433586,62.669237757585705,79.88173396601718,82.3144328100239
119.11610540607984,62.73192339417633,79.5881932405747,82.20291651731141
119.90490295414637,63.32859661228723,79.51029296866038,82.60997291312086
119.46620330688788,63.05462470538679,79.7480743432555,82.5851323030936
119.3427603628532,63.460137709665695,79.68297903015296,82.7531102007858
119.16376381997726,62.7211162192335,79.63243329754548,82.83006065235331
119.24528719524275,62.52335130341145,79.45467707435824,82.80609585509116
118.82235324770167,62.26325501690131,79.51364921748727,82.84615537147081
118.44908448976044,62.111207955411814,79.640618862276,82.79551316632481
119.66934652613114,61.87847882251272,79.47600421336273,82.7105563930605
119.39320847768278,62.87609099262321,79.69746976338445,82.89837648643326
119.33255319165178,61.61432503111318,79.42864361669642,82.88132003054707
119.9496742663492,62.17389264109079,79.63052817628596,83.10935277934186
120.32066193120377,62.5684511192982,79.43387145009245,82.90696677995828
119.54090292037787,61.93198288718578,79.61314044830675,83.10147306840187
118.94946908712433,62.229145408816834,79.86033916950136,82.86218952904602
119.05124687486895,61.766572483304756,79.47975112330897,83.17081926678893
118.42259887184281,61.83218168651109,79.54191773483,82.8419079892825
117.80562452693945,62.05984787642865,79.18016329963673,82.57947722077552
117.22196374117738,61.74389194929904,79.266704841864,81.8441710574566
117.45672536070617,61.30180761501147,79.08584737429078,82.07987170845362
118.59769581329684,61.87250991455137,79.01167014098446,82.05385407226444
119.11705040377356,60.84212413206891,78.91598464167164,82.07840127199499
120.04192212543994,60.74812330273144,79.66765111044825,82.0337063974668
121.1887148364047,60.56724745490156,80.34302931156562,81.84394442125156
122.48618839423831,61.17052845769269,80.1802416197265,82.17772665395056
123.325943400603,61.307440351184155,80.51452555230964,81.77054105056138
123.95943729331788,61.216532296726555,79.95804802078614,81.3652294739297
125.8423048445102,60.758623624429845,80.09908171722961,81.43937201383562
126.79398783637379,61.55663353751993,79.88504678818992,81.33672987320233
126.48460788547979,61.890128759282575,79.54351005911855,80.92523259373954
127.00353818460687,62.333495393794394,79.35760868938003,80.64076372901278
126.72553512599114,61.53700319027982,79.64164215036146,80.38340633916692
126.3858986818297,61.64541684977483,79.58513623009058,79.7813251139269
126.42237722494133,60.96154084260442,78.86770892902359,79.81680173764272
126.86147376768031,61.500625546418746,78.4219499255769,79.86405957610782
126.67605931736124,61.90369075191444,78.2186516289494,79.92285836433518
126.12492166064231,60.71444741820382,78.01919964746536,79.73814312745955
126.68693627195287,61.16946933081345,77.97164747562552,79.77734856981841
126.2996487738777,59.53540288278991,77.65231988388521,79.79612233500612
126.20291553728401,60.409025587017325,76.7998879195726,80.73778073514504
126.33084756931274,59.580054893409006,76.94597087699954,81.11471626298668
126.22938963557006,59.65548737364721,77.08681399057863,81.20997557008839
125.4719081681279,59.86203326149257,77.16919025554108,81.20237085494455
125.49291944421617,59.42677012275456,77.50177097484891,81.42787760117056
125.00287543983602,58.61025717576157,77.42027451095296,81.30089372953155
125.2836948420325,58.545905848610275,77.62471847023187,81.37158246781851
124.41787736710631,58.91665911649993,77.20355190641239,80.95313501407045
124.7460089327693,59.316696192494184,77.8569811578989,81.6637420144257
124.58221169517819,57.774255230551304,77.94299848464362,81.64324674104583
123.91917072742231,58.60615879946604,79.05969931663974,81.46579824579449
123.0088419175566,58.0262709241492,79.35054126254306,81.87734401595941
122.27018240039045,57.62169529763745,79.4143471132816,82.02920767132666
122.3130026752666,57.34835655009419,78.46640187602928,81.11690079141319
121.97066303718366,57.88409091982578,78.08348471664831,81.4217748253875
122.2848955333391,57.859020281976676,76.55008198019681,82.77269735108571
121.4302203699736,56.11590806058755,74.58355950419343,83.66620939152021
121.65351985114107,55.88535578586102,72.35497811998349,83.48604807183264
121.62219792648139,55.7034014385724,70.91139638336533,83.25736643437864
121.025414431419,56.2684008401539,70.017774652787,83.21507515074688
120.99170412768534,55.597497789245296,68.8019616176762,82.99139052990785
120.95196759001253,55.31332342277797,68.21749426333432,82.98256030776437
120.19819331132354,56.16205768197092,67.17374277188418,83.4152492600816
120.8460744042248,56.545519631737534,65.00395714858165,83.1769203312515
120.30499438820142,56.090275366060354,63.715877922815906,83.49161418487148
120.18038915873223,56.20439485045152,62.08926440714491,83.24900143679227
119.29907881181867,56.4173035456604,61.00288607753453,82.64331344090576
119.17997594776043,57.7656013813051,59.72262867088541,82.43560937117886
118.80498959128775,57.081634066870734,58.33438727250261,83.09486480082884
119.02136603937385,55.848869041276345,58.52098862437732,83.668396561002
118.29522684982558,56.24507808732549,58.13858072417695,83.33905219937246
118.32661896870071,55.896419896597095,57.94655454306732,83.74654314137612
117.15657491245159,57.26639644580835,58.603170975878086,83.5856610878755
117.91380597820117,56.65695572081081,58.86190220375391,83.84830474490182
116.18689630017184,57.09547141089092,58.70851330785945,83.33150285692909
116.87735825532027,56.69540949615428,59.132551555765694,84.34125193054301
117.00259883684447,57.45188461342778,59.31313118373292,84.77474334638663
116.52875521107113,57.13281252319659,59.337631179420235,84.83369441161463
117.56920784367145,56.62454092615843,59.22825301382896,84.96254229319095
117.70808489223464,56.38203163404592,58.527372695999475,84.32451400241597
118.63876173917501,56.722903081687754,57.219546834149966,84.03675304072605
117.97752706335092,56.87715751678289,57.553765453376286,83.67850051819204
117.13996834605176,56.924631911836485,58.030945876255856,83.12923654253797
118.08089574492959,57.85306449236197,59.2447026507658,82.51687821742449
119.10264805290554,56.53153704633769,60.364772253563935,82.67214014072306
118.08323800591621,57.23957163184792,62.145871400276945,82.18716227829634
119.26448061895591,56.666805292039456,64.6531981859163,82.7873153192414
118.96937257654682,55.99425832425845,66.75485836253138,82.84295002628778
119.45236072331767,55.57613676874814,69.1705043834428,83.30172121348028
119.5808803170971,56.47090007803024,69.9114815533058,83.15843482929108
119.34325895385838,56.660304563230326,73.01895694579886,83.36745544873466
119.303141588599,57.078797583101505,75.15433693998949,83.8295416746173
119.87177169975469,57.76096132872995,75.73817657119375,83.40509455445417
119.51641909198938,58.358213904205144,76.27429072227123,83.0309324210819
119.075090123099,57.726143241835985,76.7539945584895,82.67983937082022
120.22194025511446,58.203686472484776,77.34066538820858,82.50340891538201
119.83993807884846,58.740838652596835,76.70693414503745,81.71242975047039
120.58266183962861,56.68258612379977,76.22697978753965,82.15821947603327
120.10070832999963,58.18359316533531,76.41360409195387,81.80900690663407
120.81005344641233,57.93784960118268,76.0134990642066,81.52604945486121
121.58613228905158,59.32333655623418,76.30298566603747,81.71805772249257
121.5062272941623,59.56122732021129,76.5910610366754,81.64449787422586
121.04300150174316,60.050317211104684,77.14330607854492,82.41631809243907
122.18789633272092,59.84709226869143,77.21023638729254,82.45066714718745
122.05821029058777,60.14729590415121,77.30322663562134,81.7778721809554
121.52947538580507,61.33304681542422,77.36042178698361,81.74664135450313
121.04378954981868,62.08793729163134,77.72730127145637,81.59696782396388
120.187115218885,62.00857923784541,77.52963919113627,81.48227694911387
119.1235048515939,61.91377967198191,77.68041949603095,81.23272813162212
119.30404133185763,62.48177603477968,77.28461753159723,80.95385210524533
116.6392520113416,62.80332355330768,77.59966980544182,79.81576195100183
115.63863550798932,63.31166904325621,77.72687937464636,79.17648185977664
114.01415526369387,63.900032423047826,77.34021974604977,78.91906662363091
112.99679700981883,63.324046206938306,77.43285861708108,79.25222191717808
113.7764394367087,63.088043660845685,77.30878494494198,79.19776826912894
113.37012149653685,62.8973767708192,76.70885368661379,79.57315112144754
113.26132491893483,61.24342038416623,76.45635406838032,80.18459172678473
113.43076285109655,62.32441536697122,76.92808611421317,80.46446577484662
113.55241989204784,61.63102214023506,76.98222686629495,80.37490335136582
113.67289413791028,61.71579950651606,77.11551543511695,80.42437327700694
112.55329423109191,62.19972457750112,77.44782437961305,80.73731537136494
112.44955979499315,61.629136345844266,77.65752103501369,80.92320008663178
110.93419751895246,61.37111434460907,77.49372654412635,81.3228195285553
110.36985619431954,61.95963732415328,77.73941358792342,81.36199061048251
109.20056413941808,62.503208896231044,77.58364344967946,81.00177617726447
107.79534827476735,62.41818211396562,77.72189500319969,81.05540518124845
104.46205677812779,62.785137955627086,79.06743307460378,81.54234921081614
102.00278729455158,62.88198629973697,80.6957803913656,81.24574724915887
98.91132600424038,62.4301029637837,81.54905209308174,81.44629736833103
96.05072460881877,62.65060456722507,83.1572788097062,80.29453976691704
93.38547266906559,62.967049116685956,84.14549753296257,79.54006863674527
91.31376807528244,63.66029995413258,84.80587449396637,79.84268439349265
88.475830610803,63.40750186216441,85.39492691315961,80.33442559696024
85.47821397808002,63.67063993627812,85.20183620399621,79.97495853076407
84.75667918476995,63.60152445165706,84.33280251913197,79.63467387500619
83.63952231405668,64.79451255086883,83.73893022540229,79.25504533283265
82.3557091993629,64.34056890629374,83.65195440400856,78.96865771963908
79.48828153757223,64.32809053773133,83.91348209087116,79.22328974973264
80.1787300413763,64.64341273684403,83.70983117701303,78.83437508783538
77.79647698915359,64.6207997075501,82.92904919552095,79.24736848040762
79.11848835071373,66.18068041607603,83.45525352318191,79.0012948074964
78.83546288584253,65.3393590378475,81.96762403300242,79.11164142137531
80.2842509342141,65.04704190579332,81.55350740891554,78.67811772649928
81.29896570969571,66.0647274200302,80.84417673490546,78.59990001833805
80.16164428703361,65.01000930728684,80.7891687013234,80.20475860710602
79.49964179454474,64.14308407411875,80.92738267067615,80.63151068477032
79.39669250591407,63.26868051697171,80.07484008582811,81.25809489867376
79.35210987644334,64.52422138569631,79.00891501273833,81.34933860067771
79.21733684331335,64.99698991102805,78.58977089345142,81.17961942110796
77.35049843215656,65.58760986845968,79.05391646576501,81.31155089296344
78.68648267135279,66.58019667294259,77.90202855377878,80.27611483282575
77.85746201344224,67.30371619814994,78.3191030727249,80.43106552850482
76.35328947864036,67.5434015385458,77.88326479271926,80.01379811919749
74.35707276832946,68.92363263772035,78.3954736039661,79.656564680614
74.09182171258234,68.22199667961786,78.67591468030405,79.19194719252211
74.08436663778664,68.29322046780237,77.96621545489548,78.77117930365308
74.04912524312334,67.81515359297558,77.88865747273769,78.68800641268166
73.60336053018192,66.70248408565854,78.43048597088617,79.5421906421595
76.57459327801232,68.39867956173356,75.83836227210037,77.5286754224313
78.0974210028582,68.36570021775967,74.95325980092424,78.22653108303534
77.86713871690077,68.7516242482917,74.92761831815159,78.15237589306501
79.10567263234645,68.50961249251624,75.27959101460397,78.29332079133471
79.49599401124894,68.77435928112385,75.14305226070525,78.17209137427574
81.46199583776331,67.74028172249339,75.289051537364,78.03529043684914
82.2205235385689,68.7138163822668,74.99498807911219,77.56688933019295
80.97523184794073,67.92243368182298,77.60779436075916,78.47839008264312
81.3219045219083,69.3665929766003,77.67336014563654,78.15321236222908
78.28097799123303,65.57184514090727,78.78579182026832,79.0004594984589
80.60351625375222,64.78061747905262,78.05325191632367,79.21233987099632
78.29197454904065,66.56466463532976,78.4428758530906,78.92180293148893
78.21159801607998,64.57496672929943,79.29106788385567,79.62626588222145
77.96127438194816,63.64079757873322,80.88467169508804,81.1112118493695
77.31265456256304,62.708505172059006,82.94137178307705,82.20510574474918
75.34877843042887,62.35172595857212,86.13407766062663,82.00292320492608
82.99015881987745,63.20280945706703,85.46230931337008,81.179357282155
83.98874577685626,61.50086452969032,85.76524526269371,80.83315558417405
87.83264697539163,62.4319078201109,85.04079125429487,79.90087857364539
92.18826003810125,62.5632478949117,84.62717255075061,79.46049456662192
93.60867451905602,62.00618388583154,85.73345662595047,79.43317361017286
99.97879205524946,59.849885602187456,86.27254894614171,80.24961539230478
101.87832319896971,60.82936111337673,85.77677035010745,80.01094024883248
102.28078963037439,60.254172354422195,86.69330355175123,79.7805194268978
104.52002702931833,59.89912633201318,86.37706019917583,79.48359242874707
105.91060367458101,61.06135872168986,86.1440331293536,78.42148726853435
105.49240808480201,60.66798722178926,86.83470287336473,78.40381742653867
104.31533254830389,60.173804701656145,89.29200336042348,79.1519480918049
107.09395641567166,58.91113579101191,90.50749122139106,80.99436354981212
105.47581350225555,59.597685011401566,92.07831073962953,80.75679367348593
112.73109956908701,61.795310780456674,91.1590166821385,80.58728066076634
119.80852337387182,59.21777768660424,88.4303775686626,82.20429142854934
121.04484482156741,60.195913035490186,89.16678008342767,81.39975412921494
124.89354926577157,60.99490390347931,88.52039658564436,80.70432976628356
128.52059293005163,60.37732615775707,86.70142888599051,80.49353188858743
130.75233191115208,58.642941806696896,85.16373217378958,79.64760332508277
128.15495226140936,60.40970451650738,85.4479384947594,78.33017287616492
127.54113989087094,60.790538192857866,86.81496753271124,77.8974239804952
120.68542370594852,60.92291589008917,89.3974020998217,79.7973414375951
115.77845338294618,59.96064922468467,91.42981808762326,81.73487525668534
108.88215942693624,59.36945025406058,92.56371459339314,82.38153711394915
103.6282400087289,58.28365308663801,92.86101265832346,81.50152622418491
97.67521275386866,59.23059967774935,92.86707327155953,81.64614622555598
90.3971929838763,59.468808257629334,92.59550661037242,81.97057135095227
84.37995425937079,61.958301280142166,92.75962273125842,82.21430259108286
84.29026849315392,59.158026466961815,89.34078869728592,83.47140739322481
81.90585991586741,61.24795617309259,85.17067152568706,83.14768811768201
82.38714741247597,59.567711918563084,82.49889853442306,83.18328649002227
80.85310189633425,63.26745125078844,79.98108258428462,81.28170211268093
77.04909065978121,63.25525890186816,78.89461653200007,80.91042641013087
78.74995284874285,65.59181727967494,77.07431305251431,79.6207325060798
79.18180454294703,65.01255055248953,75.89643119730906,78.22665365576312
79.49354749870639,68.43922097243114,74.2839926490716,77.44872175142677
82.48957881166147,68.25149900274408,71.7092579040208,76.5054706224415
81.83046353086158,67.74724849128329,71.77324652226123,77.10744698715999
78.1823302670612,67.02896120449796,71.76015636040884,77.84132380682438
77.00111232221386,67.0178314217831,70.64895943760354,76.50814513983224
79.38848145847075,69.29506109147185,69.21092160454288,74.88230518522036
78.44890870194973,68.72071770119194,68.6011449984443,75.31025832320204
80.00070820195198,68.89767309394752,68.19301108633042,75.07173450058153
80.36239027105,71.27521613072943,66.83399631336873,74.16305345631459
83.52911848149628,70.70357084662668,64.30263339833557,71.66242312608259
83.65995164083732,71.45081456757819,62.961560341372234,69.8262913970702
84.97419251740303,70.7898608807385,61.434854711287706,68.40451590942145
85.45819973744474,73.10755073020624,60.23804998800114,65.50476243118909
85.9458318853052,75.00808362927283,59.4157550526318,62.80857029028246
86.22846775718767,75.21437081120831,58.97513235671839,62.35115034535682
86.40020165730544,76.23521285303717,58.68247632406097,62.63885774119129
83.43025282536041,73.26337809178955,58.48110811881042,62.78205118946779
83.59831535219921,73.53934901679926,57.692712557320334,60.97891915390149
83.05874185190987,72.87927145689507,57.5481504514537,59.38775835574111
85.2463115405871,76.58102333691609,57.374076137575784,60.37188887304282
84.39912580711342,75.14210269507821,57.21894504104661,60.782124565898265
86.43843864188513,76.49221033767651,56.83315994767506,59.31378183929542
84.35987012559424,74.47813948507049,57.874910017366204,61.68167574177309
85.04427789586907,73.62757902644191,57.92470409595716,60.97964419320994
84.83128537747808,72.18268690696871,58.536236007739134,62.97537020461725
83.76047342587916,71.71525083960776,60.048816331835425,65.12349917527666
79.93482945368278,73.26413876482069,60.98280386118913,64.755261288718
80.08578538504925,73.77949728630878,63.94749356095619,67.60761614515589
77.66147939491181,73.70495682926098,67.57500568771545,70.8270400768296
75.57505641278254,73.22364092427378,71.05028085119271,74.36508082235089
74.56779615508862,72.31223581486654,71.92927280212746,75.47268108022784
70.90678167968255,70.26644199651297,73.77925585450208,78.08444083607563
72.1733506284005,70.76562737685043,74.58260477347245,79.6685896066507
71.52556871278229,69.76456399897741,74.57067348752136,79.99154766122487
71.00270919160927,69.60566188181579,76.14794770564865,81.18517587015748
71.29608252382806,70.07080977101604,76.9809398107423,80.07446016988197
69.68399272004248,69.70842782497728,77.87790994565721,80.34356610297513
70.94437114370953,69.1534831686731,77.67667214129189,79.99541708550535
69.94508903048872,68.05202780449699,78.02527298882725,80.19210222792009
71.00521213327106,68.90468593967836,76.98650871685632,79.89364630911983
70.30871014807225,70.05781018419678,77.19219579272269,78.784175163833
71.4667566256376,69.68361824598168,77.41498223212322,78.90707075901321
70.72357860925138,69.8294746026152,77.02279822583317,78.4830948621524
70.47394109808357,69.89036922400679,76.4113554747313,78.42160835374423
70.9383068796952,70.92979653015314,75.15257630408617,76.9202378723109
71.77680779184078,71.66214454456845,73.35426710674814,75.45133041769904
72.89701781798522,72.91618425130208,71.19246033570924,74.22297512532552
77.30059157924157,73.23242312034174,69.19582917061842,72.43079890091809
76.181989191822,73.04172882452173,68.69853687514507,71.85906249255811
76.51430184676866,74.42575446526061,67.0524357351736,71.81888596693973
80.46951166125484,74.77939207690518,65.21892040307625,69.94022402490057
81.24514956889848,75.90179125402761,65.22925957802336,70.23622767260883
82.72189524039149,74.89665038303825,64.21921916277171,69.26805482474381
83.07940376282079,74.8659167477849,62.816702117913124,66.81169982962552
83.20355792098712,75.28307540825085,61.450779055486706,64.65975555556861
84.10390565818095,75.72417362409915,60.33721737016153,63.380906902192315
85.4903870446216,76.19448802236693,59.91934187755366,63.01834207050051
85.85390627434873,77.9430863796137,59.42271113294316,61.01621676713977
85.63005313199338,79.025740330889,58.91585809148198,59.68182622298763
86.56365530819016,79.56307950700221,59.034875052565,61.55018681119088
87.1104084578213,77.5161055435608,59.02936618982616,61.964218356237765
88.6384703237186,79.93392873269208,58.168890651390925,61.35495137250646
88.38119651062344,79.81139859669858,57.55013749633124,60.52564030660285
88.92988304166067,82.83893273911595,57.51738540593645,59.75343945340874
89.55235138313316,79.3230598501363,57.02003783431964,61.1426528827352
89.52948713707275,82.09954660883932,57.176117888940446,60.58546793954791
89.36967774938,80.28426494506436,56.51812130788062,59.92519874756658
90.51165478468096,80.12738622219922,55.691503663059954,59.32716725286717
91.63291276480783,79.84196538836346,55.12103054948591,58.828962900030874
92.36775909405989,81.84257963907625,54.216111450552106,59.991857933761565
93.00275033800719,79.86425636745973,54.289787409923136,60.19572737738522
92.19019434298406,81.08347094484293,54.14616160700064,60.129490605431315
92.50095678735975,80.38477985136937,54.07822558543674,60.250047841206566
92.83154871325246,79.18084448150944,54.47621531763572,60.3672081317077
91.43962068675177,79.98415508944144,53.397385213410544,59.209698854320244
92.84698931020027,81.54470457965431,53.10729091084945,58.894080830925745
94.12397290434811,84.02898640921177,53.7474918133741,59.4393721522796
91.98824984992848,82.88766001939531,53.90017876693992,58.21705056667813
93.28019628812073,84.53988172200704,53.90107898137571,59.66156956379842
91.09155218197002,82.6361056515164,53.960114630200586,59.689229737006244
93.04185551064957,86.10213368615685,52.58849967206023,58.71977437573319
91.85525642029484,85.8227451808634,52.11681870237909,57.87121801229665
93.71631222313965,87.51965285194653,52.408546818369146,58.68499849532568
90.564085285706,85.38715424672809,52.90278951159581,58.639815041700075
91.87918406931094,85.18653652307842,52.81577431743282,59.269276197007244
93.49431936179388,87.33894941473191,52.91634479692004,59.08493381213774
93.92968669724289,87.98573497071663,52.27536171293612,57.61594766110579
91.92831376114381,88.13947128999916,52.89842313689208,56.06203032039228
95.34963492731458,88.8924089059387,52.21888200083957,54.726199033825736
92.247150514038,86.3602659999295,54.35800915258805,52.93793052455508
93.37091562740929,84.27628233175395,53.934484052798595,52.29149051227334
92.06937590851517,84.5167913433535,52.531932997422786,51.81245613165238
91.01852907932931,80.32407511379864,51.660604194857015,50.465512492129264
90.97491928876661,82.38751371171324,51.26196867344332,49.958004803136035
92.91531384324566,85.50435895664334,51.40623449612589,48.71550999198675
92.53781339408343,87.80187918520318,51.227275433512844,48.40437456416395
91.1731518008323,85.15265879877037,51.343653063374475,49.254802031365486
92.43664725206398,89.09791024868355,52.70737871364548,50.29967815985948
91.63310337510899,85.42493092339623,53.18832205837579,53.78073812879348
91.59071819502289,86.85320999017165,53.02232947909485,56.08584686535983
90.89960898602484,83.14245573148338,53.26990434240345,57.781265905197316
88.00619896269043,81.50907441412454,52.873496850009744,58.14965207507124
90.03459158152607,82.38752920931228,54.99566669046348,60.71856340754732
89.46506956727455,81.39555093629181,55.43176882443528,61.383763850072626
88.96685354252097,79.90314339470794,56.716210517497124,62.38803388929507
88.9563183342529,79.01354603002382,55.84068974750981,61.218437114757045
88.79649020258235,79.98807776902532,56.744605044054055,62.51761887601185
89.63213294605823,79.57624300453695,58.320725562961655,63.95025141768391
85.8273061510236,74.52935521544896,59.85866284443717,65.91856923218802
83.5505275720064,77.0976086037423,61.36470413333094,66.98039619583571
89.93456136065566,77.34485528862177,61.933672688844936,67.6492634217799
90.05830223210863,75.51601719089929,61.00619827015773,67.31972648245923
88.79295680113482,76.06589995580714,60.99298959597254,67.66991212451855
88.28030204473703,76.42235415810745,61.943897253299376,68.7730437589804
86.91956620003589,74.22664705852117,64.46282377668604,71.41763178627797
87.46411193432246,75.93425709177045,65.65119812842539,72.15750205181067
82.71551942701468,72.52486287789549,68.51419735202532,75.81085468854496
83.75765891800668,70.09762846182285,69.14882095793196,76.22248294451836
86.24462398757063,71.61564049988174,69.24520331880404,75.73827771605684
87.46751673240425,70.93560249451119,70.03663096390244,76.54903732054792
83.08686755947248,69.80924753203824,72.8156600226566,78.0338944622907
75.2722645037239,71.02292528127278,79.57569499157565,79.43847866108726
77.62469606381379,67.66867859160867,79.1519903186615,80.07281432557173
83.40574438577228,67.12970112321977,77.42015490521325,80.56940939906828
81.79716611779496,69.11313537503057,77.09040592358977,78.94223205755605
82.58209140452053,68.54793463465555,78.2232531040449,79.78097704416548
81.31886737611876,67.65670915732608,79.15460838741093,80.13526637773064
81.69425000520644,68.91476925112217,80.20804234798555,79.42523749873223
84.93534422537344,71.68107757503624,79.4915399428078,78.38895874152908
87.37462540744728,72.94857721500604,78.89160306694137,77.31666698112073
87.85549500617402,72.43674364341089,79.38964170151914,77.47656459306101
90.30305873163951,72.92271328485539,78.8304822681663,76.91554449962516
92.7474956952142,74.62569583083616,78.78664007929817,76.16979669281986
95.83694608852852,74.67489133606249,79.49088748602891,75.70128849486721
95.30182098316489,74.46941658991364,80.59455444480304,75.82628828013365
96.35024291141434,75.75396711739049,81.31500184806977,74.79740939314871
98.21434469052312,75.1626762857708,81.12885151250846,74.91752157396621
98.27373615351344,74.04811549464266,82.51168601816843,74.50009774606625
98.52347392502475,73.850758500973,83.2113987075677,73.68900118653056
99.84098842066155,74.6893500092692,82.57252450145033,73.39746880470378
100.22772178301788,74.10767082724746,83.48594742517517,72.67154494218475
100.50573980864793,75.3322241800287,84.78989672547758,72.41091479912228
100.92262528896424,74.50452031568585,85.51395657539183,72.71436329929234
101.51382271974964,75.05133506291726,85.40297284663353,72.91211564076704
102.23311750725506,73.82735371667515,86.12280001966957,72.70364522778252
101.49995800422303,74.1097860058094,86.11670691635864,72.63234144052964
101.38579971611958,73.78069728901734,86.42049346326867,72.83653938192626
102.07270206373809,73.6975694513722,86.38580009615664,72.95152552596655
103.00629815467951,74.57376758306671,86.31114941818004,72.86227623523375
103.45615157528982,74.27008880954355,86.23325043828756,72.81432982720197
104.14109212658725,74.0209591348111,85.98989521459893,72.89785528994813
104.49045282118784,75.08324570849601,85.78174389375712,72.89565763085955
106.06765625670157,76.2973821508943,85.74513487429218,72.95533030270362
109.58628592113638,77.1460984983529,85.6648457602663,72.4967892093489
109.22938326880349,77.7939920243351,86.12865106493209,72.10459712808762
110.57873227264258,78.01689900276608,86.08067937561329,71.26617452864753
111.08414482880502,77.86523135573407,84.857116226179,71.03767998872719
112.4240358902875,78.85508827372685,83.85821178876094,71.42967025430411
115.32323654299682,78.7540258652387,82.49526580560791,70.76366152635853
117.1118061220186,81.77389425414822,78.84802777061124,69.28172504150825
120.83557220421307,81.35631255357646,79.59431274489418,68.36466065944866
121.82380005140534,83.36403655047349,80.11889464816588,66.96771242151397
124.45797562150624,85.18215278159298,81.26210356655784,65.93243210771247
123.78183903903562,87.1071995803276,84.27187795220219,66.64514368602447
121.8313048667778,86.54189488025892,86.11740430453034,66.23110586936495
120.8268690008632,84.6803531160628,85.33550455198454,66.91167841142908
122.38381872632114,83.19434227692773,83.84266833349054,68.48355360532423
122.69440052606508,87.84894763924677,83.76779990001828,66.65883995099864
118.78636085703685,88.21554596239828,84.15751815409035,66.48866210352375
121.31878700306069,89.96503691324818,82.42936630149579,64.86516848307396
121.61835591582945,95.29339805502704,80.35452046814578,61.034496004203724
123.092282890695,96.79631421230513,79.13597560044593,59.46140294746006
125.4871477534862,100.85936352006962,77.95147048423854,58.444526744040445
125.1259985829623,106.08144432114344,74.12494070028636,55.63934219267408
128.82533861201813,114.71630368558773,70.14947841561215,52.5162604266761
129.0834967600085,114.6849344852555,69.58297596240489,52.40846660077806
127.06054035579156,109.16980307655555,72.72877280404188,53.84223283614671
126.69671018278314,104.1754221478682,74.64313969302748,54.978653995279224
117.38779756378163,102.26587857929063,76.47507625915549,56.58301945274687
115.41710827192196,99.88334429273698,75.94160132724981,56.88589930515106
116.60411284137567,96.6400758462277,75.64355044029553,57.92352262395085
118.32692874386025,93.67617543952463,77.7020995435295,59.750676464700746
114.04377687974667,90.92927571405745,81.61065791042853,63.68582113047884
114.08229428240772,84.95870979554903,85.0849536715127,66.36941512569881
118.11666067751364,77.52674687783392,91.3154762523946,71.33810780683218
114.84418237274235,78.34629119142323,93.56950878967154,71.3144366601223
113.84993454046338,77.1350272318398,94.36571319446386,73.39031540936728
114.75921947281125,81.35142143960985,93.97255836883062,72.62076551921778
115.30841898266256,79.8673335202877,93.26057292334676,72.81583955122149
114.2219059643062,79.74700989428581,92.59723421396572,72.06259031885025
112.82587468200279,83.2145675189775,93.41786123169754,71.47223214954498
114.69538162362815,84.67529538048443,93.49162200664995,71.15453619215614
113.1203961664707,84.64158180888163,95.9292516123711,71.82547896036176
112.32985688481665,81.15945033632157,98.66297910146045,73.72391548946624
113.27261436530063,78.92896695650596,99.04842971666436,75.83429631159746
115.15436242906824,79.58965098114285,99.24068310084787,75.87019754943306
114.20995381390918,78.81861268004097,99.80671590733789,76.25355222780868
114.16499416769736,78.54506930808222,100.88201727983966,75.9148052314918
114.12928599685495,78.75524782589908,101.35968362152447,75.98501826421747
114.23511560059694,78.68173211192871,100.62412915036862,75.4983521823926
114.31906094529722,80.25105143495801,99.70974798245241,74.70657632930272
114.3390132214912,80.70047891451753,99.17130827381449,74.01371502252745
114.9519367981972,81.22237095521677,97.71355804423061,72.74910574581644
113.92914494082684,82.34346462538686,96.21617300897131,71.54805610078878
113.47693997144412,81.81627352180504,95.54673040867425,71.33342585678054
112.95166679528033,83.82214926085973,94.60371596998621,70.28456500367115
114.37038824442237,85.12265437784447,92.8132091068584,68.7627784025142
113.46958702563964,85.63130860812961,93.06412184715823,68.54097165092826
114.37626071895737,85.73513211101805,92.52759941169464,67.56019232093266
114.98811834346685,85.21511750198626,92.97954334236319,69.12780942962124
114.6845008921097,84.67931819738021,93.6065841532806,69.31641243336459
115.47413735138267,84.19926450468778,94.1656779339534,69.6200867132807
116.26789314487519,83.26465585402218,93.57230697196837,70.99928326265875
116.20154623705967,82.40836533428396,94.13230791650565,72.66718656776023
114.98858847396912,83.00375213931358,94.5076252981555,71.38534850457597
113.97008909707407,82.81999954892655,96.55503054608624,70.90666227910002
114.63626755315934,87.15602341204766,93.8667166026657,68.07412260949843
117.80268311121415,86.7597587800464,91.0440478400717,66.54929957857908
122.0655541077979,88.27276350444457,90.99901873752921,66.45673129189211
123.5710590612142,85.76581353313837,88.39016947522785,67.56377088294201
124.05952824193483,84.9632189967854,86.38024161183345,67.88999877400732
124.55289169769325,86.78972926613551,84.43361479797287,67.92084664351023
124.30747519804932,87.31360123824496,84.13361527772949,68.37920621491635
124.0271767864977,88.3935243345028,84.07583441528583,68.1160275028694
123.6797591983069,90.01401561582816,84.71509708190185,68.36796486209367
123.82111276742417,88.24161652429812,84.67094585187041,68.3838934162475
124.0235636779598,89.34293710824053,84.44182528079915,67.90824199445642
125.33709713102266,89.86548403886422,83.67938239811093,67.55119744961529
125.82970325768025,88.46316558758296,84.21333518385825,68.1835626236622
126.88479260250816,89.13963484973672,83.49912207037431,67.8323330837297
128.0916781957046,89.97948466445321,83.43181694843459,67.67134072968733
128.50352475272257,89.24720583087918,85.32666021135175,68.29300288902289
129.04134224114486,89.57662792976271,85.3520384181009,68.5370822752402
128.43859231330725,89.0922593949355,85.54362225815115,68.34871485270713
126.38449555116117,88.62559253004908,85.34584654416204,67.89761865083935
127.16356492035442,87.57586432510541,85.41673612608803,68.7709092892423
126.71065557224998,88.96310093797325,85.78987049612503,67.93573660061601
125.84503187379104,88.40547224518514,86.7886655004648,68.77682406431721
124.21665036203099,88.63114102001484,86.2989685630474,68.19792303809534
122.5821819687539,85.39997394574803,87.33133308397659,68.97483238194143
118.42196854640757,83.4608296359545,89.97204191109111,70.7376119683254
117.45072758619231,83.15597397154356,89.669986478006,70.8954800354285
117.31386215234454,82.15243123851339,87.43920074413906,70.7291646225826
117.95019442613193,82.13004509553747,86.12552057156427,70.29957167415942
116.93829838071102,82.46647537921447,85.62218253545296,70.24588224938356
115.49550176726417,82.06071950685067,87.1021971490654,70.51250263668928
114.59607282369628,82.2662662137587,87.5675589424512,70.3455193302951
115.29834643229434,82.84635987615707,89.06010645181757,71.4917895250296
114.52833767318899,82.48663579675008,89.8871417922939,71.8947093635311
113.62831816397541,83.26068024042746,90.65965395525231,71.25900450937945
114.03580859154212,84.99900964291824,90.60166162550951,70.93511670049165
113.05975646930787,85.4254171636718,91.9489990242749,71.00268129765641
111.818030205568,86.04963477375502,92.5252860244109,70.86325486655247
113.35299201263888,84.65151097912975,92.24607285948785,70.594316908928
113.27083433749169,85.84984581421986,92.41923830743849,69.88920607663842
113.25919949840323,85.54480982391107,92.89252019264666,69.46552561584976
112.41173428619436,85.67028956294456,93.65111028503316,69.12347116707961
111.6739449840029,85.63950009404002,94.96485417261921,69.58907232168559
112.81440651774693,86.72095401408109,95.26501631020925,69.50496086832221
113.02341802993269,86.75252665192727,95.44638903779088,69.44071695981734
114.17137215488373,87.92136119544682,94.94671491874817,69.39320900559073
113.68953977400187,87.1637658248549,95.45432499301188,69.14085213935269
114.52521989365086,88.50947060386062,95.25046353301079,69.34553022782563
114.27588490664145,88.46956661616825,95.48015157343585,69.00230353524162
113.81559873931698,88.70569000959917,95.14773318542855,69.09570005892667
114.22921170869337,88.9138281655268,94.81376286191013,68.24277823925891
113.88323221808278,88.85588449001506,94.84349039781881,68.20726788520426
113.12675856193849,89.6948625628695,94.84066012221678,67.73197897582348
112.59254709387787,89.1034221765761,94.83635966966612,67.90323255114467
111.87784015863141,88.04314212235519,95.85241294445592,67.62196770841463
112.47988177109734,88.07828512871997,95.39610193632095,67.74470537732569
112.30387631210345,88.32160431393467,94.95895880157435,67.53406798345878
111.95127654897695,88.66668883506344,94.70688293720237,66.84392945877937
112.43364921606724,88.25483541475722,94.46628921434991,65.96573200251679
111.88549576653385,88.21499003002188,94.75522306654167,66.01051066261249
111.67985716967581,87.29540949420111,94.89651124658587,66.32647837487903
111.55681068790163,87.24442769629563,94.81884322380611,66.53427693162749
111.5297549711888,86.49707177561231,94.62213068262241,66.05828564799413
111.97654688616288,85.98933434500272,94.689911598768,66.04083204241644
111.54962681578775,86.88975043702874,94.329091094987,66.25770005367688
111.79298906638228,86.19280467250051,93.9347127852042,65.66675881906147
112.57542692061855,86.5387354168407,93.68096378571603,65.58912462530297
114.21934634366936,87.05915541433404,93.57433831852066,66.26441011859752
112.78496031576258,85.42303148384491,94.06017580402172,67.70151393660704
113.39873511004492,85.68796916310731,95.52119433069139,69.25177773823852
110.98347283879895,84.2121343564814,95.82178112904273,71.05311776164658
110.79889264856996,83.52392511012027,96.85717075754758,71.3433240961657
110.45565619440481,84.65105495830757,96.43472642954976,71.26188544471299
109.78439045115604,83.70290604715096,97.32834434182854,71.96338956585433
109.92362909125858,81.34911979732814,98.0920118370141,71.17343398932809
110.26532439480201,82.01646928168599,96.43965760688036,70.06306973740928
109.62512393919192,81.44080545294521,96.8894615942724,70.5727653148127
108.86213839676128,80.47107130901875,97.77196954436806,69.81289278235313
108.54998840267668,81.37916898493354,96.98733398566227,68.80342960825791
107.48179124430536,81.33092485185354,97.89216091959241,67.40605190762105
106.75006391459986,82.19382294319283,99.2195071805659,65.3284796018956
105.97214426486582,79.92653163967785,99.54322978081524,64.5424140155662
106.30357207568343,79.2087412009376,99.56302186425813,62.93865773484356
106.26489771859502,76.88621023956466,99.4561969944506,62.776255057980066
106.3628776571095,73.24538807854854,99.91703643382789,62.90839376477791
104.22505445062859,78.26950868333476,101.54345188975843,61.58879025051797
104.08465670693805,73.7883604571432,102.37176324628015,61.77084378297924
102.30222929976885,77.57706191558974,103.09759828522792,61.452992868039274
103.51530842836593,73.4488204814584,103.1353377331119,61.28280947653634
102.2794011417179,76.85353485982728,103.8597768181267,61.38481870807981
103.82792578300749,71.80431544867406,102.87484911757878,61.69285225694874
101.97633968748224,77.27642474227551,103.73375250980114,62.27484826935522
103.41973069078311,73.49233228045688,103.0482644485119,61.52030980432062
103.55737678020257,75.3189206635563,103.04073350014173,61.41132249124678
104.70210136575905,73.84651588701668,102.66186782512253,60.94329024745102
103.87403682987619,75.606965938175,102.02402106681012,61.09389893419687
103.09614114079262,74.55621213662494,102.30854169302413,60.29153690839075
106.35158705818941,73.58270891758089,101.96937227033993,60.23793299491635
103.7295620883061,78.54455927816835,102.32261410463781,60.22597543780394
104.74461449620274,72.8649903946332,101.21298048025076,60.910003341593
103.37647897692408,77.22899016394254,102.85458599146435,61.92254335375553
103.95985346953327,73.90083213810865,102.96707284608972,61.817720489407705
105.84717665383346,73.68303135978373,103.55415133100496,61.84121267105755
105.67480344202065,73.23854917551645,101.79550419994307,60.89433109232648
103.60024080862772,75.2812541807883,101.14058283586957,59.936637146235924
103.6958265827034,74.14556422472084,102.41028775256196,60.778512663839564
103.17108655941175,76.56830037067814,103.56853244758274,60.736018887549946
104.84658758208053,74.57865858671175,103.4404307928702,60.47699068790463
103.47460211855467,79.67338691208712,103.19389268671878,60.420926371138265
104.1965789181866,78.10852926660189,101.04635632378304,59.55747759960872
104.8440803915686,82.17569297186307,101.37198936334718,59.33846390978947
105.08578613923747,82.85090649266452,99.79476683285318,58.64147925099908
105.75422310217621,85.89115795910281,98.9234690788507,58.819368652106874
107.72953983414435,84.95657113142013,97.65966422819568,61.96524518833161
108.13846257222599,85.09037943262774,96.17354482625115,65.91195353708825
107.16705927676767,81.97294801719116,97.62758188591778,67.3500024031177
108.66120670248438,81.86250933764057,96.32184318682812,69.09294397120324
108.2726582793758,82.34969846708223,96.58938803109214,70.71356693302303
107.49938500061286,82.14731351071268,97.01996779174303,71.23997991216841
108.4742543979429,81.65111067785772,97.49527782520796,71.9824771306127
108.0457860501588,81.03990743161157,97.97327775319803,71.9500313281831
107.82064934531645,82.093297925263,98.22872694413272,72.34495932525525
107.82074867756208,82.75518635164977,98.20322920737586,72.13980429865357
107.59341908699297,82.09185801486969,98.09798238265469,72.00946023979188
109.01633449438664,81.69826686354381,97.39183052294547,71.26533150728737
109.10973156329528,81.81354152433588,96.14189551598756,69.51216866031264
109.9580614245004,82.30772011294928,93.90415913342108,68.00458540886704
111.86581386343539,84.32709437114656,93.29098579851984,67.9104169705975
109.93211395999298,85.64104009400992,93.50292906243592,67.51055286862079
109.9722804718395,84.61894115644662,94.04915243522726,67.14212256991927
110.22746135492974,84.98570167047244,94.23251625498426,67.32843186413325
111.64596817583097,84.82207802939561,93.6904244881818,66.94355146074001
112.18417499658982,87.19423415767137,92.78976157908599,67.722310493251
112.04546920389615,85.79250084123191,92.94583527384832,68.67177321987992
113.30801656926087,84.900349819353,92.54748004507202,69.25072248043463
113.40604055044008,86.05048902589608,92.61742329365109,69.66675266109846
112.93140776501275,84.1686183104792,92.19611391333387,69.46375825208847
113.13288561725497,85.28385148003309,91.84061304283381,69.36085538954319
114.03130828191883,84.04582591007664,91.78745057483422,69.83983621695607
113.82056203522288,85.11891936520716,91.36497944517924,69.54304505864818
114.50093683942379,84.62212576239575,91.04674082310555,70.05805560411474
115.25187548537883,83.83226910942538,90.44195825775796,70.70350377333673
116.99386421948311,84.8079047409876,90.3528782504869,70.53149886763418
116.4770081274192,83.84041992950957,89.86943955570848,70.783546127309
116.95196211170021,83.60968622455505,89.86090731956833,70.89992076378054
117.71536039991652,82.43489095062208,90.79288149508884,71.61260945617771
117.53216869960285,84.58255611256267,90.1457456086068,70.94630745260903
117.85432800812863,83.48575625674124,90.21514159116461,71.58491448847064
118.39000862808179,82.3507665785384,90.37308943328955,72.1942187960482
118.32348971134091,82.38942149977328,89.71318903434943,72.4168051938128
118.51253049182931,81.85730325404401,89.23085942649763,72.34298016183385
117.40666011114683,81.39503769778236,89.25842660387822,72.47420683099779
117.6319447897282,81.95575091757809,88.61248371155924,72.60027795000008
117.63848363470312,81.64394262930479,88.53241993762501,72.42872851092167
117.67217316517349,81.41960683682858,88.40418882590302,73.39186542790534
117.12740967341402,79.90661840096867,88.6469750867657,74.10073414532829
116.13883715057548,80.87759231007432,88.41437281798966,74.62186005758574
115.08456750770236,80.39678387184324,88.71746166428278,74.25449744186038
115.44685915220802,80.65757642676317,88.60567134402146,74.25247409959864
115.18032238115,80.61037159357146,88.71198707363749,74.28551291637271
114.95885775856601,82.19681239991121,88.47254327193048,74.15041206541197
115.17672867491338,80.06715048868264,88.60357390017325,75.25403520427534
115.12434477371427,81.50066466056491,88.80831728850896,74.82539187027643
115.19887035948364,81.94897222629118,89.2603098181421,75.25018787163638
115.15133471320117,80.23426544570735,89.74185572008204,75.69315123749155
114.59824597057803,81.58950197589121,89.93348242407832,75.62223506188944
115.08449903250023,81.2214228412983,90.18000095843703,76.05581154396587
114.98543390613384,80.60689920879167,90.3068116310917,76.07990275429164
115.08815356167113,80.30473564664746,90.1024404352515,75.86532118717383
114.09241907260987,81.60563019796733,90.57343211845213,75.88139097125284
114.78213535465272,80.81963928365482,90.58758475944455,75.9821203584716
113.53640500777304,82.68499046799218,90.81558720125079,75.81486403471877
114.11238869515975,82.31505135940489,90.76506025616487,75.90322247650272
113.26733136473604,80.75435021435477,90.64264439943418,75.90832227636858
112.55130694313881,82.59283906459603,90.764726201613,75.73232113838606
112.65581455971824,83.39882888513563,90.57533377118853,75.0035812434006
112.42496990732995,82.28501559111132,90.5359244431526,75.21414850527738
111.37038110141934,83.09302638094192,90.6973176311457,75.40357736506927
110.61096500876921,82.35242731716984,90.7425780391022,75.41535410589469
110.73148914439908,81.89785206638723,90.7328835276081,75.90729879691305
110.51903392477166,82.16467056403408,91.09227272662855,76.26465301255685
110.7846477742663,81.98204204803775,91.29139170732677,76.48299842345574
110.58528402728813,82.51407090332225,91.36681597862687,75.84282987304302
111.17783186921682,83.06878690160188,91.34114412289448,75.98983708546811
110.38043672732934,83.07421151667779,91.16957698479445,75.60658184945692
111.02041217141638,82.1543012651353,91.26776940716724,75.99153785058878
109.73846688499562,83.63985053630388,91.29735822219627,75.14754502114224
110.48512470578433,84.30490321309578,90.48107505132197,74.60116159138656
110.33910109186887,81.3726599772907,90.93492647837164,74.91904772119986
110.34468745609209,84.51129172860323,90.87419320305021,74.89642289044981
110.31313026810577,83.04347403975575,91.13078902433533,74.87536271150412
110.42233800724378,81.80859907420623,90.89812183707495,74.73207553322817
110.03645774432817,82.38661980423653,90.94505936485926,74.84345961027694
109.6040209255616,82.8812529000395,90.95196181098619,74.83566924874914
109.23223174970136,83.33861540658836,90.78071472325355,74.63374330791702
109.18373585526689,82.03283798648974,90.1400661312631,74.39806914420802
109.3529661277507,84.27339301356803,90.18038976598297,74.20907334786395
109.75681290256144,83.35816241416956,89.57859831597088,73.53031823806714
