118.0,69.0,114,162
114.4425704915186,74.27122738723871,118.18810120446281,147.21901983489758
113.48695801579167,77.97166554902772,119.93355467154166,139.25271382381956
113.42276936526436,79.31709372662597,120.99485433587753,136.1153853006543
112.35786290351028,79.92988206352913,121.78708181016694,134.05698391981673
111.93004024286577,79.88320900212177,121.91018318614346,133.6156010387252
112.49736064933516,79.37596379513374,121.86959754898592,133.51204946051377
112.32017520446871,79.02226554990881,121.91580193481256,132.89235854861988
111.23019418037217,78.8363890560198,122.49591046738068,133.4652834113979
110.71188733936894,79.40662702006097,122.40270237204336,133.20475133097182
111.1707650363515,79.4906103400924,121.7130353569845,133.0405078354402
110.17927040707502,80.18375335097195,122.19767256475622,133.19737366914984
110.27609100935157,81.429961951655,121.91293638949999,132.89379924122125
107.97992565674062,82.71137104401038,122.93672461425315,133.130907814323
107.30365647470381,83.29114801453053,122.57231351543612,132.75608287718893
105.23180484520897,83.33246343613568,122.81547356153519,132.629354133588
102.92138162336316,84.00037783513093,122.58649700717993,132.38935053091
100.81721608596801,84.92277223626283,123.00155415618897,132.68744502942747
97.90185205153934,85.16014460705,123.25549999848383,132.78783456519687
94.32935168630922,85.9804296180639,123.66420312152218,131.7969227462941
91.42591023948559,86.54762022829871,123.6717085737632,131.86188234613695
88.06085596429797,85.64925845042214,123.97069529796656,129.50339349954635
86.34374146741743,86.30676073219828,124.96193112766512,124.77038966841593
84.21660921588271,85.26963401255232,126.22486262292207,119.88202714091099
83.92173032543761,83.33703985685445,123.96009769873416,116.51064318668173
83.78811090656102,81.77643692146167,123.13636363609672,111.76148772934229
82.37156692833106,82.88922532193183,123.52749602615037,109.37599881902696
82.70344060533397,83.00604384085437,123.01584828151957,108.75686373430688
83.66668427737075,81.4607191335556,121.84271787103975,105.35044283640443
84.73391791892334,80.0519043999516,121.09924179887209,101.84080179579993
84.70170025015378,76.98183565134451,120.19440833758307,99.87894954692035
84.14803576395042,74.41396820104939,120.46247339397416,98.73389221118248
85.06576220557851,72.96936438126826,122.29990259079611,98.80730395230722
82.46957217796191,74.67882266291664,122.37732292923242,103.03481072885423
83.90393625511342,73.02682762509677,121.67769267532002,102.45162429082208
85.88681527081212,73.84053245919964,121.129506665407,102.72997634136635
87.14457881641182,71.67859849305228,120.9639551601451,101.78620511350482
86.7312913990147,71.75165962868088,119.94916036603311,103.86859846724761
88.63523417676456,71.79958895651677,120.63242471287715,103.15762750688833
89.4189867415875,71.18924939733529,119.8632289094031,102.21665501392317
91.09318012054477,70.72642310911226,120.74213707336358,102.81259567630673
91.53455736010599,70.64142396367086,120.43125149072551,103.35216183828328
94.46522908232376,70.19269565035239,120.9736250873056,105.90925591609209
97.0645316000849,69.68934841918856,121.1036028154552,107.28249700927913
97.87474955622035,70.3375173275862,120.8635379969343,106.97282301084324
99.59270511128076,70.65485931473987,121.97676018759472,105.99301574552025
102.43980461557065,70.09859855499579,122.32433974346807,106.94953140563344
104.52668356974232,69.53128834198816,121.91346025309349,107.7731471929768
107.21304558995345,70.26956926724438,122.52260877126497,107.43434169012063
109.46317724985701,70.39050503286818,122.22614183817662,104.93447455340427
111.89136808476553,68.91069701891269,121.11716617421894,104.0879992727215
113.68167211738813,69.06099617302313,122.50149341170811,104.27568221450062
114.60472041298141,70.94841791885244,121.65359628341218,105.25465342010763
116.89706247374555,70.90046147963336,121.92508281618078,106.07969227510827
116.99559773467703,74.1791438941282,122.43159505798967,108.39168169416547
118.8782722605356,73.861508022685,121.20225674846006,106.90503571244251
120.6241284460236,74.43613774242999,123.09231927982779,107.62281118506189
120.40161961958134,76.88657814959996,123.13465748935295,109.20569501915946
120.25652769224571,77.7803335522635,124.37140506472733,109.18942444820738
119.39252574930089,81.59856330388288,124.87614234905448,110.15516831410925
119.56822491779312,84.12057958451707,125.61312291832,110.75935962979398
121.74171654274409,85.16059117829806,125.62365309615247,110.71443165707576
120.43960271262672,88.94222041729222,124.96539906693405,113.3561902689312
123.05451784172496,89.45151666977414,123.04367427748758,115.4633912209986
123.16049692857172,90.48479305312341,122.36668924832533,116.90379646211257
125.55414592659419,91.0443373449406,122.30201698470225,117.11158165777506
123.31410308609439,90.46129833855798,123.21154602507684,118.96287085218093
124.84838127074491,91.33940951719379,122.14674331788517,121.42915215701868
126.41395070125449,91.55234968062149,121.98038717170976,123.15064121492888
127.3343249366641,92.5720406598013,121.6649682907343,123.150504862038
126.62003149843635,92.19317968653307,121.40196581172106,125.03115161326198
128.1681176925186,91.90997587881643,121.13669552316591,125.91292788103901
127.44381402749728,91.68331834739124,120.88791515789606,127.72751003373314
129.07268763642807,90.17790849045474,120.84977243222197,128.1292599233874
128.28649253288287,89.76717765415995,120.55961381118736,129.15418228933635
128.63937408380232,89.80313383958821,120.50289856091098,129.8724005337142
128.71020080974267,89.96485518835733,121.01944823403025,130.42032624437908
128.0457293330239,89.69507738842864,121.34948982028034,130.49162012548646
126.9082811591208,90.14432443940646,121.68417010363339,129.7643601543902
125.98766716490816,90.196955952355,120.85190566041805,128.43894331989938
125.70285813765234,90.86876139445286,121.27986111727344,126.36104898843803
125.35444565011007,88.9615922917796,119.85672149274862,124.74869041644081
124.24319447067836,88.12970165345503,118.1542665762214,125.01516334348057
122.04809696095971,90.03308308623424,118.0544713612837,124.86413167909402
123.34023738935556,89.26569313889777,116.20291755527325,128.42979536282945
122.58934157794229,88.81594123806254,115.01794159997479,131.6533653266093
123.83813322254463,86.42456429781892,112.9761688576451,133.24108136529966
124.27377660688951,83.5331633652917,112.8778923428616,136.69902361121348
126.82002129313207,78.42160082772656,111.77063246256398,140.8499440965
128.87489847452468,75.07938665668671,111.0917557853256,142.46525012412658
132.1813641938867,77.60691404466783,107.22861072355471,146.02616214503934
135.08407810722898,82.30280387762484,102.96523611952642,142.47263931506282
137.02344697887088,84.53756413861902,99.32127010475826,138.2246153751057
134.69462981354863,85.0341811474473,99.43865174985586,138.44619458987103
132.41665655986617,85.06779272396933,99.98699938026763,139.37540088018633
131.435021392866,85.14779465878509,100.79029656973675,140.31967557500795
130.3861219658077,85.60383070370554,100.52884249416587,141.65879367071392
129.21541799950424,85.53859252822998,101.15156146192902,142.72072754119628
128.3126734630875,85.69026642404566,101.19954321054374,142.92757262065868
126.69432868725706,87.08999212647467,100.88352890478276,142.8116234130663
126.4438756941914,88.25410790891097,101.24722785966405,142.32357129155307
124.18434632978102,86.8434884447964,101.83785030918796,142.6816754541572
122.98233251066587,87.96749718111462,100.84804860171513,143.86444411433325
121.40034848971752,85.487760463035,102.06978641900247,145.31076447432062
122.7031077840264,86.28720697571646,101.16464624835345,145.10234386106708
121.6979627056281,85.6745535764348,102.9480687293688,145.32368337447414
122.78733392349699,86.45370299887112,102.68839367644352,145.08102784014838
119.36946776075693,88.34827412415457,102.21336550387676,145.37702963255023
121.12577249152045,85.67361776537783,102.31592938219346,146.04335895166622
121.78191110225625,86.6973411653195,101.19560772712813,145.92138822600162
124.98023575600698,86.4117850480308,100.47254240400167,144.7111894254228
123.01006740543505,86.92629331475723,100.99256050162991,144.61237919079804
123.01498344255582,88.80862739098208,99.61676163051337,143.5621275422546
122.69811714166184,88.81694235974061,101.83630966198882,142.33108110083128
122.08258549116519,89.1211531770698,100.733602211029,142.74838578453227
120.61782924907352,88.53335331413967,101.88699164833733,144.30093863539253
121.4527427544302,87.51776802428803,101.36767733293647,144.72471785767394
122.69963948608064,89.04273062595887,100.57841267822934,145.15062273245726
122.92551337727298,88.38073640175824,99.91932847006342,144.7729205070304
125.1982107984214,88.92897574578521,97.7130754734697,144.38148942639833
124.3409899515618,89.09393555942054,99.50506233320453,143.1419323479558
122.76584323310738,89.1942442827054,99.73274834823837,143.48217793849545
123.39715856997462,89.39499800670356,99.33803759637888,143.10899080299913
125.08038440167698,88.60646403850555,99.70358056188041,143.19622109291078
124.35502787531252,87.95707182592899,100.37041910289061,144.12449160204827
121.10527249795797,87.61495043265452,101.73452336345905,145.2132754042222
121.78023137502964,88.41513207874088,100.9203722108782,144.4564484890026
122.55069726665765,89.50770779805421,100.1725312479347,143.34746892537595
121.70353984747457,89.2742150284333,102.03908729723835,142.4045728728209
121.88206055897382,90.08334390040439,100.69266599142735,141.6979057050506
120.84388557258958,89.70591921699355,101.37588852278957,142.8524437925754
119.3529647374751,89.03688615256961,102.22503976333105,143.80653775345453
120.30921835444845,88.41554262476404,101.59622393563436,143.4391479047688
120.41056849034402,86.47341843044305,101.24160715993695,143.78881987739516
122.39821573549509,85.48993280474016,99.9232645739317,143.90929454676967
123.23810687544115,85.93035751327581,100.82600182528958,142.66388214141713
125.63474900229046,85.90199349318333,99.52722440752845,139.44503645113335
123.08462422134012,85.68577657059176,101.05706991669476,138.03585652678524
119.50500464616086,85.33132385409783,102.85250901822516,138.2985034148512
116.62659470607345,84.50978528517669,105.04899564644685,137.73610569917787
110.5327062950733,84.74782952012261,108.64155762469716,136.96784193631728
111.25539809459767,84.80452791259509,110.31693208228904,135.71748226074732
107.23874984340718,87.50625668700059,114.82157257881065,133.77877690920195
104.4574432091367,89.11147168794095,117.66400152117973,132.13615696591498
102.47453884285187,87.50713839005,119.24443427718688,129.93622370818125
101.69685123915029,87.9451614892821,120.35641959201192,126.87984914057643
100.60028674486233,88.86311540985614,121.34862084621284,126.05385951231898
100.26908769158811,89.30684583251053,122.21353360119879,127.69191136232268
100.0717529916512,88.10673052707067,121.64406115536949,129.55045496148367
99.45563830512687,88.09129534543507,120.67920800888689,130.80959680912986
99.97915311232482,88.62591661789382,120.90607365816285,131.68737574858736
99.57701916714191,87.6217364157807,121.14070043524744,131.73836920945422
98.05132066831752,87.97803371581222,121.38573146609934,131.74190009767244
98.61129942565435,86.90784455905454,121.34878176392567,131.82594296196905
98.59732055398192,86.85183161794306,121.72515869672365,132.1531788051295
97.80089407243828,86.8591138029903,122.30482806606094,132.82382561667566
97.69590404409976,87.11661446763904,122.00955909930046,131.98777936550317
97.7331673889754,86.92340136957444,121.5669904173617,131.683196040148
96.88233631447163,86.30336312444163,121.80280173629112,132.06490461049174
97.36581581804464,87.14614255443551,121.32922041469196,131.52045903175397
97.13616509081967,86.83182398028391,121.30738173242314,131.55092113122905
97.13662728447787,86.44656903183493,121.19012433729426,131.45204626250202
97.57102655744913,86.49873836856297,121.10034800814861,130.65544684685844
97.51394450285588,87.18677358502806,121.57782388491326,130.01903095494387
98.0069457723574,86.66807088874461,121.56701055489457,130.09183673813578
99.30644550869701,87.1510505545778,121.32994955877786,129.6881332658444
98.84565032858718,87.4782848360515,121.64353821001313,129.61487197828762
98.8854061478484,88.33732690305688,122.33581612227195,129.46444531498
99.19928595325644,86.5218708300491,122.13804918723714,127.82365946294868
99.6352135299588,84.26198265820136,121.65141742250427,127.33504347265978
99.62111876641198,84.63303756460832,120.76099733045729,128.5657424977365
99.93660082319941,85.02166603982946,119.2545144180543,129.71487714885671
99.67390336271474,84.04041959677095,117.19693204410177,133.11889835528623
100.14897125290504,82.40772987785141,118.19339050200242,136.2907719337503
99.01681254503501,82.53099676904573,119.2354483962581,137.51076036815854
99.87214263471921,81.06392251713707,120.2172930997022,138.44551922353835
99.00375529503899,80.74029463143052,119.31075723218765,137.92785800276397
97.3556709143248,80.8107497137955,119.48583224361602,137.7631441270965
99.34517235931816,82.69684986319449,120.99224195128558,140.03922263689228
100.59669707516706,83.33449673548314,125.52563050786901,141.24409246653371
98.3446996933342,84.54339046725104,128.2599719512222,142.68879279596666
98.94666403022347,85.43384021681477,131.43732989853743,143.9889479843392
97.86878336873369,88.1544204373391,135.541577549642,150.13872992610305
102.05349752986511,85.93378861042655,139.7688899500354,152.78128752524066
99.7475024245094,86.33525409346123,144.03279666465306,158.4134151529213
105.9228920066977,84.4981774562353,156.3866073440265,162.88798346643566
108.42754258055169,86.20627569795116,168.526842329131,168.93626452206644
108.82842336841827,89.80194093881082,177.14213397605408,181.25567622784712
106.45679886304573,82.00119293468083,180.86511931492416,181.69512389626334
105.80232981646441,87.26996912301826,183.27543680261806,187.357644761776
104.65272530674795,86.76262254462245,186.61889631033222,190.61800442247386
105.94904783125168,86.53138964720267,184.49750370273102,191.2551528345009
104.04275151843655,86.39687520630709,184.14151722679878,191.66126667722958
105.24102277383092,86.15508295040047,184.10038243085378,191.68580577888656
108.03356311090009,85.72451259570471,186.57951074109044,193.40735908593433
104.78530482939072,84.87509425362737,185.78812447207793,193.51708444196402
106.77780574278525,83.99866109447625,186.35262215700763,192.95464314307875
106.01877117696714,86.73517395031712,185.92525671833135,192.887867431397
107.56205076538185,84.28047102493693,185.28266726806442,192.53244173918864
105.69859422576485,86.88032117768952,185.77038356995467,193.13388889462095
108.44536997751115,84.95350232367713,185.04038187114958,192.37912816514574
108.28659027841692,86.4055433190331,184.86056578105678,192.6881809400588
108.89035034931081,84.55796976885125,183.74526976036276,191.64022501307875
109.58163085465281,84.75337783384367,184.97696656217875,192.5512887659064
107.53550561637469,84.92662550346664,184.94549877701624,192.78163668837922
110.45935521439111,85.53113899047152,184.5819304403584,192.7256248510882
110.5638456874552,85.20331482788403,182.81740750204273,190.79686155516944
108.05838020061441,89.11412608345225,185.6587828116618,192.385395294033
107.68483281317366,87.11135552877717,185.84246205919956,192.20294812213317
106.92978564952541,89.23333814452052,185.24366966774605,192.45037693361522
104.6344475837856,87.49644190594252,185.55553720547567,190.24283396155246
103.99358626542767,90.72705096288215,185.69126374844154,190.3160396757982
106.53139453766529,90.30567766716095,184.7596901727163,189.65750452895935
106.79782641306619,91.87419577959477,184.580952398477,187.81923539393546
105.85631258875921,91.64946927438471,182.8566192072472,186.42890568951182
104.38017767116469,92.95891760806335,182.28581775337375,184.50519945184206
105.19762326064921,93.23406530189934,181.34105108612346,182.13105152510758
105.34266196753782,94.25328698571572,182.61518265672123,180.0756403840373
104.58418673765563,94.1207731732805,183.69481622195437,179.223297403439
103.2950098782537,94.09471015072452,182.85861915950824,177.70108262823845
104.39038862035966,95.4554002995569,184.0652005424838,177.7943995961987
102.52086760230782,92.99803736601592,178.71897646530624,176.82423776796816
108.07317335042714,91.833710169335,181.8189548128176,179.98864655586124
106.4686422585907,86.8745624941766,179.01001162539671,178.5378623163343
105.08811261691088,81.55846765629957,173.19434971735012,175.8560261131821
107.40024231560204,83.22891437148579,171.6599340699678,176.28002526093468
103.36100865417687,73.38451813055943,161.52001760375563,173.0536566099749
106.97134336151477,71.99776688694348,156.5574658648611,167.78425138236304
99.2665861674378,63.073641621234515,141.4001467569213,160.98314888643722
99.09200615270595,66.09054673294952,134.41977797779123,156.86065458097596
101.72191930014642,66.82349139053586,130.18729543291028,158.21257532439702
101.25963553922153,60.791299091338914,123.18730240788506,154.09330513763467
101.4193296511285,60.766540483568406,122.55565832469611,146.53277596645694
101.1871410981638,59.49554310122119,121.66975466890675,138.72265891474513
100.6044417330944,59.031270794726225,121.85022908263933,131.29597891836005
99.88283290380366,60.98174946543284,122.74849434864268,128.55963339335307
99.82245924642453,64.23836003369519,123.18668551105719,127.516535547844
98.12330345864389,65.99530356949718,125.44470777997785,126.81939041959939
96.566495654745,67.8207989568044,125.18436098543188,127.16104490865683
98.66769697534227,68.78552941588649,124.48534579540922,127.0993208068989
99.73196560896056,68.88540870503319,123.45257268832887,128.519313205168
99.02098997297179,69.31074011996382,123.98914798374393,128.90296434015048
98.54600133381687,69.95264173256477,123.41144581869438,130.1224875309642
99.37391975670825,70.34083244028334,123.38201278150538,130.7471376096677
101.1143394905649,70.78626945065464,122.93132468097959,131.8588575830657
100.77415826302749,72.0950177181097,122.91445202863252,132.4051794075306
101.51819291309914,72.71502548102833,122.39910001364548,133.13476837388083
102.39662009988702,72.63376391212786,122.40457474163222,133.31010889449428
102.65198040067095,73.38466557408056,122.3857364642831,133.41530019949514
103.67679192224017,73.4057688577069,122.37670180005091,133.94133093692994
103.97769916763814,74.58089930310098,122.43339561003623,134.0610407492668
105.45279937205261,74.94212093388337,121.70597352151978,133.70071906973325
105.6895900339612,75.85444515701033,122.00299156293697,133.5724207211356
105.67959907564104,76.82257503230349,122.23629135067105,133.77245247445552
105.98116868982855,78.14601943370451,121.93661891917102,133.70594697243473
106.2824528195426,79.63936805792696,121.99567175349293,133.76563644273983
104.09953330506407,79.92968569618776,122.07110550901248,133.62646845137448
104.97496005967955,80.49137658219757,121.8571782693128,133.66421949185485
104.60209038787357,81.06187657310849,121.82700818909659,133.81136648268927
104.64665752318282,81.88209641194649,121.89613807863434,134.03127836751327
104.74568072993885,82.61187655273218,122.06241051277854,134.33020197266063
104.43294099088625,82.72929550701386,121.53551572330562,133.88448759925353
105.12345958435462,84.06485379200188,121.50890968871263,133.58782171287123
104.67125744632172,85.21698079222357,121.23362646477844,133.74792318117787
103.95594110213568,84.77562719978809,121.623365598463,134.36738573714257
104.45512251725374,86.05319224083577,121.83398714322689,133.73516825270346
104.28501766014797,85.91076157693134,121.48172249220406,133.31891874066858
103.5335306976094,85.60952466387975,121.5558634094687,132.9801694222405
103.4189326747848,85.20858624239673,121.6714119941804,132.26581091364403
103.00127240396034,85.57748106103793,121.75505406903244,131.37076419628352
102.35094957554185,86.04957127726932,122.95950831961943,128.98584890053948
101.71085353090682,86.9170470730457,124.51222238154574,126.17734994570549
101.81936332968085,85.76478253817476,124.91559462970079,122.04361607599424
100.1699946154976,86.3870333595334,124.49320168697355,118.06223699187069
99.52405534872626,85.80937083213156,123.90861537676622,115.43234476151812
100.18209388016683,85.38759565172654,123.75724168302573,113.46455479029692
99.6314029094256,87.83655728073725,123.63682186669567,112.35023138579112
99.47628289829464,85.44879114507847,122.90851818778572,108.30447459460869
97.98868554168725,87.0153259362471,123.74046338928176,107.46962278570894
98.83029264028899,87.56407827986682,122.38317692645327,105.09492693636011
99.169807533474,87.2001015169644,121.43473796039575,104.3930098566962
99.34162814254734,85.4478715467767,120.1929339004522,103.32145050996223
98.2222446234094,85.32951869259001,120.62692188599371,105.3801777027106
97.56321321182371,86.62314476614796,121.02137020721196,104.51857252825096
95.77535409837893,86.11710837603587,121.03974590480463,105.32813066003763
94.11874210650666,88.51239009114475,122.83441520104918,105.42916879231987
91.84973573965725,89.87858464458313,123.9675207081855,105.53790517372437
93.93632400999954,90.36646481204492,123.19763396242278,104.12580450676953
92.56252562054276,89.0223287258637,122.22080447180511,104.83614088811633
93.44363390356517,88.68871623174145,122.03555323779152,104.9078458568296
93.93049323059178,87.50485776774487,121.42410875366019,104.67638065591652
91.29654475982537,87.65624167817651,121.93388801941178,106.25697465145947
92.91931414605301,87.51925480727664,121.9344735145346,106.41192983857174
93.13991973927862,89.36371284646299,121.23270324605213,107.07521712933965
92.23029138679455,89.15652525932893,122.44881053695778,104.08248781142026
93.25751337255782,89.17231380458233,122.12135631152498,105.76175666817909
92.63395188852093,89.05117943270831,122.11469509991126,105.57705397638026
92.91686891911284,89.43245502930333,121.91778804068056,104.81102377928397
92.9846957767211,89.54079998317351,122.22155693288593,103.60812781685608
91.52450920124119,91.39454182513734,122.95296524009575,104.40555746300657
90.62434752751034,90.6377408819744,122.45265992544807,103.77832072628559
90.98664003147039,90.09607074565866,122.17949093315298,102.66317467079203
90.87898829991855,89.03241189329506,122.3357734001629,104.10949261965987
91.34337679768213,89.30120205032344,122.66065851401075,105.0638251474
91.09188458183733,89.86659430475513,122.27280432265346,107.29223253306787
90.5452571013189,88.8323911172593,121.82388399072157,107.65662889829389
91.96544600871009,89.66104234014361,121.98298737711107,107.2647073119003
91.59283373476524,91.59024795060358,121.21209864375076,109.36262543668347
90.48996164550125,91.5377882064838,121.85680766602874,106.63911474914178
89.88330697945389,90.61779704295287,122.66411113874847,104.89972085550052
89.78315583947979,89.60092808125312,122.8145171784623,103.39470145468127
89.65955668280506,90.43464752316208,124.04023111681175,102.71954162359769
90.55413635652528,91.42854658260623,124.04800780452757,103.27727573127193
90.3438041824417,90.99514571757999,123.93797146910097,102.97369782265251
89.77820437398576,89.1656062044811,124.34511102741911,101.88491307931905
88.67547278521397,90.5950208906375,124.28073777918144,104.73265719333438
90.01827194916609,89.58887849841021,124.66938871885532,104.46476009302333
89.84482327818996,90.70158310340821,123.63438908815132,106.21853789474609
90.70927842463017,91.53816441042507,124.07530911753653,105.72878592524361
88.35439363193598,92.45324815129959,124.74629086112806,107.11700223255706
88.59880831724372,91.16617066018073,125.08583063113755,109.3343456913573
89.11760000836571,91.3144581502135,125.51022234654982,111.56111665855738
89.94629749106906,92.26080258076522,124.341566394815,115.7180798970633
91.04405503096513,91.67970614489322,123.4486941372885,120.94564142115107
90.93418960987984,91.31362007382782,122.14077605367783,127.42595199101623
91.28449740087444,89.30902760349298,121.4159600322355,130.96113790824842
91.12013425091253,88.99241933883764,122.05050298254994,132.45583515044973
89.82889075637117,88.73944081423986,122.3821659970233,133.00213643792654
90.41044348287195,88.5311992978511,122.22852099324047,132.8412879277353
88.05652096109156,88.09659672332816,122.32693000164498,132.86546133849993
89.50606878596197,87.39696229948615,122.67972644174793,133.2446496197777
87.36095778898627,87.72494502594905,123.04880585757435,133.6358033074769
88.24594633146505,88.59926740574339,122.36922183902303,133.73634067679447
87.19348578926015,88.47027074295066,122.76775254257345,133.87159230316118
86.16178088917283,87.20821203197849,123.06865013571684,133.81236621924614
85.92070076951296,87.21823691674638,123.22176984769283,133.79298783642912
84.2609869895849,87.59973692457912,123.58563100129896,133.3582959262324
83.49065008541119,87.01997204074038,123.35268420417762,133.22363624078486
83.73972186590981,87.78876981686315,122.57036095568037,133.07953434088307
81.33877951828188,87.74695094832666,122.97490678374872,133.27096016389356
81.77568233356308,88.2103859815742,122.76052498131133,133.49863111302346
80.19802040717406,87.98827290349698,123.3645793028394,134.17625570667792
78.33570313992446,87.65634582698897,123.92972897405733,134.20558837531894
76.40020882966591,88.65640021518226,123.85436749691817,133.9191636809636
74.84496276143305,90.2509499606919,123.6242834615089,134.32369211963183
73.2518371442174,89.86173529440427,122.81236575062769,133.20704088580084
70.43699127237392,90.31149314305397,122.91160095134592,133.18643143850144
69.82755237693745,88.98456959213857,121.89085471878136,131.96579733916036
68.32234693925213,89.87504980323381,122.59309909024574,132.939261965798
69.85330207060127,87.31741918627428,120.5250242767662,134.70329639307644
72.49069441825469,86.29310446732197,116.74688264786562,135.74466264738732
74.25601149786019,83.84231783831954,114.03268525623275,138.41213556359529
74.94056124581846,83.00767589702757,112.32230768414433,139.6620468875855
76.07654752867094,83.65499206967655,110.99390811648624,139.53251463994377
77.09554898119083,83.13870962533879,109.59875799464959,140.53498919658804
77.47537344751993,81.21876672733723,109.54205095652264,141.84188549063805
79.33491369351675,81.52745123235478,109.14972217351337,142.99578723255607
80.91663487879161,81.0228967920576,107.38203175608865,144.86564440416606
80.7060477987364,81.43544871474334,106.28620762518344,145.84910379121644
84.18464428158234,81.12497292956087,103.88925635871033,145.82119061548764
84.81681020989969,83.85539524623522,102.14213641613813,145.78392996651394
84.88102799002381,81.55153175014325,101.3690780531555,146.95092209541662
84.31462484060711,81.28584436851784,100.86779011370766,146.86938181960494
84.6887982583884,82.52093412351562,101.19427237970756,146.2016925439844
86.01063669803395,81.73894073888066,100.49941752190087,145.58095641286369
84.77835879544205,82.9735614464853,101.23435906927216,144.4200951246075
86.91597718282492,84.20315790730106,101.34053098591266,143.17620371664788
85.48569021711005,82.7083382441887,101.56270770054553,142.97117141201323
88.43445302360145,84.50294070024466,101.15047261490648,141.1389245077138
87.5302570612015,84.85231134524386,101.65866312369076,141.80257945794978
87.93235612160741,84.63907267259349,102.23218106733205,141.12630411770365
91.09860597847832,86.2236441668307,101.56835200788711,139.9062272913386
89.3434914419714,85.07232567989934,102.2322065691822,140.88739209723258
92.64743497441812,85.69349949571672,100.70342106678876,138.7489263015353
94.02500366068631,86.13510053244953,101.1380114774555,138.1352554780697
93.88304921096153,85.2897240191435,100.30720480073319,139.28206319218174
95.5551919888238,85.7797237034463,100.34918023133679,138.7190865286543
96.36456793567143,85.25455214092942,100.48576891381339,138.75819918493804
94.60862178739293,84.75974420911413,100.94913826115163,140.1411255954436
97.28517634437657,86.18098502932602,99.33769784835624,139.45220840814483
100.64305854719416,85.56162947467809,99.01634262240854,138.8225113143157
96.70682634930708,83.04055944364498,100.62708826818272,141.90182178653816
100.55569338701258,82.8336923319157,100.20480585292798,140.29739805101235
98.05133504746483,82.40080661106725,100.64555988553909,141.27434502981862
99.64740105260995,81.30719075286746,100.2490211369676,140.97384481262446
100.20780173135714,80.60185878057027,101.20741289470762,141.9652582689376
99.62313920582261,78.65221399415755,101.3486922914798,144.37187206051303
101.51267150796795,78.96718902833314,100.49189941570471,143.59528502927122
101.99944266945556,78.98886946867727,100.54087906538575,143.69944612123922
103.30623910533828,78.54819395452157,100.00620465065158,142.88337893666
101.42797885798126,78.2739556469513,100.18267753794373,142.79089485844116
103.7823232764541,78.15256381299632,100.45088689435744,141.25416802830424
102.24504926027917,76.71665253254082,101.7069839989729,142.86512633140273
102.81657500137156,77.06709658860963,101.45303163788188,142.27983880520262
102.49065520204555,76.60690498701508,101.57850404903391,142.62972640292296
103.16697770694466,75.36664013478045,101.21737515251692,142.3411826210641
102.33678341897073,75.08235140446175,101.67250249799605,143.85476740592026
103.67611114017116,75.45053222662149,102.10084168450143,142.9475378416789
103.20011028852502,75.40770702657326,102.44313269443433,141.21665992146285
104.05958436293547,75.9924676013451,102.65741208467594,139.52846201410668
103.80198144412233,76.32402708709685,102.67725659417721,138.41923708557192
101.41635943955876,75.55707299037249,103.26145836697623,138.50218702706752
98.39536151155878,76.3980739937559,106.41731530696057,137.57064278397257
98.11146012134427,75.78176031545117,107.8005477748896,137.3862169179258
95.46151581183113,76.72819462267961,110.16498107165023,138.42801016870328
96.24054465541039,76.40765422583792,111.29951982003861,138.94836342332417
93.50410609868561,78.12488666416883,115.43655098622253,138.81159752127172
93.35341989410922,78.21349933606754,116.43534160826593,137.7164034274743
89.35019027736666,80.24217342049636,120.83920074409481,135.2758155125229
88.8396976834764,79.71244907171062,121.44404823656284,132.47427177845375
89.06318571567891,81.85209716762296,122.15469546317343,130.5540148932697
88.61359957612902,82.13830125301973,122.51221124813259,131.23914456427303
88.44681212234619,81.94509899134412,121.63378054046389,133.03909278879613
87.6501649957503,80.78791854812206,121.73247640498377,133.276732483834
88.81788197345756,81.59371070963759,121.72382467613177,133.27565231119357
87.74804213924173,82.52555426085453,121.98237031136028,133.15226061891593
88.45886018212767,83.86920517228391,121.93329281933842,133.18627227261968
87.94180561534691,85.11884805411636,121.63588950172806,133.5846915870798
87.92872424083389,84.91476864715042,121.76749048317598,133.24394903382415
87.75852568065113,87.24303918420141,121.76801333596336,133.30945385815969
87.94218519409327,88.28058769410808,121.4830002172822,133.3251161156901
88.4375225490896,90.32848175962465,121.47151251900829,133.39400083621945
87.09945696013722,90.13272786496404,122.39663661683494,132.8789229321813
87.55722216565911,92.15933863222935,122.2598537643849,132.73005930780693
86.2169569692328,92.9679540322289,122.29023767286253,133.04623915233907
87.67870800004692,93.81423720148281,121.40311256435929,132.36563570445625
86.93297324069407,93.86810534861664,122.03123979790874,133.10964501565735
87.22377609284709,93.53447406769342,121.59743072446209,132.79384483336315
87.40851336952994,92.86943389037185,121.17674767500263,132.4229974536313
87.93602175953583,91.93536904806591,120.97414788717833,132.46281903277443
87.85591582851593,92.48114355945496,121.23723450507751,132.83626634788695
88.15591232544303,92.00202243319363,120.9417764233327,132.682295465644
88.09052252657727,93.03045617857737,121.42100572809545,131.99133373659527
87.44232171632885,93.81514443174424,122.25759899898293,130.637899613074
87.68001269405573,93.21470470264053,122.7513637720448,129.5675083193283
87.61545333211777,93.15177034686809,122.84532624592072,128.00523616173257
87.39698401805036,91.73942403679548,122.99509446389928,127.02002277601841
88.7136609693146,90.65580129133654,122.22398421371454,125.77793599154566
88.64480500848899,88.78426393823149,121.06887997325639,126.75227290478702
88.94389434942727,89.341418341623,118.5715008519267,129.63714012339463
89.13686093884272,88.31280672659179,116.0474756320802,131.18334650775392
89.87989436132159,88.26865790491976,116.05692270313807,133.1453318952386
90.47968875783229,88.73078224332018,119.35788322652292,138.0583940094534
92.6801039839129,86.76050494219115,122.41951615326795,141.52763513514896
93.79444927757228,87.49264206427989,129.54830847610543,144.82092925034647
90.00857783442973,86.72798664532326,129.10137460457804,143.45753989294724
88.25284904055101,85.55263890089466,125.85123551264797,140.02863333102317
87.29292346820182,84.76813316699752,123.93893333703387,139.01585768944247
88.28592841528621,83.9900003177476,123.53013291552132,138.9196575676298
88.41157113477132,83.90563560591336,122.54087140233236,138.75592849520453
88.71552700933947,82.8865726723821,122.47629461413356,139.55626139351705
89.29043376611091,82.81879635676965,122.16687416699692,140.5980029895857
92.78852582915451,81.73907784017307,125.3761954120035,144.65868513996637
92.98267589079867,84.09939828945626,131.69492653871515,153.13982646796248
102.27471840175266,80.76020477885183,148.97711348946342,159.8735723758901
102.247760246539,80.04390762323101,164.5363398584845,167.23628143322549
104.76090136576408,81.08959244282376,174.70030420206558,177.77937224325873
101.38837761905322,84.0635213841409,177.88181409783107,186.3663654348432
100.08126248492043,84.66824006542834,181.16938420984664,188.93768979101833
99.44239311485742,82.73833909834977,182.14817275466015,190.80457180330046
98.84918467108324,81.36161446655221,182.49901835314603,192.26468610595808
99.13648120641719,81.54813482946423,181.75139061450938,194.19083971607154
97.68193047765502,81.97803215180372,182.15335095875247,194.68987075498632
97.06726803368551,80.94932660377096,184.36717291700398,194.6247842924581
95.64185394036411,79.2805542849087,182.91044495130302,193.5326414301826
97.92933135034173,80.24872911825119,183.1753338813478,194.17270777912262
95.25134747644711,80.81418590182713,182.95976842601203,194.5710300518145
98.18277292803043,80.68291981006743,181.41668070643914,192.74060569236514
96.83959711109944,81.335948027368,182.96405528951988,193.5660189843265
96.50695386681991,81.75195882279252,182.64374607495392,192.92284016691497
97.0733419491514,80.39125842414242,184.30833319154095,194.34028588609016
94.95667134281433,81.24070729160601,183.21617391593384,193.84787008475672
96.15659285785514,82.53310177059403,183.1444558858522,193.59688239631194
95.42685697104706,82.49712125843388,183.96324162431213,193.357991369851
96.13039400511099,82.70055087993313,183.78804011477803,193.09639579872749
97.25706952808525,82.34917352162624,181.10689365867324,193.44484143331002
99.89768960803633,82.41144466961636,182.4017033034586,194.81706427404853
96.69736417329459,81.42064000273174,179.72477848934832,193.30282399844276
97.13133007846253,81.6627265214219,181.5452622063562,194.4559190274687
98.42078896128972,82.03237922387751,182.35574873757682,194.85754379833872
96.72067187208579,80.63862461917428,181.08899072848467,194.01156912102644
96.4451095842995,80.03748485732409,183.7351470423385,195.92496925019557
95.80958752692138,79.77939680853211,183.540920161001,196.28855745715452
95.750031291292,80.37525424477545,183.5442489408535,196.3578899479491
97.7434726990767,78.98465895902811,183.7431571409091,196.49033784366253
97.09723136085128,79.0282453413129,183.7441969462662,195.73971293065546
97.92462684891788,79.98710402250518,181.95482345060174,194.74307711123964
96.76575861433423,80.01808990173762,180.5380018143003,194.8639056457435
97.96400193289328,79.6899773356676,180.64517728655719,195.2704359536648
96.4528340449049,79.65559143252989,180.8381063242527,195.33005248650272
97.20809691552556,80.40286309475172,181.64276612988638,195.15423474799655
96.1737026464219,81.62819575006294,181.30438914074995,195.04603769909286
95.76732497317722,80.55413754322566,183.2815731981768,194.73706182761117
95.25262462039102,79.5300273840345,185.20727517328046,195.066654216306
97.13381411095659,79.1998410304372,183.15937373121182,195.2638921578756
97.32767601438786,78.17583535062127,183.42429885013053,195.66480879094496
97.56864177279155,78.26882901600624,183.26329018488565,195.20459050314378
95.75509342048204,79.9608752871087,183.35114128403592,194.8988060664076
94.52359196245129,79.03172789334396,183.66387564540992,195.5096643304996
94.63286788623259,78.86695305129871,185.86701569237857,196.53409926849633
95.95196246553448,78.54650250144644,184.09790612361854,195.43488806351337
96.0180644794471,79.15762002537284,182.32867817001204,195.27710614066058
96.2127253966546,80.59822529141793,180.70644617934704,194.81191123357038
98.6299783092211,81.85944403724145,181.60826847921405,194.96134874192336
100.51751756473563,80.12309838063044,181.33129787834125,195.09236525045787
99.57893337954296,80.26543142500216,178.97079535028908,192.38008685702692
98.91683816416429,82.42582227654985,179.37341595682767,191.67527195080655
99.36263916825251,81.43922399360036,179.19311765958872,191.73642017686177
100.13834943058026,79.87332063186393,179.01431676383947,192.16418637299088
100.00160159927353,81.20145478811364,178.8819896725467,192.18925350971023
100.18121252538671,81.47795296436105,178.81170825000783,193.0841331337779
101.14595184610585,80.96575857726154,178.66457824138206,193.48938128297692
100.14704680582759,82.5034634393817,177.27530336100108,193.2146307384241
100.86261846894281,83.46814897995037,176.52921862852062,192.604900770568
101.08959688678605,82.73469683126146,175.87128230064664,192.95589930622708
101.2365930123226,82.73332116614745,174.70277833082355,193.6869221208301
101.99856386084642,83.0435150002062,173.94214229783842,193.83807986286885
104.54171077253393,82.91566225830601,172.11408822055714,194.44339472166922
99.5648437595008,80.03052411632575,172.5004394341234,194.936144150161
104.24906150364203,82.51491275782354,168.6458589263097,194.04146354685292
101.26178629301788,79.70213816239328,170.16978678896425,194.94313578458843
106.74865002999672,80.98239387057401,165.5161887095378,194.27770493463322
104.19583343099367,79.70905889813616,166.9428668294189,196.11032458654017
105.64942661029424,80.17279682467203,164.79623955284902,196.59770469049968
105.30248745562665,79.39569110145183,164.33612616296546,196.7825313713151
106.83738604843766,79.37023777183371,162.50290124296842,195.84021293289507
105.40793537760898,79.38039513164685,162.3216414518133,195.9085212601438
107.48995092820493,81.69701626540758,160.89686816312138,194.75214666840358
106.71645590009899,80.71754339889256,160.68683917636451,195.40909044830863
106.88679100140725,81.65715355222058,159.511452176873,194.3315058838401
108.71082692102745,82.66296606608718,158.3077162751326,194.73827685220064
106.77898784798387,80.28535523585703,158.6256790891885,194.3474413837547
106.55778190453873,81.19366264519311,157.94266372998504,194.66559219008252
107.2242332022707,80.66053127963207,157.8513382829586,195.49241400323587
108.78197135352731,82.7020401305978,157.71755143357038,195.3894988403669
106.17749335765437,81.02927054858313,159.56566758156626,196.51622696924
109.50609954447478,80.50215675416821,159.06348450480044,196.07558151119483
107.35490163995081,79.81090330302354,160.84897357556713,197.40968753457793
109.9040671152396,79.95857489106254,159.59231742967705,196.09566760068742
109.56383470273914,80.64686485665014,160.3275307898342,196.98324782576222
105.92600459898938,80.35322817753269,160.40519295045874,196.86477167227838
107.84016186543884,80.9469546007164,159.63528906209106,196.02082468528596
108.23998644903455,79.97173737021465,158.86298364489966,196.03205016191444
105.14837005697441,80.78953195742555,159.01173156573867,195.0116343273364
105.90954936651673,80.58773005929302,160.70238564196654,197.1583411509452
105.64921165057567,79.99265432763522,161.93314408166117,197.12760638379206
107.58057975501268,80.97653969671023,160.61667252122464,196.27983076282953
105.03403062535253,79.65144264075771,161.7292409953887,195.06057907395333
106.04091133056997,83.34148246703597,161.1529795849538,194.11268936280305
103.17538767784096,80.97438804590766,162.43175638259933,195.67500320505968
105.88282303908743,81.7463404494456,161.6069735507314,194.7570749604838
104.02721607667124,81.47887229046614,162.16846823728253,195.10512163000521
105.49867145220205,82.90339623596121,160.60769859950216,193.92062452026508
106.8567986045423,81.1647635405792,161.1286879471654,194.49450856337285
104.87206831180998,82.46761714037663,160.64972323966128,194.0432203090905
102.8578419396829,81.47302807860567,161.3752585034467,194.11998388185117
105.3064852521582,82.73472437970138,161.21948799177736,193.69253854528475
103.75078772899938,81.80637324607457,161.08430100684498,193.5427100508196
103.59659125419077,82.48215220839074,160.32500596818096,193.99290993868726
105.02232728786339,84.41280043127146,160.11537960396072,193.34071993823832
101.81519671356747,82.46341190259722,162.1526265923963,194.58373527683682
105.24553847461728,83.3620664115228,160.9931149452967,193.2532841691419
103.27333506846492,82.03613170294076,161.94826394510142,193.43481667224347
103.96533669442766,84.16990770996225,161.99675581036342,193.6235634863255
104.85332091129068,84.20720853398441,161.6518176500749,193.46509953359367
104.5010509082158,83.09736048601346,161.58743675778715,193.33701730922309
102.37633736937937,84.33720849190533,161.157420476085,193.16933301618934
105.49527601987566,85.5091913640006,161.20378389774868,193.4110606313738
105.13980388953172,83.81461352398,162.16753577562406,194.47874414344625
105.21303192063934,84.20395483497182,162.61025207669007,195.3620488261501
104.9924321420014,85.40125133481203,162.0336904034972,195.52134986943844
104.74293016977111,85.44663827538702,161.66214991436402,195.20016827344472
104.39759494949293,83.52366837162165,163.0791387142954,196.8351095458192
106.15342188941801,83.994876950628,161.72550485397647,195.955070317494
101.80235026827371,84.45315955120626,164.80429604548382,196.0223918350875
105.13731475049349,84.67160364153104,163.31326112401302,195.09343822475043
104.49492150222144,86.35815354503873,162.8010505502446,195.06640775367254
105.74398709734487,87.33359392505005,163.5648212154665,195.3734615639624
104.65161253598573,87.05518921443993,164.57226320927853,196.01773436408888
105.0950534786842,88.70652350487109,166.66725388247534,195.86795884963283
104.17772764188219,90.79701901475156,168.09882938420438,193.23317144315314
104.99956305099256,93.5264009966289,167.30952868317112,190.5737849208047
103.07828431800388,96.15754854115302,166.6616076335235,187.1366241091002
103.31342126955694,98.23554123927948,162.78306957026112,181.84788724800353
100.68609487017993,97.63592487415653,155.60913350182764,177.53723228293694
101.05210619833906,102.15725967515621,146.72659815019688,172.19658904812508
96.95480480411813,104.39331040052733,138.25982398551375,165.72937040988285
95.71545731271476,101.9206883692784,130.12145353863298,163.55101828097446
97.72062480706774,98.11434119221445,122.95657753430203,162.7090617561961
95.89838189360638,93.75776218158659,120.66331922059973,149.02530815635808
94.1508735400782,94.86538660724761,118.69373631828111,133.06311106284852
92.73946563752918,99.13465347798483,120.34708801205102,126.75925749715535
90.39499616371828,102.24050711120873,121.12889194990721,126.04309466430128
91.57409906593632,103.60988708833858,120.32473277633048,127.28858763972909
92.98230810781708,102.9887347645371,120.2546831007721,128.12741938694143
92.93444433852142,103.2191058592924,120.70807665498842,129.82539912125895
92.89098668787588,102.63919818648606,120.52463673167011,129.78648399812164
93.59983252478159,101.91445116731892,121.10978319262432,129.97731104426842
92.35458915698987,102.7307830903382,121.13844741844213,130.1323058896361
93.61002247115667,102.00773368107188,121.22419944245229,130.14044694449686
94.99159232835524,103.67832888800329,120.78854385891451,130.6433117064153
95.35017820239503,103.44820392886712,120.49471195458496,130.97514365593764
93.68737174019715,103.70236348526888,120.77427385359007,130.92290974821225
95.39150372357994,103.0242361066657,120.60819738682449,130.77568550151236
95.5159973294538,104.36618573948654,119.90886227468614,131.3551224175113
96.64404245820842,104.06201234227763,120.05682475155191,131.14721554981975
96.28500835949168,103.66486076384686,120.11330237281351,131.36247817933753
96.41143143699404,104.2014554424705,120.53233121780882,131.40369922248087
96.56442861227256,103.71915207772815,120.47645893756426,131.4075210398562
96.51534307267627,103.1183662673555,120.06025623745995,130.4147567231015
96.63930564755233,103.4822797940461,119.60349930059846,130.1321200994078
95.98076919066229,103.26696316062545,120.54255097414418,128.82975165726472
95.81643456914821,102.8233495308197,122.13516675037545,126.70614517664185
95.03792530165087,102.83985927468362,123.42363059787013,122.77349800336714
94.11183166626742,102.56548210517353,123.96463012449641,118.02018935410607
93.96838827604111,100.69636243091246,123.33968218815215,114.02738011864383
93.89718511599352,100.70052302612713,123.09405750238795,110.32215951415199
94.99483020412066,100.57441557362421,122.68328270699305,109.30203555197033
94.92348821263411,100.31673887263824,121.3802269438724,107.00845951058291
93.84143115520305,97.45372187564985,121.15322777748453,107.65682626823155
93.30030758713627,96.65928963939314,122.6080640249462,110.5095152036356
90.95599938677229,98.54590802332294,122.6719550838773,117.970897576401
91.95816883419286,97.87691688975582,122.55509787848928,123.83366011697274
91.70297366775593,101.87640011843664,121.7573217074569,130.64261602289235
89.11435503078035,103.10673600019179,123.46144496773618,135.1384261929758
88.15003046281522,105.35983860227095,124.71254283413518,144.70650077397372
88.94375963573849,100.66983901406485,124.21053370703865,151.87690522382343
89.81544575290137,97.31837127913629,123.61108237115039,154.3688421585243
89.34631673399575,98.45640110779095,123.57344929568038,156.03089285277747
89.95839896779799,99.21613206579192,123.47080582416964,158.40883083911928
89.45313638021614,98.78783712660655,123.59320844073962,164.07529620577128
88.79972990041144,100.77027765052341,124.6406219862865,165.40997570481255
87.15538853635584,99.77035488976101,126.1666094018977,164.4021918318061
88.55985301587486,99.00735405786082,125.36421120457841,165.35751478466898
87.42933432118588,97.05362207301891,125.60297076192514,165.6542609809153
87.78005761630223,99.98732312045166,125.46713696466117,168.42864355401855
87.49758295208419,99.08064938344994,125.655560414191,169.82274053974075
87.89150338187109,99.93613024483614,124.92967023821095,171.5368886802496
86.53632003516464,100.55545545579949,124.9934915214676,172.89619968410415
87.53104488440668,100.59610716708808,124.96436897142101,172.21870485527697
85.88367702985418,100.92879834799686,124.60120673130726,173.25736302080315
86.07195079372215,102.46736057938831,124.7164804926338,173.3033464681765
88.13501998359762,100.72741510709018,125.06684357772664,172.2978248151165
88.47661635201418,99.77958212336415,124.14939791120602,174.61206988413107
88.28703463312021,99.31445566345536,124.3826262904002,175.0752207531674
89.03510270637126,99.92631707561985,124.7901766673356,175.77422742102593
87.48557357252973,100.11969430962532,124.41053620454991,175.55275615614
89.4046430657213,99.42822113035238,123.62153051894802,174.51504821781086
87.95313664915855,99.60324217845655,123.85999257082354,174.82473512550877
87.03608350637771,100.59108659097386,123.93823948138521,175.9656844840679
89.04036816957642,98.57962824347419,123.56760960811278,175.450454206411
88.45678235681197,99.5009156935951,123.96012303051667,175.97317471632542
87.87053025192475,99.41757857227442,123.94201444732236,175.93275667381053
89.95612182314069,97.02134024109199,123.66115112910924,175.3453505236754
88.90838746675962,100.04555357576172,124.42001095515265,176.58732912777344
89.28252904058002,98.26170360680123,124.5754753661056,176.0256345344444
89.1521389138394,98.71520621986019,124.89887768989932,176.7436293083265
89.01321632401303,98.00472106015006,124.88058029142705,175.4767944519655
88.40653390499715,100.52321353124483,125.65906964117758,177.0896508183697
88.6895596608828,99.33309494715311,126.06945855909379,174.7464382795219
88.81064513383343,98.95000751156797,126.06782716397376,174.48740563116093
88.74092983466673,96.97837565514153,126.18400336777592,173.88409951979506
87.9618514677495,97.82060681549513,126.08536078520413,173.33977391783787
87.42873081011898,98.41537908054258,126.04015190515267,173.39699452446172
88.52041248215623,98.55285893373166,125.73685447904691,173.13851431027106
88.57664461977448,97.74534062031826,125.52899225459166,175.03028433553536
89.42930750331253,97.40850271281991,125.33117381173432,173.9923512638133
88.92344664654937,97.05844308213113,125.93585206822941,172.8811301931596
88.48134942942022,99.04618130953273,126.39127452983143,172.44679143366892
87.47374331599518,100.05671219102368,126.78105951058777,173.24976531521827
86.89467012938383,101.63339611366904,126.73455500490422,173.7386704191463
86.67746948737894,96.6894387036627,126.37519408188274,173.28820633290897
83.75628952964053,97.88158266511898,125.95290555985957,172.53935542171516
84.03925568322985,96.53740409809983,125.66718565502467,170.90294448934722
84.04505583486767,96.26580482486693,126.26380068378029,165.23050582878176
82.70559171872368,98.20313834019943,125.53489200200576,159.632511161398
84.3502120040371,92.65199959663647,123.7494356110664,145.40825056258643
84.03416804856474,92.93918002823662,123.08776131497989,131.60848686735488
83.5561218109427,94.9323723161025,121.8914184874896,121.52975610021687
82.07562661929235,98.67725100080047,121.6899332848528,118.22420283238344
80.77928381413233,100.75237167822091,123.2034562975166,118.00963042285505
78.04762809155507,101.62088174352861,123.41103043798361,118.0584379289584
76.3508698567509,101.33385928122073,122.9198728353263,119.76111444537105
77.34243498179883,101.65100325977781,121.53754214577734,121.14153596091313
75.36039189257642,99.66916812641507,120.65372793359715,122.6836974385761
72.88173366137512,98.32633973488058,121.16084908349976,123.18368527633258
72.42288894622929,98.4832344521839,120.23552093566641,125.43321981633534
70.17402064988971,97.69065489116227,120.89506172756433,128.11539431923796
65.69401570740378,97.5848415030164,121.3001399719112,130.82833335138906
67.73719451047943,95.73034302995895,119.1020880298224,133.6799389400821
70.23435487459061,93.52453789704876,116.85340328792816,134.78097181332436
73.4176950830607,92.23652980284837,114.33697311512859,135.70320992555327
75.15857934903676,92.40156682026634,111.58951854802024,136.4426854512642
78.45521773146794,92.29409748180018,108.339045738236,136.45431602272777
77.65881400459415,91.74318367963049,107.71755875838981,136.09108625402027
76.79930657267762,90.84113734510248,107.68059217691038,137.87097848362316
76.49349273158955,87.81297692366046,107.67396424385214,140.22447950228846
76.62041151081328,87.72135936205963,107.96629978110782,141.34890725244324
77.99687763882763,88.49658452189007,106.55296713445412,141.80239370036048
74.05157591532024,89.89290212804117,107.78179689982827,143.75212909352703
79.6491363944352,83.97991387942122,104.85050040448898,147.7810474852982
79.09863814932999,88.11107100027122,105.27635651384004,145.29668734516068
72.2133688163914,85.71907737655927,107.99330631252971,148.54451126250646
76.13313635813404,84.68099934920131,107.18727952982569,150.65814290315987
78.52014244208488,87.66221635428522,105.60296462754901,151.4176937562733
73.76096419058982,84.84622829528598,107.23316805436723,152.69151557739679
75.50664877990909,88.18874503589393,105.7582783679162,150.61762711571214
80.07997572350016,92.00274790886044,104.0545566096403,150.57787820571662
78.65793828535206,90.052907474584,102.9501451578115,148.84953783403512
77.35389748698115,87.42696145851656,104.47009198892832,149.77800457320126
76.00519005897166,86.51424782603966,105.61712232346292,149.49308027565505
81.09491066984685,87.18947064788279,103.32977094546254,149.31856846985943
76.5534434497803,85.78635368001567,105.08824249497066,150.49693375324992
77.15063719389627,88.5341358155291,105.5490063739262,149.74880600566055
77.43572022927803,88.16333398364088,104.61876339886581,148.23867016748386
78.88556684475495,87.95916647700562,103.19679233588073,146.69015703622313
74.12386283564312,87.02531611227333,104.11067276621375,150.38946176959396
75.93948385721063,86.79174785013794,104.47027544964124,149.73095742472412
70.74593166773549,84.65222473722932,106.19420233835714,152.6662841681195
82.89611084468557,88.84159803861917,101.27549681648824,146.5487680340898
75.02865594834638,86.32566710888197,105.22354137479161,148.80984742286105
78.50538981829393,88.41089482304919,104.20922158411526,149.63164052968287
79.98110799648273,87.08449016747917,101.59534015937827,148.35052039746353
80.94091978405841,86.8516667027678,102.18392581274256,149.6360220632144
67.14899236245176,85.11915961317371,109.42653309736211,152.37660997287134
74.36965085860243,87.84806575794383,109.17985721834202,152.33487434348734
76.74847139507973,87.76254863643601,107.34671565710616,150.69713173103423
79.09848109387232,89.5250618683079,106.3587323923335,149.1171125915092
85.19390052249227,92.82888296729925,103.30180466790608,148.07166521774525
73.94096376823684,82.90797713842849,109.15267939712007,151.1348208696274
77.55062438027599,87.64755774486925,111.03266237226052,151.20326707862088
80.76901274465858,86.5272901220916,110.41278017474534,151.43745466792618
69.71951194719273,81.91041327788935,117.0604267892083,153.16363999695568
49.491297545612866,79.18986890481719,130.77833020174302,158.1652756181
54.120843583990904,73.92081058827358,134.39191878904944,160.53536246603096
45.634959332722474,73.84885340041755,141.1492097525238,164.21418895111802
42.38857757546407,72.55188651145201,146.8654840092281,164.56831560014285
29.572619696425832,67.95145676610863,157.7609495719921,171.5554299736421
26.607731256980856,67.7057881012899,164.1271888532258,176.59333712749833
22.585025666511243,65.03164697589952,166.36412835447751,179.79391430015409
23.44032790482943,63.84430636725378,167.6859335458099,184.01356622057057
24.75976255988597,64.44512431029642,169.3889831810093,183.02250162354778
22.733227685931354,63.48795735321272,170.82132538985604,184.50745321349643
23.001335876893506,62.76209073501472,170.3370499259005,184.03352727020493
26.223965929447075,61.712861535437355,168.9445852309496,182.61324787639091
23.557691542412044,61.9470750865263,169.3305397667384,183.49363669218178
24.907659004886767,61.62899960379144,168.60411558397647,182.979519102964
22.804607492489524,59.76509864421769,169.0491712454897,186.01133713539275
31.047032442510712,60.66784566232995,164.83012945091608,184.24337972026197
29.30287767185898,60.780692271835534,163.9336123320633,183.1882187278133
32.72281144968585,60.35592476988094,163.71203090922205,182.8424412317225
29.671412905181057,59.94043514743166,162.95899303729414,181.8001904961523
34.483707105325706,59.54512345122731,162.5504080549736,180.305657638561
34.84892103657063,60.090050259001714,160.2977023604525,179.72489826129345
35.79451648479558,61.150957698019596,159.3363210343151,178.07824207466393
41.43252283698848,61.187475331495676,156.17218577133553,176.66768239364927
40.48432017166283,60.844904373972156,156.11619852386184,175.52976522666506
43.823116010703245,61.211469450687616,153.885384189531,174.1832927880779
40.07508237944859,62.696331542120845,154.96909793641532,175.32697192552394
49.33766593770564,63.062069258651604,149.43202896443248,171.84342129714992
53.79784554388925,66.23959798529444,144.500866529409,171.675314527458
62.81242598101794,68.14078728082087,139.49105379968287,169.87696425671763
83.01565167732085,64.83409513646617,128.02356725082706,165.50096866261453
86.9775348781501,68.24345244714416,123.29798200151232,161.1543609748523
90.08357886059494,71.66482147761913,119.82130663427887,157.23246031624612
93.0422939193889,73.60230379636178,117.42133257137846,155.1446050537608
94.42585013040687,69.23134814224905,114.4442592118425,152.48020532683003
97.03037243141307,65.79417266232991,111.13432349654884,151.7014801147933
97.28261270120605,68.1359563531019,110.55446453899415,150.54641615121807
96.67454271593174,67.79986886566486,111.55667628688653,148.7641843878109
96.94202685209788,69.63397685250753,111.51908350283549,145.20686929303182
96.68427860911574,70.58624702822237,111.24429678567478,142.38362776972713
94.17637099999561,71.76336475916088,112.88895721875879,140.99438864574074
91.21541144092915,72.33049783448202,116.07232042868858,140.89912395994222
88.26291141938509,73.57270269140572,118.04833487607357,141.4940599492198
84.46479279202758,72.88770195508543,118.34067808781984,144.56187636326663
86.56563663401408,72.23105346468175,118.18385124369057,143.70592285579275
86.87521995588202,73.33143362194478,118.07963821323597,141.89230853736044
86.88255615460399,73.15916271461234,118.16518554235452,139.55228003952533
88.17347737934627,74.72775145715839,118.03402668661997,134.90985353099572
86.43190142219159,75.75027102927912,119.4237642942887,128.9949718574574
85.83965367322254,78.96690157647757,121.48020803441429,126.63092463024799
84.43192006461624,81.0326306547023,123.15349385514253,126.94227653239228
84.90700614234929,80.58757174920372,123.63551164108267,127.58227227307694
83.86144226972833,81.08408964322663,124.31181394687147,128.03546451237486
85.76200964841463,80.4155614387312,123.66686815434261,129.78975724949072
85.41826455772349,80.36285274750276,124.02202190994365,131.7178980206195
85.6209076436018,79.18026033763762,123.36063222256203,132.58723323097476
86.55774656148614,79.4015734220689,123.2194372969496,132.9075465152372
87.56174094344195,78.98642504774188,122.57491288850672,132.52214502170375
87.76851004362186,79.28553853006076,122.3519264459594,132.29635458050348
88.29046801994906,79.19882892947106,122.59240380385188,132.74687339105787
87.56821473933651,78.74724186330673,123.1734154920301,133.1215441054178
88.3596576393418,79.84781026101855,123.18391348108203,133.1074800639004
87.54539370208926,80.41745374824286,124.61908198058713,132.61748508163927
88.15230107903936,80.25281258233876,124.25567005871815,132.98644026500997
89.52686712125444,80.81932498233255,124.14527088444423,132.9326390978349
89.37962149460762,81.69903981456508,124.34393694242539,132.62157369118233
91.3038663762971,81.05089092745592,123.68062784310894,132.81826209040065
92.73392813280476,82.21030459956096,123.1510707363436,132.9440148243156
94.14316887711321,82.18914476646965,122.95765028288295,133.17120997877944
94.30708512325967,81.95537454388861,123.21490079840255,133.34498821691028
96.32566556940111,81.65038308911632,122.7287042615884,133.17921429051736
96.47432793481633,81.14147332712298,122.72038099560172,133.40141003520716
96.73919156603573,81.5832552959498,122.42618840113167,133.34328555067853
98.20331580317064,80.43303276741663,122.37721238779935,133.30461927961986
97.7585145445525,79.94917042968657,122.85168428980124,133.62704976562685
98.7721209767031,80.5278961457269,122.34540648409379,133.0021911069837
99.38488224569468,81.45213151457361,122.28809683673563,132.89548062319653
99.4030846693309,81.7337481922653,122.52775400118196,132.39218379125066
100.0166318582998,82.47970015954569,122.73965498457227,131.69221100903363
100.96966187498266,83.01539463986403,122.88278928714405,131.40585622808445
101.16515853362301,82.75142904890974,123.72415680970708,130.04404741975864
101.4204678310938,83.01053955925148,123.70053772648427,129.3393639967314
103.29169004089616,83.22345938867163,124.5138184045358,127.22162980664112
105.64169204795446,82.69546318892085,124.0430624372942,125.18140028231454
107.58021890692729,80.88953173341439,123.6404349888798,122.2930495702806
110.42602879417561,80.85054452619609,124.45824514602377,117.94917950229532
113.16896365396127,83.69585090425787,125.35238030926496,118.253256687578
116.06082848237534,82.68290521097181,125.36076491024932,114.552310915947
117.09602576893849,82.85683180700823,126.1198075929824,112.20076509692103
118.91352419504112,81.65868315429682,126.81110468608964,110.49430971679696
119.71970497024122,79.0004881093612,126.39137008881443,112.1940921406526
122.26507110736316,77.50729488987776,125.97306213097681,115.89413214407263
124.80984041505408,75.3775096323973,124.31876521481372,117.42897121372101
126.45113184852468,76.40507479963127,123.1453132072475,121.85836846714372
127.56212336820349,78.25053408413635,121.75014291203053,128.0054015582898
128.93625793965447,75.72569599437035,120.68690184530045,128.64425010110304
130.16815519630933,79.34097196333296,119.83956241011575,135.99072453036533
130.06186328786666,81.17978630679286,118.72139671528231,144.06602553094552
132.7214561767938,79.49833386476375,119.45854638664679,146.84055150875375
134.5276027168323,83.10260699964856,120.61560145110101,154.94181969210914
134.457478120486,81.42028535862057,122.95946392504361,160.72559139213385
135.75789137726045,87.35159063151184,124.03948457946348,170.66864490885132
136.221330316355,86.68213476637413,126.63274830283687,175.42064257662673
135.27734914160965,88.80566588334784,127.79188985154636,181.94744508877307
135.81452132926051,92.54132017742266,129.17085358171332,186.98828249671718
135.82089244505715,86.42759272618247,128.11019875246382,188.27994638357256
133.96600604994455,88.34815965296166,129.29647300753277,188.50088528392044
133.96899898364393,91.51084333665995,130.59340462060277,189.8245047329301
134.42053950962574,88.51199384612691,129.4330603850454,187.88513096008992
135.46758937918491,89.00922284558132,128.38363838030205,187.2423575314936
135.0180729389187,90.60042170284515,128.8983939170845,187.13613169196594
134.2084037333247,89.50834482543704,128.87039346108494,187.21536601318843
134.88511696360723,88.58219375831257,128.8590080161449,187.47013396774986
133.5009751962385,92.59756758184278,128.80313383603863,188.0790957933457
134.08906373368382,90.15077700063338,128.47101193692922,187.26296015888948
134.10347030687967,87.8113429049504,128.48693756006878,187.3748727838492
133.1520917122306,87.18916064644117,127.84324699546069,186.78085839461767
134.77603667070366,91.82160260904053,128.41151918788955,189.39683384441895
135.00702468315467,89.0246076311916,127.48299042861254,187.6629429407418
134.65068684266197,90.14204724162175,127.35747030881666,188.091760008944
134.62587521227334,90.45755915660425,127.87779669459394,187.60532846413525
132.1248199028775,90.3428441624702,128.32778328994814,188.8807179250596
131.56927889467642,89.01184680304041,128.21858942744407,188.82542748766917
131.09557835515884,88.8924507870899,127.03311697132294,191.59968094535145
129.9018229638818,87.32936021881684,126.97049347653326,191.46792751158506
129.8978960160925,87.42095759602424,126.41743428617438,191.11951058920152
128.1792420667649,86.74433318829429,125.45392431373578,191.92124573278642
127.75926790487262,86.55374800829779,125.42168025470791,191.80717683496692
126.48980343311278,83.56007593968013,124.45719122947756,191.51205026907724
124.76056577965115,82.45416114402826,123.39406009108833,190.21838669631848
125.87899015488782,82.32355960910303,122.71629337186499,189.41184074273144
123.75664332973052,80.28856982109079,122.60264961983583,188.11451074844342
123.51832952400757,81.36798356968995,122.54717273909424,188.1328072746826
122.06283267267614,82.30040726684683,124.1026976917571,186.98677091552509
120.70994869219231,82.67238469739326,123.70226448084976,187.4572325583385
120.41592506783007,83.9342083119446,123.31106368269923,188.05632702845455
118.90591095841482,83.21713901051837,123.52426817106098,187.72972344380702
119.51308204002868,78.96006493773453,123.04680344923952,184.93436231203094
117.1395918134933,83.4458409504771,124.68715548434152,186.28721214201454
117.18245378317829,80.27556660455448,124.14842861528405,185.20362753307853
114.97955093403074,79.79794669765764,123.54031829795414,185.58550308905973
114.64076135663967,78.83238737938359,122.7272968667988,185.02028383498282
112.94632096465139,79.18764860495992,122.86092862733784,185.38788638383016
112.7665495651053,77.47466495963457,122.4824953522113,184.75184195573087
108.43713417178175,77.9419403841712,123.70620650995212,188.0783995050951
107.63153228486884,73.35950211166482,123.3705719048717,187.6318868899516
104.52986452032675,75.67994406643501,124.09856563708088,193.27219194525497
104.27635398915295,72.22805541921679,123.17840164083472,193.44440185687893
103.04413057835819,73.06311699386848,124.63015314992423,189.9117909146068
101.91383242544033,69.38633272602144,124.80414056904121,180.53971247764463
102.58949519715638,68.52741399612225,122.85326668576536,168.71354358978675
103.24922831440567,70.99879723878757,122.84489664267304,157.3651374560186
102.17272381216642,70.75294717115928,121.68369666277653,142.70052655611894
102.67361113974655,76.0811587183864,120.58371644121002,134.3675897897897
102.78005508774513,79.42709138360674,121.19602385771286,131.79620785778653
101.5507045400827,82.04474880702784,121.88870322452208,132.22416205391306
101.97580143244969,82.20354420002246,121.40688712533499,131.30958640464257
101.35361675742024,83.1857407119306,121.563152227347,129.7005400605138
100.6343092026517,83.3547947412246,122.20901220993096,128.7734427441133
100.48215177344665,83.71574642037884,122.57359928513796,127.8718213682267
