405.0,256.0,122,148
406.87895208002493,253.5355297215857,119.85720814463767,145.9852149708911
409.37495490743794,253.14309784323638,119.91342026324915,146.25146300493347
411.7924990677865,250.1530536300878,120.46254825114579,146.70469596248063
414.9644566531754,244.80666158447167,121.15922145927428,147.5053902099629
417.8572877821166,241.44026947583197,121.61342736545434,147.9312896616173
420.1070931431063,238.7741747609516,122.36625804972498,148.81963143512803
421.34462903538997,233.1598266267797,123.45759251515756,149.63695075034684
420.74388944034297,226.80859175302018,123.28706242790781,149.84558504864714
414.44211642361057,222.38209781696068,124.59190240668514,150.73507194420364
405.4028436891384,217.63902851771266,125.60269885219196,151.44868857004343
396.56564298070606,210.41251646527937,126.62994450733788,150.68284060459752
390.03366205839944,199.47841262652412,127.25549082460734,151.08364105554548
382.7574526081504,191.18753364159926,127.11699175635547,149.84099716992648
371.99243068154584,186.17043873949785,127.46740914472079,149.817997032723
359.6789856422587,184.37862336614074,127.68157949673261,150.6978313927185
352.15846186264895,181.6111933460328,127.44339121610834,150.7065073509032
344.6929806948283,179.43534211532167,126.97133841503086,150.0355047342004
335.65875235470855,181.42065089852017,126.20587175542661,149.62641060530342
334.5124894799375,183.34210404189227,125.20262113778122,150.0260580294967
330.867050099517,183.32994382996293,124.22305312127855,149.0833984728866
323.39597418518247,183.2914119830267,123.34831041869757,148.16809156129037
320.6827637384836,185.4005971352098,122.68757310897041,148.58332721395536
317.68711313394954,184.21406990485082,121.41715556803841,147.88240706529834
311.42084356387727,183.71963454259702,120.6002074034954,147.1324472233997
303.8174616181126,182.40626210865452,119.79464219346232,146.9507814467535
297.37236868379284,179.73910864859693,119.08064105038312,146.11333543718115
291.6367170817427,175.27426470650911,117.4693636880771,144.24108240338802
282.61752013985074,170.91794728754564,115.76468506209541,143.2703065967837
275.36592445644783,166.3499655970121,114.59960250311993,143.24336714581958
272.1369609815759,159.91558392046704,114.06854629856697,142.37430701258154
271.5466600579862,147.51660528633363,112.88601948363697,142.71041125350462
270.8093766893385,134.18220584438754,111.83513456077613,141.51891961005305
272.6691928596063,123.30914797897995,110.335839134303,140.01027459868072
276.66187166887585,110.65270437237335,109.10447931849835,137.5207631302533
283.04838652134424,99.9440477909708,108.29177676199905,135.25164440829278
289.7092758426995,92.4407901345799,107.72176813881967,134.54838188904333
293.99248144037807,83.91766519174706,106.98360401377514,134.71215496806838
300.9435829766593,71.53501508590016,106.55878741582211,134.05576328523094
308.944327426579,64.85773125420802,105.49867424840451,132.65270155408396
312.9478316814949,63.59893372770442,105.31866158818208,133.16956418521616
313.19340979623934,63.23318003040231,104.3246977415057,132.22510722435163
311.68187986875495,63.988981825893674,104.21320559452138,132.1806667193064
309.1775409920768,66.24672093134936,103.8998313459246,131.27129812753566
306.2160116286285,70.04385097701167,103.90452459430543,130.4337213858204
303.0326239206156,75.30835794222273,104.15862911189383,129.6099076507108
299.3691565995805,79.00849167663503,103.76205301177657,129.18873564087056
294.3315474895363,85.24412644411042,103.25401927873989,128.61755155513853
290.49793826428856,89.56474301325213,102.5250585300166,127.90362554576137
284.789817874688,93.48288512410733,101.79273973890523,127.40962648030097
277.62251211689465,98.32191932292618,101.28909441855447,126.6258757096164
269.15835325061903,102.03312870083795,101.27795902610565,126.6583519733241
263.81392342333396,105.47903821328788,101.3646458291133,127.66860204022112
259.35050822770506,108.21123791093015,101.68966957974608,128.04545020353032
258.0880804707743,110.81931951236764,101.60289179282645,128.0412620983116
258.3983083356825,114.07675023831797,101.33491409035372,127.96838673039531
258.0655757803557,114.51898903020236,101.35752641780421,128.0001383946734
256.4891283409213,114.85299233642593,101.5680690017511,128.38361493652314
254.642486884348,113.48708480162381,101.89230284263216,128.444928297143
253.48130960178975,113.67309139291137,101.5202909526705,127.97873786847411
253.18397581485848,114.10305204409114,101.6599719542674,127.93400211298959
253.30998152015917,115.61778862765576,101.71151889327544,127.97578749078224
250.80037128623422,116.67814099203534,102.16686607010968,128.80659033038245
250.58863451145055,115.07428877047651,101.9247817583489,128.03510776178135
250.43206820279374,113.29068554265722,101.87692194402189,127.8181955650762
252.71207880172804,110.46494408202372,102.02606822662203,127.95899733399943
255.0299560107915,107.5000669604184,102.56783456044826,129.03883702642884
255.32620590487033,104.81059457113223,102.25283111018118,128.83315656086054
255.92741950514323,102.21056880317433,101.85432847018228,128.83578988388572
256.741106440871,99.98222501794545,102.13976587802354,129.0792511359841
255.832218502497,96.77466120685474,102.32024317078725,128.88558359214989
256.9999850661501,95.64217479651542,101.65243465285604,128.05976661790666
257.5015060789258,94.95758418640285,101.65689995152346,128.20137825805367
257.0365231569699,93.45378967347489,101.93238581496647,128.42423828000335
257.19829253086857,93.55395758103185,102.16368715505975,128.7125194082488
258.5277308924809,92.86610503998207,102.46406946503814,128.8519574005046
258.84541369282687,92.3954190416407,102.62316797567439,129.04076592062486
259.77588409869855,91.71823928225129,103.04964171471227,129.4625387694818
261.5561904889955,92.54418044460104,103.00981140482148,129.38099946236042
263.06675884543165,91.83703866734706,103.01107459429296,128.65535992116526
263.87630103430814,92.08315206690088,103.17024949388372,129.22343585643262
266.73320547207277,91.49439071828128,103.50206439765128,129.13988067281244
269.5001985562601,91.69553244518265,103.62432822927673,129.4567134299472
273.8993717029838,91.96816193922989,104.24419482645436,130.23362851411835
280.6316148827368,90.54582080021777,103.68443258804206,129.8222072765176
287.97493595355235,90.46093382464784,103.73521720422343,129.82117434289182
292.57877051062997,91.90001885340753,103.85750414475565,129.9505116095912
297.5224738617851,91.23114109117037,104.30429544049235,130.04067802273738
302.56423816182917,90.73031418376203,104.31387597126357,130.07153715981968
307.3728251422868,88.33129866463302,104.59324742050455,129.92392000471833
310.8319141513118,87.50613892260733,104.32356793761078,130.31297850244158
314.25607848391354,84.83124464042032,104.80537843256357,130.86103977189373
316.7478775507963,80.58486313879408,104.84128103121989,131.32157621264622
319.11689479215477,77.832577068209,104.19946847233103,131.00174649834761
318.36126773214886,75.43835243911349,104.34692254351482,131.23859053192928
317.91816502103256,73.20910154588589,104.32407034855984,131.16620852932198
319.91602947585835,72.15942158402441,105.04803748383017,132.20630331632617
322.11849403343626,72.57733917390752,105.93229293898685,134.14765929866934
323.3776696455169,73.92609423706627,106.0298474765443,134.7069240746956
325.82633798637835,76.5696698037078,106.77377666396202,135.4913976972719
326.9388632894018,79.29437446432617,107.47887132158701,135.95833969439454
321.96825246652224,82.69138464774508,108.02516498883057,135.61161547013484
319.9802321953971,88.22499490535793,109.13853463264334,136.48445843147164
316.9534468424896,95.22092156037459,109.96139244783325,136.59541884214144
313.3385508325475,101.84318715229388,110.5309977001393,136.15945089072474
306.7646581406239,110.55930931073615,111.1903492460959,135.71203933751207
298.5137212182397,123.2933031227288,111.3976369092237,135.90042378383927
292.98811348806277,135.50983438976724,111.952850172312,137.29469279273115
286.63556320939534,145.479165542388,112.40306791714679,138.29279806561468
280.47168691642946,154.62927898685626,113.15452655776605,139.60212928214685
273.27621778260624,163.6085666326615,113.93505222775627,140.92840506475514
269.50330346424295,171.55039960577506,114.80818188987347,141.724426618528
264.0489652641276,180.8111322427256,115.33648719635416,142.0407298993144
254.8604867871319,187.99976031543596,116.041904843705,142.3471895742062
245.97715598078213,195.9831502176986,116.88251054820134,143.0256734415559
238.28188556758087,205.06599081391002,117.01374351327576,143.25788043272684
230.3035293363506,211.28340001663096,117.92144474526752,144.61517628509745
224.52556357049593,217.34632845406355,118.9164021558831,145.97222956648227
218.5095265741097,223.50394082134585,119.58189900021807,146.84096479285517
214.249334446469,228.65845855799603,119.98558403674954,147.53113586252354
210.77631751515253,233.6518922674931,120.81272141500745,148.19917567009188
208.75086531821333,236.07227750337722,121.59977082841709,150.27411564754246
209.27855505584733,236.24323626548085,122.03035326721155,151.09180505692893
214.90504210723486,234.08701605729146,121.09201539490527,150.02448473112017
220.59368280267245,234.66221976239555,121.47944347668638,151.05608415684952
224.13415546413685,235.43634581643715,122.50201377875754,152.54805421673504
225.64580765669248,237.24389670214467,123.33399503817752,153.7954402382888
231.52391305558794,237.00551308111005,123.71004742398038,154.32005904285805
239.3916065416842,237.7557663450608,124.2231956080378,154.73294362823776
247.38119084373764,238.9179366962038,125.61109243361845,156.1829559532955
256.5124208550242,242.74804169698743,126.28662069229537,157.08433042438452
265.88618007920303,247.37294568232693,126.50480048612516,157.39091893808055
273.5017574973296,250.11892848071966,126.87197328659076,157.5888337123888
283.0065360026047,251.7979585235497,127.02995777994681,157.7661740173537
291.6716686221731,252.94043890149055,127.39787369315371,157.63288562475324
299.92252910594925,252.1156677414519,127.98666786232022,157.98305050342438
306.7278018299778,243.1656789154786,128.45949643770064,159.5062581358397
312.9992533177923,239.26424080947228,129.31905928238422,160.44383893769606
318.51609436121015,233.50184914781448,129.26370971507973,160.9083805617929
318.84984550819934,226.3134002328441,129.83491591719508,162.45892341126495
315.1760620575743,218.81856298528885,130.93889150985143,163.6872453673129
312.5323084421293,213.62761768513732,131.1048777446476,163.82298118245973
308.28597785486215,209.37241724049372,131.31988999340066,164.7171100990907
298.4679438786129,204.35228663282976,131.08669525058662,164.42161691988733
285.56092243473427,202.179181888407,130.6793636266252,163.85602220951415
274.8438095233636,198.21628855799096,130.6969634728041,164.0209446125337
264.32347918199366,194.35919484814713,130.52345179226265,163.5227296884714
250.2457946028594,192.21306126672948,130.5778688020937,163.44628347240044
235.08817737131204,189.6646727967207,130.0685793394072,162.68051158429296
220.14407546930397,185.96581080984328,129.77428802623578,162.46580880023535
208.36908092811478,183.92681612756564,129.8353244718954,162.35111017650937
197.13946546982092,178.97218356209459,129.38500949004566,161.83264093245143
179.42585053656268,174.62490403118167,129.67399472765587,161.46878934974603
166.65238167055347,171.606516745708,129.38847396358057,161.00330561991214
158.40942948324818,166.29857125980848,129.55095304522237,161.2456004003049
157.51150121045353,159.85505686749596,128.95490285253044,161.0086667825862
161.5464458306592,151.92217288467,128.1109657605566,160.49119500214437
162.05934726991322,146.71421879708572,127.38631034298606,159.71862661481296
164.25840422054011,144.96753613823506,126.18479068001355,158.64387669813925
165.97355161888083,143.43811922352677,125.16391971145711,157.4196905080246
169.20120150437128,142.11803894101166,123.97839533110118,155.91770019414852
174.52710300388537,139.3739820644873,122.71074760551048,154.667471662041
179.43289602052442,136.82587835147393,121.35271381832612,153.31726795525526
184.22120830505534,133.5239203088062,120.53139930785807,152.23887202887198
189.18103263874497,131.65013690362724,119.5811720271976,151.6309700892299
190.11974380718937,129.9983993797581,119.5745992996838,151.68652033228065
191.5814415834949,127.13631490596477,118.83784925488524,150.3040608618986
193.93779683560007,127.48349164941206,117.73310994208114,149.11391880078526
194.96440014432096,126.10460874737731,117.34256201604558,148.539714390011
196.6734916514229,126.93477271686075,116.20111240027921,148.07604172448163
199.27793676363217,128.7558715301381,115.12802539851691,146.66974497683316
204.31263755428535,129.2048598034537,114.18771317267934,145.238321164577
212.55740793653217,136.01766455138699,113.92461283787316,143.92545580933543
218.7167766297684,143.8646777502119,112.32932515843198,142.2009728687168
223.8625411366133,146.73493688266976,111.36366284396092,141.1672417131761
230.49910318237323,150.1965331206365,110.2331779125973,139.61074845599265
237.49024913642643,151.86616227868632,109.83310035995962,138.4810238312992
243.26085084949864,153.43640428112087,108.72961055686211,138.40206326393013
245.47392788465854,151.95843114110687,108.03273505099544,136.88358327442688
248.1513579511879,150.75347608035764,107.58189713473357,136.30405247795656
248.34003383297267,148.09460754632232,107.39820992194527,135.47118529798036
246.00761311693847,142.84806005191825,107.15240682276368,134.59016529655412
245.13132967642775,136.80332596334182,106.51856012956637,133.94019255573826
243.50708138463602,129.42725985895797,105.9422276115873,132.69363702036532
241.96446195023586,120.94136510132559,105.55307072843453,132.31923512938008
242.8901540798479,108.6357500425513,104.53100165475732,131.9340358035693
244.37757222867026,96.51065291915373,103.576520581722,131.18035431794254
244.54731128311013,86.13761532393785,102.76206688690473,130.32163214509305
243.9729702042249,76.33313265271289,102.67683180834705,130.1264287863711
242.6749658430913,64.98446078516031,102.4546337435049,129.02167901561688
243.80713057572348,55.607438182320294,101.60238313566245,128.1825540552813
246.2960421773383,47.51472202342129,100.85600524493275,126.82031791604804
253.739484797104,41.81415943964235,99.8551978862607,125.00745382579342
267.1685618017838,37.67781920153718,99.57495525385418,124.39683352075376
281.85606018630153,37.88853916054451,99.27976195161574,124.43468315352035
294.37404336193816,42.41434058637303,100.02071210424864,124.49767380772269
308.14985806282823,49.16757806906753,99.85506903059351,123.68507701616181
320.1441742067721,57.133082428783524,100.23124387161204,122.68564788657358
332.19913786367584,64.12519313800561,100.45063174335142,122.70304389977002
345.0255969437753,70.58869303002321,100.18891841713683,122.13981364698483
355.2361508995655,75.85218038881851,99.64464156024411,120.64778155634734
364.9133119276625,82.20832159334361,99.22403532436252,119.64817614925026
372.3440692342016,87.78458853131687,98.84167720542493,118.53940448033502
378.23275681503395,95.3872210858073,98.45343168243205,117.38308956666665
383.85083176081014,100.76640795941674,98.25732085337967,117.0043850089009
388.02326886625406,108.34829162496011,97.26886143741375,116.00623657429853
386.7652857526988,116.98677334866974,97.14939065280552,115.77526311711364
384.96733507712815,124.80958082647574,97.0358193476968,114.95524020251727
381.39837900799694,132.6622836966035,96.43075052892802,114.19191209898048
372.89947923881573,140.50529600066233,95.21269923721229,112.1194739166441
362.8203585886188,144.16042241155253,94.72125181690312,111.69435293080119
353.4977907370878,147.94336839456963,94.38482013715242,110.84962185343889
343.15392697383027,150.88496822726134,93.96829961679258,110.59468756891484
334.6268270533898,152.64456626014257,93.88163031704859,110.59233720627735
327.30268212401757,154.23483048319025,93.74403150391797,110.52243498088511
319.2895868647105,156.60360548192648,93.88762314557897,110.44256930958457
310.95023564020426,158.5314741352148,93.2591356531853,109.70038791121098
300.2498150675686,162.97159109325497,93.2545507730659,109.72542743263065
289.22039401373354,166.45499222534255,93.23151421862673,109.89738859618991
277.69477805785,168.27228064889016,93.03677445070628,110.24636277448532
268.01079426719764,168.45929409025547,92.56343343826094,110.75289009097347
257.7561735446947,167.7084173026816,92.42619050826679,111.20731090244928
247.6057439112295,168.45733017668127,92.60522360332226,111.57075224429371
238.6105910975107,172.68784729794424,92.08768621318173,111.38574949590836
227.10332694104642,176.8851927223305,92.19416398900091,111.20910674283903
214.40875386684567,184.1594241439967,92.80682087958992,111.4552911163035
202.4331322940995,190.29391823766267,93.07233404461348,112.29006269459654
194.57867831321272,196.31000676779502,92.90734063919959,112.24009388628494
186.35383571081047,203.71479203740842,92.86520455494153,112.62751431385502
176.9997648586625,210.2049077967645,92.94944489204997,113.20789070529912
166.80597999732566,217.2888931304866,93.3500761381612,113.78903502808933
154.86600690625482,223.553281558642,94.32532871678723,114.93530699990349
145.95553587160876,226.88154003202004,94.8492126806106,115.65385108830367
138.40378679333224,227.98174221332437,95.63920375708548,116.87104926475754
133.15525375606825,229.38915309044205,96.46701934333224,117.9554889851315
128.49182367346586,229.39134798441663,96.84270763353705,118.47856501749487
124.88683599415293,228.77625615588923,97.21671497458476,118.84494862572154
121.92158448506785,227.98168718078205,97.73098874470804,119.16989590210775
121.61951990262303,224.52009632089593,98.23520335881645,119.8282765964894
123.03819951317553,220.23782392487186,98.53111440138332,120.18258579283439
125.03251677644522,216.83045951766314,98.02545106625018,120.10644546662684
128.21979785848094,215.45994763659073,97.55979393147558,119.49743260767791
131.99817866881247,215.18154717910502,97.26063118776568,119.58157727264934
135.63181559153267,216.07561261313512,97.32725016459091,119.71101842607351
141.1109092206878,215.91739304463485,97.39189005471812,119.91261991658969
148.3618975993593,215.55086808411832,98.4787194497189,121.06031217160711
152.35511517860868,215.66066940390823,98.70743321700141,121.15681060624601
157.28303566868777,215.0356787623795,99.24420087942136,122.00273915492853
161.83691872081124,214.83352539451093,100.53581832009625,122.77179198441564
165.36034398047047,216.08705972698243,101.04255666796533,123.43235637611328
166.12466835040982,217.78870659641575,102.26213790855533,125.42154920951222
165.16863497140173,220.02480809856138,104.3519695591497,127.8935905899866
167.0039176530949,220.12164537660334,105.99918373677897,130.15490260616832
164.54513496799268,220.18602938373294,108.44509993706153,132.6867180880029
162.57749063181427,219.73331511518356,110.81532513285586,135.645216693461
163.564844238825,218.92698530721168,111.75968530164688,137.0149258699516
163.93113670693117,218.14469806537483,113.56192092207516,137.73129478721913
163.19729429559632,216.86656972661137,115.91681277599486,140.02409321279288
161.50319701885775,216.5726424184171,118.52702271033138,141.20801716511895
161.3745588454998,215.21871528397014,119.87487522892229,143.07077866057537
160.61704938099334,215.4173927407901,121.6007095876227,145.22530362974794
164.49288200221955,212.32573205176288,121.24296524360778,144.62969434373989
162.2859961364568,211.2094519071907,125.33856070560202,146.87519408600923
164.91669752629497,208.23551357995478,125.52436251576945,148.44294378735603
168.10550548319037,205.46932684504324,125.88930031291616,148.50412585092914
168.30991667952264,201.4014075695667,127.68287049837659,150.95063334719475
169.15506436848761,197.73293633583586,129.64516301107167,153.41239270918769
171.34902576202347,192.79403062409494,130.4252089739999,154.12107571470077
168.45490743842225,188.53312014183206,132.83789630479615,157.87977412063276
175.12089514369944,183.35897128691101,132.4736332965855,158.40464653750612
178.4812506002753,179.6688792952614,133.80455812562124,160.33793110674281
179.69523211829696,174.09887921181848,135.40345055832796,161.48946691815988
178.9697986044215,168.48202872131424,137.42871944154766,163.88417864135587
179.77875880963214,162.0903564746579,138.04566231237635,164.79813836904356
189.35555901407287,154.13114167291803,138.10037489177617,164.3526153358046
197.62072579189132,148.9334259714746,137.9121433869205,166.43206773478516
200.99858428771222,144.03113883216525,139.5280694616849,169.24427140793514
204.20284871789667,142.15535840075103,140.48941364819103,171.46738988795104
207.91012177360514,140.59667586994976,141.49887876724284,173.21115875814735
213.87465901636972,139.24990408172224,141.8303023285887,174.11008563538365
217.57612269679944,137.40279575374112,141.05048287788549,174.84330375618964
222.1271532376867,136.5666303973605,139.2745326359547,171.65235321895085
226.0540819513095,136.59100962740388,138.80281632199035,171.67024514948912
227.7443252930048,137.72186355177027,138.327175830006,169.70797577731884
227.20521067994255,139.14417735196344,137.60114480222427,167.79968850896378
226.62705955807743,141.40185447353744,137.33477858892326,167.60574539862824
229.83051474251369,138.69168001882196,135.97156939192575,167.54147516743424
232.09908937336272,138.67644474354313,134.8791222786652,166.22514396017934
232.00084706214503,140.0798499244919,134.60960348313182,165.09271103968806
234.20218876554372,141.12711809894213,133.89692251774065,164.2818660970376
236.3855003690668,141.9525645691885,132.7255507755383,162.86089259013863
236.63991949233846,143.3719785764893,132.63639026336995,162.56839025913075
238.0279783874883,142.13183808908394,132.00419337150774,162.44185971050402
233.90253453485474,145.21717854382806,131.6441191627124,162.35955770726576
228.33949390193047,145.03042370790058,131.5562722059047,162.92276464474568
223.81637680178773,146.1218250308886,132.05166412103395,162.78622664720714
221.26296635854172,144.5589748900574,132.41117055440094,162.72540349136958
222.63649126625802,144.3191680371078,132.37316614912456,163.82635508789377
223.53362914869774,146.5414637214813,132.09952026705767,164.32786967617804
221.28091968720983,151.70222888100298,132.09749290097096,164.8429482438534
219.33093546097678,156.6295949922826,133.43264201749957,166.5487018611379
218.0828938437308,160.28039661214297,135.201552400429,168.98043602376092
217.21628831134896,161.39306485816914,137.9022927620677,173.01455998092734
220.56846997306798,163.35755806648686,138.64861303237964,174.9627708299169
224.45315119100934,165.02726138174606,139.7504053816532,176.82166742205476
226.73100717875718,168.61261263652068,140.93797953897004,178.03011530313051
226.6758272494033,170.24837620853813,144.04058793283403,182.1280949950331
229.70028796589446,172.63599532804662,145.98214501547673,185.4567996271099
227.57009147420803,171.7096166180804,149.57090713947454,188.3204823400111
227.9611267967639,169.34426342855133,152.18806745139412,191.51774145344422
229.47912427155376,166.58246546641837,154.4043918377519,194.28309763161639
231.10943449928902,165.78996902242054,156.46847841353133,196.99894989461205
231.49662700922275,165.26347304404,159.22473304210138,199.37927339434185
228.47223313562284,162.98320823249392,162.7758401252387,202.33122147446528
227.98294768990354,158.1021895458507,165.67189148542732,207.17449664072046
231.85815710867723,151.81376310292427,167.81545458147366,211.71662052266709
241.55743671870508,147.44230997822922,171.39986655282422,215.49755167440094
247.725882335835,149.94454602163734,172.17589035762688,216.2622446266472
250.59011294077476,150.24959477192246,174.22947260477858,219.03532583701445
253.99473316887412,148.58067727935406,176.30145773451738,221.67241619324497
263.550055723053,149.60997516983832,179.09193567303464,225.12737021696398
272.85436748995687,154.05559047346833,180.23941565485194,226.48589546907894
278.6776533125629,160.90328625473236,179.59150123620236,225.1956552737384
280.5988174565516,167.90292601095703,179.29879453025612,223.82869998003906
279.0687817646972,173.93569593967504,181.10416620693383,225.49954928275926
279.6879386223585,174.65503942544672,184.21625532364243,228.83423877605972
279.2110620327983,176.44288007687302,186.3869884832315,230.39442173101958
275.1622814434803,176.49679399141542,187.82939829467995,233.70883511287226
270.76616496702775,180.2395014776326,188.63524208742894,233.76022433965667
268.08094986568744,179.68214100964678,188.8972128174532,233.63208638890956
265.1676938578737,182.14810480675257,189.070221415112,233.73232432204173
259.44586235962583,183.54620355344218,190.2492359741077,233.7535096411625
259.0988039776496,181.91423710131667,190.49718574587274,233.89360221338228
260.5877094945982,181.46138002317085,190.02914033697553,232.68414302983018
260.23021965681147,178.21002998984423,188.50565565708015,229.67738264726466
261.71643945058196,173.3425131317466,186.49958569844546,228.2609271056474
265.1710198746583,168.9039785017785,184.35958988935522,226.57250564292738
269.1036317472225,164.42384860260418,182.68912932782067,225.809620910026
272.14527021907423,160.85328997696365,181.01729037239843,223.0685970480258
272.9827773564237,156.95622252344668,180.08171701566823,221.99633791209104
274.8880929649194,154.00945376149497,177.53603941195811,218.94157221333816
276.2390270173746,149.49643322738962,175.15039445157893,215.8813095706114
276.5730138425152,144.66280355851657,173.87890517629774,215.52330035366998
273.79490907758844,141.54966504914617,171.7616527920887,213.76691135678578
270.2959676799869,137.83107718217695,170.1109149818231,212.46141130947422
265.17146552962083,132.32908471510905,168.39782211458643,210.21057446626625
262.72644288511077,125.3838767860423,167.0741833215753,207.2053604415873
262.6574112478179,120.84299732681029,163.54061573678607,205.09308859833254
265.3442124335597,115.48826007847092,161.22530193952124,203.5825923918863
267.57598721449864,111.98796138686717,160.83249212373707,203.05242805634379
270.3144851423465,113.03376588841653,159.98867497897896,202.37152461965132
273.4459441225494,115.11423428377437,159.62254656935434,200.93605169612314
274.6067227680926,117.4586668558765,158.89150441498674,199.26903713785637
277.7169606181243,123.49511204514846,156.48682461336085,196.24338797024996
279.9036149706761,128.66998030066827,153.98937040044476,195.65756747483533
281.54410311144204,135.90310388131587,151.3250323025066,194.87784375104013
282.13459426344605,143.51980141060588,149.93946015474856,194.78855269636637
280.93484592818015,151.25663070609022,148.31838797762404,192.26154937883518
278.39045093807283,157.39428358369682,147.44837668830743,190.49338473690324
266.5648773060225,161.49023591479872,152.02823488990822,191.68246152001194
253.96154205218076,166.12876469339963,152.0452081319666,191.49762808390386
231.89050571723595,171.41971368730154,153.38906302841872,190.6341749203188
213.29082034222947,172.2806908579119,150.0005431534317,188.46263561816056
195.9735575246157,170.97771336976263,149.57763470662798,188.07530446164662
185.26004465250406,172.9623604708434,147.4705417985075,186.94719678292256
175.28920146820818,169.1482125845995,147.98357826475552,189.06383484056664
162.90141193498476,166.01153129639152,147.64904990932735,188.78708755370135
152.76708804085362,165.2160759600531,147.26858881087088,188.0102614099719
147.23333834936315,162.06937819277988,147.26516534228932,185.69538057733087
144.89699232682992,157.00333540695013,146.28887057094954,184.55885042633412
140.5648708409829,155.1159075223385,143.92357252701854,181.34243422290118
135.211814065601,155.25340141854724,142.03715678090737,178.12567396954617
138.4566498402377,156.2839435080414,137.42602527069647,174.90071039602657
138.43917361737078,151.62358103849104,133.89029900549284,174.8950193195023
131.3835922915025,148.22037609306435,132.28881517285436,174.70423682754318
127.03409650096407,144.17354600689268,131.24696202736874,174.26695217566777
125.76125390332346,138.51245372647452,130.98173413671245,171.72316993962912
122.24175874604114,134.62383894085133,132.6448699590896,170.6818570304067
117.88566227050822,133.6980539865823,130.61719474609293,168.07718914597604
117.52113914960229,129.50245329259454,128.79283522618604,168.6581488347328
118.12963050087777,125.645567413056,127.23295701582258,168.40872479302863
118.02851591625912,118.87178929965845,125.12885073584114,168.92069752372998
118.82393329584805,120.36465840934376,123.07848228525702,162.8833845973281
123.4362349149824,119.5234799022569,121.71117885167581,158.35523135759558
133.56284696118496,119.3660043473626,120.12073552098943,154.67787289707167
138.8546200261287,127.2483782437568,112.4826849965707,145.86588389334577
148.43482369407334,129.55504079599683,109.27845441849394,143.77581318339693
162.2854859019543,131.1142263488817,105.14933459257578,139.27182196043972
172.80977892442377,135.67410268025023,104.40296412380872,138.2163087996558
183.3772346150156,140.4271526995017,103.43675391450003,137.0994299525591
194.70245618853227,144.39275563351273,107.65093479090424,138.19153951422453
206.11512155265413,150.10059728130608,106.69285259781674,137.10404225379406
214.17762149772477,152.04409091000753,107.17219230728483,136.08869806279745
220.20683435467404,151.24077028692193,109.22976390783941,134.8337365257655
230.89524487036135,152.62020315137863,106.98047583544916,135.80424091403958
239.58619915881383,149.7069902154073,105.14834142846607,135.80132108285724
241.56988333162099,149.36006902359358,106.77499774105493,134.5662083883597
251.47706298662885,150.52752688793396,106.18912353846106,132.94381707374146
254.9746579256945,150.13462818172587,107.43456476384542,131.82257102912635
265.4487715894972,151.69672504151555,106.5846040378025,131.05009239743762
276.48076385823094,151.72772498432286,105.23674498861621,130.58907517783865
285.1889929408684,151.76130274553955,107.71643550498197,128.72107737024902
295.5472606201372,153.43477216646363,109.89809350581933,128.07976596980708
309.25276952244644,156.52948266896567,107.22377003713831,127.75075756245928
326.848433359373,156.40870354344014,103.83346775391021,129.56754164358847
339.65314631780586,154.63494198392493,102.68201913196646,129.8464185223845
355.17384106002135,152.4236509112829,100.5771836026136,129.3498112145436
365.26488570522497,150.98132241582817,100.04282990790949,127.63681195545303
375.42266090672365,146.65462043669478,99.36909469045892,127.58138412661044
386.63596162105546,147.62175855372524,97.5313604492953,125.62644749215889
396.9123006001473,149.46503929005883,96.14515587978345,123.86511795308547
408.59892308831104,147.83304184838613,94.11440968275292,122.89238798291521
410.7075953516961,145.81696384543085,94.96542453098283,122.80387748491955
413.1248630218145,144.5859796374349,96.84759451301161,123.22769892825522
416.4747339749208,138.50415630212507,102.4524180364865,126.21126137035921
419.44998339184775,133.93802477613303,109.81625025732015,132.19752832859334
416.47190642553613,130.7691297354608,110.43164491259961,132.60218242360963
416.5077385643709,134.8511411274639,108.8734388868831,131.9656254599159
414.75719093698865,131.31584146541985,108.30828047953827,135.05914348517592
406.5859554896364,130.46541735421914,106.39098574924293,137.73606592632734
404.45468745889247,133.00319770005802,104.48173836346503,138.24674791043086
403.79597665287645,127.80035029930659,104.24682232901279,143.4130628291212
398.37460333156235,132.06959000454702,104.71017444039089,144.5536605670778
390.546009515426,140.4751520485486,105.9277258421948,139.83057969196528
384.2525485894337,141.22401331833126,106.18145677621078,138.5377216543531
379.7904532849229,143.72881963708556,105.87951213132608,137.451570930907
370.95454324187585,146.54628216068832,104.43197796937326,135.41698768057648
359.90858874709744,146.72002852927753,107.86351708588323,135.99817536331994
351.73491283449596,147.31588967154028,108.87599952632056,135.0927384791851
344.91656444351014,148.53430034366264,108.93164162079225,133.77582069939348
340.3242586604988,148.3295703158517,108.73868971025237,133.97959227845286
335.9325844136955,150.8545923120655,109.25705407299955,133.6830578075096
331.34605217401906,152.4521475765688,108.61343764414931,134.91134815740926
326.28235662238774,151.6226406901452,108.37190174545887,136.04439147127206
322.42685646207406,153.10053501896107,108.35328780827379,134.3497112120779
316.8103713393113,155.51565887870018,108.12141430379924,134.39510436174027
312.3029642025685,152.87384486560407,107.63305474915992,134.26271676293248
303.27139525456835,148.97746306196476,110.49541749867578,137.2804254385705
296.3152150695229,148.2053329660717,110.64663895275115,135.1372466655129
288.6234777546282,143.18026338592267,113.16472661964988,137.42755916565469
282.48579463593626,135.5394380176959,113.01394539609628,139.14249847632698
279.6054564705738,134.98199752171035,111.9689576643211,137.36174958548557
272.1627562693874,126.65667877589591,115.01253067411582,141.25176695992693
268.53642643755666,123.26572691459054,114.79241201746478,140.7437842079283
266.51929083292066,114.34512895999642,116.0131761466587,142.6469308007103
263.6880739525435,116.40341457922679,115.52763017108481,138.6665289958433
262.1159399759891,110.62799173062815,117.61806511638117,138.79397381413432
255.53747317574448,105.24688732093362,120.36386590437039,144.22998024094525
253.39309232683036,108.8093589826495,123.45353092251113,142.67760771829475
252.41908120012144,102.22269748871612,125.846621535304,145.863259807724
254.78319385422822,101.68949252728328,127.49119896146547,147.69401299230844
255.84004348694913,101.58887422352441,127.74352752805484,148.08976864279492
257.2275928548475,100.8736059808943,129.52372664382062,145.79337641711766
259.34580439341,101.646190523741,129.48957407450817,145.75333428454925
262.6582478578501,106.42607538201499,129.34124964562795,143.87502208753253
268.17626444170855,111.10709676545443,128.37174479822355,142.6574495354974
267.1999877085394,114.27663690471803,127.99574601846803,142.3468116397827
269.07812023665906,108.87845572926176,128.064737309885,143.56730729147648
273.36903665749617,106.46964540735492,128.11199382367948,143.86985225169641
276.5200165921475,107.11592642226661,128.51956764578318,142.60146014374803
280.3687244448081,109.13646769672471,128.68952254593063,141.15400552451933
281.6602935251144,110.87990137651539,127.78558360406805,142.73525339931297
277.3189624221632,112.66446937281427,127.41056758731416,142.17521164499647
272.5068221301726,110.14328897155828,127.17791457754541,143.48417401000845
273.8479309506429,114.99816874169991,129.33926383113618,142.84277384472517
267.8517144629079,114.53246222050493,132.4734204394186,143.5021531957089
261.69072803374775,113.96592185255074,132.7716506219577,143.71866899021103
259.0561333305568,119.57904166014463,130.6230543838082,145.6712013476795
254.45365173625245,116.37568973531276,130.70619140054197,144.82204582234323
247.67821674706158,114.30246897740743,130.86637534376746,144.73746927174764
238.41177033708755,118.72722250630432,134.14072324184056,140.81948076864137
235.6931682185774,116.47758148976214,134.82328880698583,142.59982969625696
233.91875526742427,116.85983715112755,136.75681929913583,143.8572299946199
229.72766656891739,116.13398581418282,139.19655284849335,144.3323091333531
221.99418522374646,113.65816124169213,138.0208153435227,143.543113551772
219.92493708976716,116.03154922710426,136.60053475601256,141.91639373329147
220.6795323804609,119.56658274365593,136.72153216290636,142.29530130956314
218.34472548313047,119.76852776450829,133.79690767631718,145.03044935379592
223.26478317218792,122.19681873385424,137.1049856575773,144.01108665338526
222.30176531022187,120.69783683866146,138.95283534635314,147.61702163517708
225.9860764586462,122.86285994207353,138.8633268190357,145.51976351429045
229.97476916207168,121.89601902742415,140.7120522520285,145.0360869451517
231.62405146421204,119.83733395257403,140.3424427258728,145.75038092297694
236.70837734304467,121.21979613609444,137.97817329242628,145.4445630012486
240.77416732120926,123.98275154765727,138.7085318126596,144.1593137992167
243.42936322163638,123.79274085946537,140.4865189180554,144.2888468943505
243.97703594404015,121.21684847672225,140.45776282871657,146.59126642546175
245.77604743050927,114.52573123218369,131.3959337034346,150.45592278953887
250.04420131564183,119.94372111722515,126.20740425348197,145.90168130070595
247.5869426789911,114.4256118742604,126.46805189787716,148.91311951319796
243.64683893425436,112.97795165341353,122.2064747193819,152.3045337048917
243.7313043044055,111.54103874070267,126.04401370564207,154.81294204984465
240.86683563769043,115.54010676068555,127.23694029688474,156.38005259191016
238.67248846760208,113.28728457743559,130.14217516440524,160.20301873575383
231.7736144468442,116.67172289028599,135.60191051060846,160.04180812567802
224.02633883850456,116.13851210250674,134.333583309319,162.84846407623652
216.7786955130115,117.80947614932361,133.6297732806176,163.75452182244652
204.39294705044023,123.88468037716052,137.57216864326014,162.5185420777102
196.48614180008784,127.17349084567766,136.55020785490245,164.24621899223843
190.79079973187538,130.09994813332318,136.87167812413983,162.70537717085364
187.92255431927725,133.70682450158176,136.3008569376174,161.02671964918022
184.28512252965353,138.070602991179,137.79685088795856,159.8616016348295
176.85059202413078,139.05166141265943,141.27925418416032,159.14826408874367
176.9823608523122,144.00179680632448,140.16671750435995,158.4639967193823
174.8496149120176,149.0556645260648,138.9145702247929,157.13635161193295
174.151731930654,150.14491030345445,140.7354460508014,157.15079218605985
173.89285670171114,152.66979222810943,141.68856027821832,154.5592192547186
171.85697650769467,156.4706170439117,142.57568931859504,152.94200565827038
173.97285026659458,158.30953979382826,139.62989150782647,150.997985842031
172.57794411195516,158.18621041162135,138.06521162960533,152.0328526142573
168.73878762238223,158.3126661219198,137.8962956048449,151.41568338116042
168.086868924927,159.60493656570128,137.45953241381793,151.1329613412537
166.17047975107332,155.4337183474506,138.99775509746274,148.69549055119256
162.67726992482883,157.30059010627943,142.76743891010796,144.9220741819724
158.55213575939558,158.28273407847203,143.70447481909943,145.0449444407122
157.73868711534007,157.74654759257962,145.46461185330423,144.33271047890327
153.81923842316425,158.23675084712016,147.34232759703087,146.67286061044715
156.6147492789709,159.6219856367028,148.8247922135426,150.8066879062819
152.6255705916596,161.24724648741613,149.23039568191518,153.74854901735526
153.51626931007308,161.90652527699802,149.89186933883823,154.99590940694145
151.38640086671765,165.44455351831618,149.80578103023657,154.83995790477388
153.29702611458674,165.42198895690132,149.17630299543586,154.04396153932234
154.40318060579446,167.4393120046918,150.0065355169267,153.87180323671015
157.5500683322058,166.48964838059487,149.79912481019778,153.24073497709148
158.27564454508604,168.96242735890706,151.27198361490605,154.81135133687334
158.4593413066474,170.46082013061954,150.94688745506457,154.19066442626092
162.44422175400857,168.25406304044265,149.4727930642485,152.49571913395846
164.19347836367416,170.24309136982566,149.87998052851103,153.10213513144242
164.53407220654924,169.82591544690774,151.56347790135462,153.72707535618454
168.31204085183563,167.4593958561243,152.0290860209381,153.93270975259514
167.92482547934569,168.80953569059915,154.192921062793,155.5562215875517
167.52005803466076,169.81869015358885,155.4607689404441,156.86756354047856
170.81400256425758,169.0818175200001,156.32057275234422,155.15356466703105
168.06825971323602,167.82344499234756,152.76359654032484,155.5251681207736
168.3774734822839,169.9712325841716,153.9134795491041,157.07486881603182
167.33411808373083,170.7365306286293,152.51264151808522,155.54262477789763
166.16699715813277,168.42919001000763,154.87770612318758,158.04945689404727
163.27941057861705,168.10447967289065,154.2464461767503,158.99007629874993
163.16792054491148,167.43782990474725,152.3247729238489,158.90613950691176
160.87152204170084,167.04225002576084,153.03603916855144,159.4681732883221
155.88975701686655,168.07025483545922,150.91064099556377,157.36925595408155
156.33868508188564,166.1160753625581,150.64590254130684,158.4665797436338
155.27321081911242,165.75609342489506,153.30999315669706,158.80721012286614
152.6167343825504,164.3311592759306,153.3499968110711,159.09341875282632
152.5436131828532,163.35600606301415,153.38729145655924,159.68746297162795
151.66409854728983,162.34596693186018,154.66725578627972,160.85872531596715
152.43324035461112,162.32478431924162,154.66644775757464,160.91128341229802
153.55546242886288,160.19548990844402,153.5274723590711,161.01819987061197
152.8021026475725,160.3055373532215,153.06519778102685,160.5723359380883
154.43412025100787,161.24507341023974,153.1793974374374,161.0918233943643
154.70558901393662,159.27345708137153,152.8701024897049,161.30330556381944
155.38500253962292,159.2737558958442,153.51451030161354,161.78512980987406
156.7032977326549,159.16026609466027,151.90898681008082,161.2453247442732
156.54394339353655,157.23010578465102,151.66086199222374,161.70787925101047
154.47340320597925,156.65955838071278,152.4570937345259,161.23581487919944
155.92774271179766,154.22902345039174,155.3025040783578,161.64626218124778
153.03738686306684,152.6950519868808,155.22030073675697,160.80063088951965
152.18270732720083,152.25689121931086,155.3401212342702,160.64875418247203
154.70045049980286,150.7678970219515,154.62427600234741,160.032321190472
151.84219965802245,149.68981834517433,153.15870981481447,158.7936421182451
153.2337321836066,149.829648648322,152.20669945114614,156.16071002757474
155.6507389562768,151.03209183800774,152.43512487064953,154.50948575757826
157.20271122037076,150.4503292530594,152.78900504949289,154.51535711888118
155.6368259511467,152.86903674269433,152.95507734575347,154.0409182138301
157.69596068888603,155.34584256359972,154.1607824796498,153.44039495092554
163.3480457062609,158.26939703678391,154.20048451521257,153.7423948912759
163.60868844845083,158.97824460636093,155.1447752027077,153.69988285759067
169.1730219553516,161.505161700734,155.3228098490624,153.55919564150076
172.12220595401322,163.61738207027133,155.14117769158293,153.6142959180511
176.63632283989935,164.14285081508882,155.63155964246693,153.8419228815411
177.15747342774426,164.68456412686655,155.50222233396457,153.9398317072044
179.47879063434175,162.24801088285656,154.73232961998835,153.73597286319313
179.1512051552299,164.1084223699224,153.41038876180585,153.41987401015518
178.3643872370294,165.0924420730883,154.27540643414432,154.7049473967921
180.3434043978661,164.3580469020643,155.08311918278343,155.67324945759015
178.7349684627705,166.2331830053477,152.6905550178184,155.30975703617955
177.53120020657292,168.4365291605206,152.03900949896354,154.5457038859901
176.94125065229827,170.73446326461496,152.64432364657534,155.08319749420758
175.17435407909454,171.20413577902139,153.45076083595157,156.22667717242598
175.27775232779146,175.7239187484887,150.9396430494952,154.28104433896013
170.09357080035755,175.9273734121009,152.0343854988943,154.3261003437669
169.94788056518397,177.32595983859247,152.5642303247102,154.96020190484631
166.40262043229782,177.98053397594873,153.07107139126373,155.009757243415
165.2488887011487,177.57382625489637,154.50176483403075,155.78911506833225
164.04774974124845,177.7292640433966,155.14818337883122,155.09585423742553
161.62633027955474,178.08860511854533,155.73784847409365,155.2214714035343
162.42300065506356,178.46961964625305,156.53958828948223,155.55715963327515
157.59230418837075,176.85336484896027,155.92754372286788,155.62725467707946
160.85404890549927,178.1292007346065,156.5321670815796,156.14870302297447
155.86649864043682,175.99070037082745,157.04980911561077,155.18821595756384
157.4451711357172,176.93238983542966,157.432747328175,155.27914122757818
152.71839789792534,175.81119119252713,156.43213120610247,154.31810833760198
154.00032663913703,178.04533720851737,156.6577024346166,154.31112001655902
148.43020250666007,176.4714795796366,155.8582534339455,154.0845066610393
147.73040584149723,178.45038521118516,156.61380379552116,154.68272567137967
144.9706722259072,176.81046226734958,155.59597854623246,154.79490798483207
143.81772872769233,177.54732424300525,155.18171173406847,154.648393506177
141.25433467156742,178.16555855813243,154.80227426038078,154.54369977826636
141.54835556873064,176.71649291848303,153.99169828636687,153.8098730497527
142.20326463493808,177.61304539027856,153.85686794692074,153.9020220124116
136.7326957613038,177.3417029626425,151.93551790122052,152.877140949715
133.08219472190075,178.84960915185633,152.50531880815163,153.39343306347484
133.13494304866273,181.89987549018895,153.2533988147839,154.61217528915333
131.96033649724984,183.10585661558923,155.07557334339097,157.23109682741529
138.31022244333207,184.80779325282163,155.56488836528897,156.83766056466928
150.4782284049615,187.64107510235345,153.96618112953013,155.0783234281056
157.2439892769343,187.83110795822864,153.0122350691783,154.08009365385522
164.44457573134775,188.8884947540408,153.06461440644512,154.5130495544184
175.88896249742308,192.91018545917024,153.90142681179447,154.83325456994078
181.01825858569978,193.3144444124082,154.6704835610223,155.3474295345586
191.1519537191828,196.43651366744217,155.3501758135875,156.89979981355316
198.19271214548544,191.23301766360657,153.89927419535724,158.91537336419313
198.63790712614247,193.5803635772636,153.97311763248067,158.87510048219156
195.1176584639268,189.47892571033802,157.39917403894327,162.58035658713646
193.0179866883213,187.2931890205589,159.01679151593552,165.39409070888217
184.12845260987805,181.00742947198142,161.60164580563452,169.98062445447468
171.57622745556375,179.5025637573203,167.73588127051315,173.6510004150469
164.02838734491672,171.67647282615343,172.82942526133843,178.93794790238064
157.46817790564643,174.5357457829241,171.455459374254,173.76011243805806
154.41748507643314,184.7379436407766,170.74770196627435,165.47516252313432
152.5379294794035,183.10333236269872,171.42014323845865,161.52075226679003
153.44195295485318,188.6505057369356,173.98727939302802,159.38520678784755
167.20977012331292,192.64540752561206,169.33512894282728,155.52229530033839
178.79834449831938,196.3444270002767,168.1617033373456,152.7098276400716
190.23790615623648,197.81896582173064,169.87291205276142,155.75812548544496
194.19105105417972,203.25496177970172,172.05774774515618,158.38686599137782
204.7545037772121,213.48688833596657,172.24010743581016,162.32145037884814
208.65385073026422,218.6181108281063,166.61524165470593,163.63981594144363
215.70712169206564,230.95317161770234,163.89309914516562,161.38998244818907
217.37954750949447,234.79988650848495,166.03658979546418,161.52040520568636
216.95510227743551,234.90967962010365,163.91764578692587,163.64066273244896
216.7573816574116,237.93129788663146,163.83127550353618,163.3170917267371
215.17170542587368,233.51195083814076,177.069522497862,167.9450314291872
197.21816708452525,222.786033327781,191.59104009852763,176.99220336396922
192.52117489146036,200.22183785355895,194.05088141825115,179.19615583585087
183.37343624591762,184.55251242665017,183.77506964683664,179.82142778341841
173.65260518848143,172.118110289157,181.08971760155276,187.90831067168602
153.89735002149317,157.3093705470187,178.72614346287304,188.99838537080637
143.96354411396004,151.07347444584553,177.86700967247054,187.85207454580893
140.35950904064285,147.12981932238185,174.92151536597993,190.67889895289255
135.0957949201655,136.76057376938877,172.20181225927837,193.5793773635662
126.15544459733297,139.97154458708766,178.54290108853718,187.60293133363717
125.54579896451075,134.89054482978796,178.59611569402537,186.3829728404241
133.33637844727718,134.55572521443943,188.01434637693,186.40209937580863
135.75171831936441,141.31017841788835,197.2327999335368,188.50079794937955
136.1027344314117,148.31465034360713,199.89490345162972,189.65317001591075
145.32486898850215,152.9800948669771,194.48597369291755,189.90412911370203
157.4000601860012,152.57843431155257,191.0443925674507,190.5901406542386
168.2853540560817,156.516645619083,188.03863637025847,193.6191745821465
179.9622291907715,156.46644216179192,183.04963219462888,195.95529927016617
189.52965430889924,156.2229434349711,181.2021354739984,199.35678646990155
199.95988770710554,153.54006506525047,179.5356384041483,199.7491545374678
208.75814322609742,151.7803018816709,178.14261857710204,199.66919359993943
218.0204117188496,146.80826967839423,176.33036186503517,201.2372814439928
221.40411522724838,138.51683931108343,173.5221833638626,200.96864071377064
230.8983332771385,133.30607722028313,169.94005829923861,203.0071692899025
241.5890750069851,129.13325160912999,168.32499329657668,205.00607978955253
252.85245728414296,131.16125875587915,165.6934313789797,202.7543867851167
264.1723971655497,137.7153992877069,165.6745232958538,201.5964231042737
274.92704110462347,143.8229800792959,162.57844342551866,197.36008232187697
278.5100857682408,150.38204676976437,161.5862432584403,196.81805978078376
276.3447659977933,157.80830553735203,159.32691697902288,197.2103542573272
267.3700039754998,165.6769988817643,157.59058897282858,194.55487674819017
257.2457517937506,172.47107219105817,157.3238345472643,193.0678653835087
244.938394427597,179.97446953640838,156.35212349832165,193.99075819280822
233.5001289597985,180.252532363858,158.80378871126237,195.70855831915898
234.50785487435542,172.82988552812577,158.64600289777357,198.22444525234224
226.0850266696608,168.37362188088315,158.6278287407565,198.0705052616712
220.60201924329903,164.73650764264445,159.17740072238635,197.87116196080484
221.79126032111475,169.47168083639247,159.56429942612988,198.84789809284004
230.42451466392686,178.17759332514484,158.33190939284944,198.11545543955407
239.97091474118918,193.1959833274704,158.07834263676227,198.12884633334045
243.30703496499365,206.24159447930128,158.45303822430955,197.94301953749118
243.55165306692405,211.18038590228662,159.06847731341753,196.43195280480177
241.8724098815335,216.92088241777827,160.1278914185736,196.56405791834968
238.55084586623326,214.30432801302925,160.51467179292413,196.42875852472275
240.08560146564295,216.9811155532459,160.49917670738597,196.57017856147695
243.71427609074476,215.16429519111293,160.5230164220261,196.4666366685554
248.7785004097897,216.32086419011938,160.42270499096747,196.58593275257374
250.3677751601934,215.06105187954014,160.51618918156632,199.0290192877947
248.5562518762926,206.47628582475582,159.91871572983663,198.00531409267586
247.2204252770436,199.31249541872668,159.6573855298972,197.60114441645288
240.88147644174447,187.02135845807985,159.9980639622142,196.98834997837156
242.0174501294982,177.5370126389542,161.17820398905047,200.4610089017791
242.8002129723702,167.96502964538735,161.80353523690025,201.81444754516278
243.15472889413817,161.11287648872897,162.07344626445803,202.1629799326983
236.78801442089213,152.574180442221,162.49120138282515,201.4613803264955
232.98246676528717,139.85522929424522,161.68243585419128,201.61961953650956
236.84551111110244,130.35465517616262,159.95512645943577,200.13431757736225
246.23023075458596,119.6292119264096,158.5085631490312,197.9506825924933
251.45222137738574,114.47326476836346,157.3948431339004,197.12982544374182
251.234725006955,113.03443290182817,156.28363226148065,198.39548966509366
252.06355173675524,115.90451240840099,155.7106345635989,199.87206649179177
256.4329849084602,127.5022935733862,153.64425357175145,196.22069361494636
255.86090942520354,135.74162867309053,151.62214477263976,192.5923041772564
258.5413516927647,140.43042248870535,150.44741746408,190.6831003350893
265.16615812610706,142.7055906192145,149.43608584739525,189.06403848813352
275.351535985948,143.5877802818512,148.67549858474467,187.79679051051636
281.9480546207128,145.7356568101125,148.43637977224626,187.27423081336877
287.8843409542932,146.17667153442358,147.48916110899174,187.09441083740282
293.40422898313466,144.8014286221081,146.83231962162125,185.93699871281507
289.25551048237355,142.4793616287332,145.7180744942373,182.41426258237738
280.6273131059892,142.81640143730266,145.7370424891935,181.14374741836343
277.3822650235328,143.79129724472176,145.82998289238753,181.48222484649398
278.9989718523774,143.05169657731915,144.8695184534484,182.30352823208045
276.41128424156807,139.27663796630804,146.0591759016295,182.65131391113388
270.1004510017058,135.9653757205179,146.927668553229,183.50992238708918
