167.0,69.0,24,127
165.3507384108416,68.07498650325859,27.045318832613688,126.28325453254533
165.47608570337997,67.07225709727504,30.85636130808382,127.04982174294993
163.97785486964978,66.50967974770353,37.91224070015358,125.28841027998355
160.57621199259876,68.41636900860685,41.16755282144312,123.42919435583318
156.19737988716685,69.04028307964882,48.03392064558817,120.90652490515549
153.42358450089293,70.07545628765251,51.87979022672977,119.52959889930436
149.5070597789377,70.59829123032867,52.47330719993711,120.12690386746766
152.57981175772233,72.0240696520918,50.17448292986787,120.85902622316016
150.5826356097995,72.3340099460352,50.16813332141663,121.40284192433587
155.88173894685588,72.71217973028028,49.07050648128825,121.18522916248631
160.56743033279488,75.20661094200806,44.63369402191023,122.28151078199951
165.00318436846803,75.74480210292916,40.29883756189206,122.4800002863292
170.62096500450036,77.35897271642612,37.014051436311746,122.0107532976165
172.75558111360434,77.40649177021136,33.27133899349447,124.08026597129603
174.67046106557532,78.79729247022868,31.523793445021234,124.32823610446452
176.72465472216246,77.96770604045322,31.762970829112604,125.2051518839373
176.43019876159698,78.10901216939007,29.690841490477915,125.23247614950111
177.37502091560634,78.37805121599794,28.499714028162323,124.69961656214474
178.65961804659122,76.5817358319664,28.823921865801914,125.77323487903597
177.96938237162883,78.37925243741563,30.3644884305705,125.22318457829373
175.64416660320342,79.82431983932246,34.366604537733814,121.22251510651134
173.47313416557284,80.92101005885166,39.67961667861991,118.5328883295623
171.20023773937058,81.96940867067119,44.61691954079007,117.498530070767
171.5292722132774,81.78799428537788,44.63078662813266,113.33840962260362
172.40776606030437,83.98472550165913,46.550373641110006,112.11126799082237
170.4802211738364,81.30546906605656,46.07004471287405,110.89058774679314
177.31362035445093,82.6579326266252,43.564501234457516,110.70467307682773
176.24384598424322,80.34127648596609,43.0131014885448,113.5798981999428
173.75946982530718,81.44120141791848,43.60322221462003,115.30351025010053
175.38246145123767,76.79391466905723,42.283813669790256,115.10345484157304
175.94107502766843,72.05308840679999,39.82765829427254,119.35808710241567
175.7496580772601,70.24961954919684,39.95802027126105,121.81106363598133
173.57031441484327,68.34334048864623,41.07458113125098,124.4611156535669
177.72277011862772,68.19291418354204,39.411362838916446,125.36786425986904
181.72709853372243,67.97760465651557,36.91674409466452,127.38518375337512
177.8029901419905,66.35456507256396,36.35968744062839,128.12461008924708
182.3751334534117,65.2304077122775,34.12097943106723,130.04486084497626
184.09340604454874,64.72803621750779,33.0249493855119,129.9395269302188
184.86596175793107,64.3268891537245,31.714396064215986,130.51852393864476
185.74662051694122,57.38949689692083,31.668746270805077,135.60519199717396
186.72238653270026,63.14098727902129,30.083242071318253,134.74738335211367
187.7377854491034,58.895349382644895,30.359512109605685,136.90092110775709
188.74444807058185,62.293622442233215,29.361170997508147,133.41153441240857
191.7737566284911,68.76436074382173,28.473604907080308,129.87658246743467
192.09567250835406,67.91869749991871,27.9389345243075,127.42246217789696
192.4847712172604,68.77935218044371,28.726990768604203,125.31574632270633
192.59463004676354,70.97792718699282,28.60010758225414,124.21925548929563
192.8154135988203,69.47400670542349,29.21368574181254,126.28816212626239
192.59238304802716,69.30611447510469,29.387255388320703,126.25996343260313
191.76195400766775,72.86031346491146,30.78178656474264,123.73753347056771
191.3572721249189,73.5318735767739,32.594080017740325,120.51700235817096
188.35501335959032,73.09173673049838,35.19472791949124,121.11663640228448
186.29051632702854,73.5534837053613,38.29799566625544,119.35680822404302
186.93148137304266,74.08031781969208,39.26847646289905,120.15662510280333
185.85916909384434,73.75049151634839,38.918350044733174,118.65306970167822
185.98994394150233,74.25826551572943,39.557190974417225,120.50464816775988
188.96437640928585,74.02250678729995,38.592670521272076,119.94445786094698
189.72894105882176,75.68088061514567,39.355960655793965,117.79094873064616
191.18530971689773,75.02743890739762,38.61821113261077,116.39736217543913
188.5342303978099,76.07765549635491,40.317372944614576,114.13808500338395
189.31273381726328,77.43809832607182,40.463185929926546,114.24538537910635
183.8561593367097,80.99045502723406,45.57433293790871,112.72386289475062
177.80524550311156,81.39021122212591,48.6160714937769,113.60104728231067
169.86887070418334,80.24292037886403,56.533498826008355,112.36962799227194
161.83800487055862,81.70474764776745,63.85884133310149,110.77760797594946
146.4513362478017,81.6336725736361,73.2259896137716,112.20256452069654
142.29959238217685,85.182394029272,79.01852153447442,113.27409743950287
144.78732740134427,83.782091283231,80.56432224809274,116.2647969257255
147.02049571508675,83.56660071812979,74.1567929936546,118.17960373952168
154.8090333222612,80.21310259822917,68.5772763730557,119.56079431526041
157.21527790121723,85.62550415923297,61.92854453936243,116.8127734198153
161.14131194594873,84.65031733630471,55.59225403779006,116.26271981957808
164.47371437056734,85.51111992216113,50.092549286209056,113.88465102481837
166.3593046847846,85.00613062129194,46.63545557183703,115.54550853280674
165.28415944491869,81.71427365616451,46.91340108086574,116.76823003142098
165.06094549798723,81.54063092300417,46.03484728527554,115.77936437469478
166.06282708070486,83.95109453696834,46.97728162960588,118.58017176590707
171.02451251506943,88.04769016064371,53.75117638587676,115.08867119238445
173.36579998758546,83.79752778451348,61.18581945842281,114.92725278058242
176.54904727323222,86.171708816191,63.29521600041054,112.77761508246175
174.97736654269437,89.85195273393225,62.289773750548754,109.90296709072923
174.91116128332482,81.86424178798617,59.98498944506915,108.88687286934015
177.49500704713563,83.91777854032082,62.883307438931865,103.98142900334271
177.12489718727778,88.15562192583904,58.328269590288166,100.91428105066566
179.69454173907488,84.30430717194862,59.506515887084625,104.12835465024338
180.59317960179322,79.45171006513024,56.90803166555419,107.68563016270828
179.81144778477477,74.91567250427674,52.23934808279419,114.90315206175902
179.5400046401326,64.090037449524,46.87250536817231,122.25455644860824
184.4162223574459,49.97876822215933,47.281111193311354,133.1693861631032
182.47481991652242,42.62152406573277,42.78555914156452,143.7554259896282
183.31841344686723,42.658915000124665,38.007856944156195,148.67148884740692
184.60692782327285,47.36303848683481,34.3293877616574,149.08617888570538
184.39812165056844,46.04778993986547,31.97725523401938,150.7993480987847
184.8338083853261,44.76323575183564,32.031815602394644,155.33217107445373
183.04591758678882,42.43281387363763,32.4159162912661,159.35675384452162
176.62753561125479,41.53613919330192,36.766565740381075,161.37086736534928
173.725632782461,42.409366643585074,38.28793121242176,159.88133995501735
179.03780448120273,46.98985544363886,36.25160051025078,154.02218120256603
180.03652069972054,48.83177715620553,35.05674986032454,152.02043616610456
183.41179858783184,53.28091875740044,33.155803459101946,148.67354456527724
183.30693635843292,54.05574526731036,34.32707576946228,148.0851952563949
179.85186958182703,54.78399241079127,37.46673202775216,144.59623026630808
179.77766494565526,53.13167079745324,37.55868378056445,142.67403633478102
181.20573465902976,57.26046436261794,36.52972330889364,140.7547975931235
184.7961326581908,56.43908268406659,34.698231509790276,142.54016959280432
185.0410267658126,54.47619781541363,33.73975432970293,142.75500183011025
184.45221184748715,50.29525125462639,34.06612684213505,143.5995304497316
183.4883920907077,54.70930327357358,33.14507250803776,142.75671693918096
182.9164862947462,51.650572052852255,32.551548894882636,143.22256805249862
184.5229935500094,56.19750637337563,31.30520918904368,142.53693305403
187.1018405756124,55.028686357311614,30.937950928853326,142.9537662013924
187.24138205700882,59.42204507706177,31.12651933324799,139.8501542306421
186.93188035758956,54.037124040604,30.295754665680246,140.5076610984795
187.83443926194323,51.07549417811373,30.45294764798855,143.44056437814754
184.12543425818177,52.35728021534348,30.647691053948947,144.80378063376617
186.07550408685185,50.83862025419289,31.402794316530684,148.86121164005172
187.31070007149745,51.71849934369463,31.3407885777082,147.3026863712045
186.08986303314796,46.3992777722751,31.61141162901658,147.6649454320123
185.8431331490939,46.39078028587673,31.748395567046618,152.08956369582467
185.6361819614566,42.75929529616991,31.799352385680564,155.8337348471133
183.83179543809263,50.23445176767876,33.690474065221,153.68105984354872
185.198308913121,57.496015430718955,32.53477865813302,147.1919290994996
185.9753666490621,42.00173339343368,33.41016758078206,152.9476440529764
184.35291897044814,58.128468644683636,35.96374824074433,146.49226925360148
185.54137035368058,57.069941443004424,35.19722755435762,144.35532585422553
181.95604497462023,61.40063230434855,38.78490101755641,140.91437259833415
182.71390844059962,62.46654257722584,38.24836109731636,141.84779863461083
179.20111937752867,62.33430961031664,40.73484620588014,139.39500992975735
173.2012284113456,62.70229842146247,44.20612472027758,138.2189993484813
166.98313940057332,50.964754431222076,51.642119636353335,143.32735759263397
161.7026720471164,53.57274119128323,59.42394057373593,143.16076151391792
160.5952554904997,56.78250454665056,61.01069141157869,137.15758612154264
167.2638668012817,60.291271269683435,58.532172403295974,130.50403582977376
172.95289847606736,62.100018715569405,52.07088761817778,131.66193156300181
174.72584393649552,65.64900134579017,47.56445592583708,130.8527846619353
176.65755116643527,60.934616682588285,44.62959981556696,133.02047610747968
177.51466199713576,60.63025295021916,43.84268528307224,133.94524361128043
176.54028200304919,60.57318136664284,44.34884883569849,135.03839068468307
175.38622645475934,59.030218201231165,44.9832538775907,136.80000671277205
175.38036895238068,58.16327245306046,46.17996644094178,137.61705860950408
175.35803323048512,52.95289619424062,44.630918402310996,139.68634017987813
173.58184934139896,56.60602865449923,46.5193152332177,139.76380328670467
175.24618774875532,56.924433246311594,48.31719481498935,137.80402657378306
164.78925177707083,62.87070703427463,54.696307236873935,133.3725690857476
165.63036852166277,63.29598233266188,58.590245622690105,128.97593694600437
169.84398254037433,67.12455813104245,56.71758301495444,125.10845820080574
153.07735690616022,71.36699521106547,64.78199273064834,115.02196050560343
156.34301549340182,75.40143757460723,65.12454640577447,111.8604244113324
162.23232417941864,71.45327367521847,61.16526497124086,115.62574024721933
164.28683866327233,69.0911021978802,59.9195477711116,122.66264423705209
167.69014702328576,65.23444376422017,61.71559218389723,122.03544596765342
167.36924027200172,58.407662446694815,62.61146452435593,124.91071880778225
172.61571201299276,58.227468895498944,60.986471481826975,122.16426386915836
172.0480990468016,51.04483296533518,59.7586603048343,125.98241658886089
174.07723693786585,54.38589545859635,56.36688842895583,130.1464219734323
176.38264002358775,59.52239505294189,55.01603098798075,131.92316643708497
178.5658303821935,59.007233254788744,52.86611145240991,129.7067248966725
181.4588136429779,62.85297302305831,50.38593106365356,129.2166918933365
183.63171959441183,66.11946516933513,48.55360793031694,127.02181184882974
183.52512454021087,71.35789595468046,49.49818231606265,121.53207186017033
178.21508756386157,78.73888055010079,53.2843634464956,111.48830335292342
182.12438658335967,75.93892188310174,58.74701540749942,102.05434617520277
185.32886682387087,66.59682666947504,62.74927929171139,104.63642478604993
184.27036192256776,69.66534522805966,67.63112063728633,106.0757121317713
184.214747734575,75.33862436551678,75.83652625936561,101.87600444279458
173.45672288139568,88.7480802111868,70.95902127822428,95.8377018823139
177.54622576566922,89.12153408766659,76.62687830264595,86.06943182466684
184.43078625107665,95.1601286694513,86.21993994901857,75.75860008297242
173.80980538400416,92.25713466358293,92.1217222398042,74.04499580955289
179.09333583446983,99.57356032083395,98.79001290137285,73.33984835247273
175.15343512099417,103.36794698964479,100.53523180879293,78.51190875508541
174.32432246668134,100.43951632804259,95.82242440257484,87.10683770524295
175.89378688248928,99.90797509470264,90.63100533658397,92.10470410746973
178.44881603659115,99.19502080326322,83.34687476275518,95.25830434073919
179.86475970202122,97.16560901639507,75.56830164087941,101.45775291447549
182.93975891815674,93.14797507485844,70.77841063048338,108.482339645205
188.36497407804728,86.63989532562499,67.2049883673429,115.02810119445313
191.82831918553697,82.77182888207417,62.478859675801075,120.0479560053829
193.14306847049605,85.23752785748293,59.1611286840079,120.82413862097164
198.22159666270647,75.90062637901138,57.18720828591516,127.51872404861786
202.02994184387111,64.5485237926036,54.90489902710151,136.27190993432404
207.42019611880968,60.38535551720908,50.97668539909938,141.45075503003497
211.43870480314402,56.17162244789638,45.32763800113384,145.1749130631916
213.84388771388666,55.70671279698121,40.45074385933604,147.3073080486157
216.19373370754863,56.75573355977781,36.8302449872465,146.18393693317876
216.43558808444948,55.49909423707186,35.48688657524168,145.4404406762469
216.78265219127564,56.66202085667422,34.40552081276123,143.82229007376094
215.2978910977153,59.325423768067765,33.66465481628812,141.00399865527072
217.38645963059608,66.01273171159418,32.937407887245364,136.77327314907726
218.83314810608388,70.78085083039282,32.66939714720722,130.74435913022998
217.15424300406733,77.41907253389337,33.911667800459085,124.56175727596327
214.68247469067185,83.80144422587485,35.928629720218794,119.58134616739093
213.88410905862446,83.74953607954396,37.795197410094815,115.62821665927146
213.01678298674176,85.31237633780475,37.64398529604773,112.8544953712655
212.20798767516564,85.97673979826111,38.344248038340595,112.08640687808716
212.41258618788206,86.5972849713005,38.27831273165778,111.99848425661776
208.74714145660812,84.76306829228636,40.082194137565025,113.7807786986304
208.63785079242362,85.3485791194037,41.44820588585587,114.00044307955197
204.48013894518803,84.85082389282289,43.09276166040519,113.21625992919796
202.79895160491236,86.42924582215358,44.05639366517531,112.49612261350535
200.7353117136777,86.67052484193394,45.21290928748836,110.55833386105401
198.53009601213859,86.36725482251505,44.67128380580094,109.26628381200115
194.79077972484293,85.40344555283714,44.738600462423506,109.78606543729447
192.64645379734242,84.61444009404178,44.7704774150808,108.78796551504142
191.9176317773174,84.06947371581566,43.747683222708936,108.9530020312593
191.97800589550496,84.80471394430103,42.84147356055256,110.14862875202293
192.26394733857262,84.79993264649458,42.25243979551104,109.43819012693271
192.7100791180118,83.95233228312614,40.22544112921075,110.16049046304458
193.0660409080871,82.33079160420677,37.73229806663829,112.54843876424272
194.34998537547136,80.84055031900361,35.01627680765104,114.14012738933653
195.68350649467538,80.83999974153981,32.31746577041484,114.77379690363912
195.76182428371357,79.62957858032543,30.55517833686976,115.52938654052102
195.13283288736983,77.73206419224104,28.665730709635334,116.05851565848666
195.59608919082282,78.10790323816681,28.397360192573124,115.87226725413512
197.1518360347299,77.22378811431088,26.597512012571435,116.58761053895637
197.3819710415741,76.84281523718006,25.876957575054888,117.46692689868675
194.7610482483653,77.71340408355286,25.96935858139437,118.32572479187867
191.9316463913229,76.4174065278627,26.691089541572964,120.40526873138398
191.8379923238603,76.367917729722,28.209238740951292,120.02762279250913
188.8444935640985,77.23385188557194,30.844399102271694,120.10422616049675
187.82485721032396,79.06344213875967,32.799138118414604,117.96164721662129
186.9736130649406,82.34570206460774,32.88746014941566,116.37985441570639
183.58849606511893,81.7359487195502,35.26246099476211,115.51909987535274
183.9189310564866,82.86491301563626,35.9541605921049,114.69482606833684
181.69774882260992,82.94321535494608,36.06940713993641,114.07484248346722
182.233283691798,83.34612364061131,36.3434606925759,113.94221316799613
180.6107629756528,83.12377015601044,37.787659839710024,113.994616670401
179.2730997572184,81.98382906272977,39.865268991422596,113.89464656204048
178.87728970067448,83.36907379967181,39.322599553729184,112.69724668776576
179.98662042363708,83.41596361262177,40.78780651600707,111.25251491342834
181.24037786169094,85.50728637161282,40.24867542896188,110.28861939544622
180.6734156459327,85.46605904409252,39.843445807744004,110.28779157978371
179.54273155933075,85.3016415153441,39.38627760399476,109.49641789704616
179.428435407895,85.82425707397078,38.17883475061626,109.89079249268345
180.33136800426348,86.1165221623787,38.19129841530119,110.71928721821135
179.84474769123096,86.46176848139376,38.2956120394131,110.34336977549373
180.42253880057282,87.36671361136729,39.52098074846372,111.74768239640606
179.12591147130095,85.60224829856682,41.109505182398074,113.60901048294448
179.6654334245867,88.20235927714438,42.458195650826596,112.2960260746175
179.7847952538447,87.2179460012787,44.01912409191997,112.83690462830197
180.29999952925868,89.39289423710191,45.31790865632641,111.3465662621243
177.8567685800277,87.40945346823351,46.939264353616466,111.58725151079861
177.75627105197464,88.40482731614651,46.82376160698822,110.48899038723823
178.15995442903815,88.57794858317547,48.724738358720586,109.97807500161781
182.9079682425383,87.91083511519716,47.73191507742344,109.1904452481213
187.4666262603418,86.3994682765768,45.937993817207015,110.1530898140339
187.33691849042953,86.21268164167864,47.045187677344074,109.99526049593959
181.80744135997688,85.65493945903484,52.73152230934312,107.58007469521158
181.55858368121466,85.83831114083607,56.5377703817113,104.33607303082786
182.27830831236025,87.42690115910216,62.447869459263856,102.52101457632693
180.68008869436085,88.26758031487196,68.74370444721583,104.6698259425217
177.1567746472826,88.40161152347241,71.66460011949734,109.20608481438329
178.02848576423182,85.05475243194452,74.91324331528637,110.77541334900158
183.14809494625715,84.46571531110774,73.10078276373571,114.54977054965953
172.55065699985596,80.1170252030414,80.42129952567873,118.11510120524534
167.11208831509086,79.74983838131577,83.77979065497452,120.15950292486846
170.92929990030174,77.47551891767492,81.02891240642776,122.01755957675954
170.93936088674548,75.6577619971672,80.3797926308059,122.7988558884781
173.33759644960583,68.00335575672452,76.0343102746165,128.4787926369416
176.31762311961492,66.35402987899178,73.98877719827014,131.0875335037352
174.85716736659413,69.34514319105035,73.02065061837423,129.68981005344617
173.5390981804696,69.70533519440175,71.36482732070141,126.54559792174337
173.1375020908077,69.10743053215734,71.39461251760338,126.2493418165447
173.16192556332712,69.11117013470421,69.96240375615827,126.47785504309158
175.04279057333133,73.94650729320563,68.2356773982592,124.84834893897938
176.72413552905303,77.5591562373886,65.77819988915958,123.38245046467591
178.20776653974994,77.75548632570502,64.74794958651576,121.82179102046496
180.13915584282046,78.4487913607677,64.22440437881221,119.51559476869899
179.08633021585348,80.03868158194231,65.45981637493364,116.76071056658411
178.03452533023767,82.0775823167809,65.44324792350902,115.02504166526631
178.7413733277469,79.29130711185513,68.50815910622491,115.00436087394597
178.65359300900562,83.64258568654364,70.38226710698878,113.59376539449084
180.33918847616292,84.25363855144613,72.72195263751792,109.96437206702961
179.19649326979163,84.45860886179642,65.76494192721364,111.89259672953214
180.8245755686988,83.46849375961457,59.85069627471175,111.12578713897398
180.71807635577932,82.24904888501075,57.04211877281634,111.38956702490037
181.13468956971096,81.21013877384598,56.59216260862497,108.83439164176117
177.03707200919158,82.58135693028945,63.16349636247621,104.89060034840548
177.1322252837778,82.21690737897822,62.32997081916311,104.4999620975123
179.8432003627347,83.97040612631835,58.39691226281184,106.3628986848633
184.3943258899879,83.48611371765094,52.52583186260232,106.98486484985436
187.8272912017622,84.72497784525152,47.101338006631856,109.3663590067626
189.9456256231943,82.56539684168672,41.588240941111394,110.93588722482968
191.8474279520081,80.97820249304877,37.88320806082757,113.15861576585559
193.51271677146093,81.01300614172236,34.65333842973436,114.70882048022716
194.20134767218542,80.64233827509717,32.55183346422293,115.56319332285253
195.24523987926656,78.63112555216298,30.96380490943565,116.53456286051778
195.87009559028235,78.07116250633445,30.530377667091578,117.03626385451862
194.96170819668225,76.11574616471707,30.532699329291724,117.32725400845649
194.6048888196178,75.1540653232505,31.44537372795192,116.7874504081865
194.21290809497512,75.19328665542076,31.753596651846628,116.20473528290847
193.55908660500558,76.01818545023929,32.937155159129475,116.54559931436518
192.98815363382147,75.70065762390138,33.92078745891959,116.97969671508785
192.20665488783584,75.89737890444019,35.12215165010959,117.04877856807276
192.9619253273875,75.78461162201216,36.7553180463969,118.41670815246005
193.10657460617915,77.18238616563428,38.61164937162605,116.93582581326267
192.57907794750452,75.68624772437357,41.43214561866286,117.243746006331
193.78521077230275,77.37075861072618,40.78111043781638,115.67956432151638
194.65942494874514,77.36043277618248,40.60259785641594,115.6877648187288
195.73157419483653,77.16603921481708,40.61689921774884,116.52018597466272
196.24867476078157,75.54612214507773,41.25182650382751,117.89039120789141
199.31501831376343,75.85183902957337,40.27459594083253,118.36385734124389
201.67781480904557,74.81857826717827,38.807120626049496,119.19163985236221
202.2023699029121,75.48623200221823,37.79334979378518,118.44315489204793
203.6986342173707,74.8572599696201,37.297342160961705,118.06651643771292
205.63321847299343,73.74969693250202,36.3416563157319,119.19301946507409
205.9037430384738,73.73892732464121,36.03583667695861,118.5353594620457
204.33360415863132,72.34435562410971,36.82812249328422,119.93842498224933
203.71142764010744,72.85804927958313,37.44128046197261,121.49389289591186
205.62822497684056,71.47759989099578,37.53908227288138,121.86624186839906
203.68713029857003,72.60408135757052,37.961402244656846,122.01336438446833
206.89536604944934,71.74620261152441,37.31623201242947,121.40813798984179
208.1074088921947,72.67763367853618,36.693873621860554,120.97865598277139
210.80591205694913,73.11123068786266,35.93306724352364,121.01401933716531
209.81900636941376,74.72654660484758,35.60570064007874,118.81134160475794
210.28929303934183,74.55512268362281,36.27932407756637,119.30378661517624
210.00795117140976,74.3469188559441,36.796780762649256,120.0030311845962
209.79212813503688,76.49879000353509,37.135439774848116,119.40870051050794
209.067486310328,77.71182554422492,38.018164586375214,117.93291629436266
208.29130816122714,77.9597782951071,39.37386561113949,115.60443022619204
209.3213210579715,78.70026462820739,39.05129709304139,114.26664603655396
213.33450773001,75.30348023928411,35.52611393451129,116.26565915033802
218.19868514983744,75.69102022271218,31.02801422180947,117.08280330457563
219.81562001642396,71.82629187241695,28.431656695667705,118.77591356961923
218.37791233858616,69.5140826845221,28.697025664624583,120.16574332236206
218.107124868998,70.58365839604193,30.28288160966023,121.93049204580677
220.02483920438158,71.07184982061278,32.12930718693999,122.63794708729006
223.54860623295147,71.50997701301424,34.34266790519083,120.99347370834653
224.16973228415395,71.44201624708455,34.571179962942125,119.46722483004964
223.22776950521666,71.29418747350589,35.712979055972944,118.37189116626948
223.03912028150003,72.14301126001997,39.17032511082806,116.8934818744913
220.62972381644883,72.8217952291722,40.62519592178982,115.46306847720248
222.14812877803948,74.05695425973734,44.13541358649915,112.8269789316972
220.5207920288309,77.12106704798694,45.77955241694757,111.51128387277612
222.57366468285593,75.85203145547598,46.305704081553756,114.0714192667824
221.80044889082797,76.8287273697638,49.315972335531555,112.55754159836303
222.08528748069375,80.68487967311621,54.76854247025315,109.75499651314257
222.65275540088209,83.71221677220358,58.588623719720204,106.18094365285847
217.0652206127092,86.17805800265849,62.33153387223785,103.4454892192924
217.24495575710498,87.17926791370918,63.41020445258692,103.25971978781601
211.74531871571918,88.73932395829617,63.61483131856161,105.01894119473579
208.3396994477378,86.5834264846227,64.36204397561819,106.32618902294209
206.79949715001544,92.50098094886302,63.83023543629723,102.79411964524272
209.46906678170114,91.0406011259262,62.41214719831645,103.47003676181946
214.06921815212837,93.75935483959256,63.23500729925891,102.79284427589302
223.12872982941542,91.2911264091864,60.0420093353098,102.67623106834593
233.74060916198667,92.67168568615959,53.23029901001103,102.27201559057144
238.22424287136127,91.33401188237187,49.0503240717306,102.90006095205314
237.70999911385948,91.23397731711884,48.10404962384355,103.1931781782623
238.1592937595852,90.91514543886726,48.28114392614209,105.65673915156238
238.7892172447798,92.14415646080181,50.179957844424806,105.63188361159949
236.0741900557364,96.13028219777968,53.957027603370946,103.64824908100313
235.95368874979576,97.58507627852453,53.45971844767409,102.35923587068532
235.3141515758873,96.54519187861173,52.65120734627226,102.51368118418279
236.59955861358557,97.37051315576538,50.95926900329759,101.92816314159424
234.7112424427893,96.92394318009231,50.211609352702624,102.49357482145601
232.80101891678657,95.6701102617319,49.63337476408307,102.91682903708308
231.58146713391434,94.71937173828695,49.8008108493588,102.27216350584797
227.43966758734413,94.79968981959708,50.01721023546797,102.71437158150897
224.56098257457614,95.017195593444,50.329481384050865,103.28387663537762
220.4461116017223,90.72798217374844,51.764148866867906,105.34072754703438
217.2375528633067,90.2734892825445,51.937736070261636,106.85673847592662
213.05981455586576,86.35187468132905,53.588256630456,109.63435488538877
210.37389140988478,79.02263689114677,52.59154213140235,114.19737148137833
209.10900263010976,76.56314677443754,51.653607288608626,116.27501260346867
209.15678476325826,70.84134108264527,49.44766094223351,119.5628317507251
209.96772787417547,68.78609392322414,45.1308894664928,122.33155971214546
210.59504967639876,68.9629451703118,41.253656750718115,123.55036698359515
211.70989316382915,65.0374551908568,37.14347661179484,127.2403056827395
210.3684107515086,66.04160086033706,35.44918313565464,127.77928607229464
209.89360856708743,60.93524344262977,33.40577602988765,131.9131434858342
207.86846106570874,61.68172131559055,33.42341722405126,131.72875097233452
205.58518586221484,60.88036184297792,34.629127787289065,132.8312257769348
202.89387084043332,74.299792036212,36.93692872928962,124.73104336898226
200.32656254273817,62.13656639034102,38.13172598874239,129.44671585213047
196.82524623554832,64.54102021170583,39.75969429648146,130.49251401994772
192.9782303059767,66.54139599520227,43.056906087265375,128.31057959162672
187.5499182174259,67.0115586179254,45.663225088585705,127.44471723680546
184.12326007253438,68.60731123929776,48.64187707172814,127.0667801092951
182.27379902759523,68.06247266700194,50.69938070457516,127.35738498826174
180.08315951535033,72.46892836172803,51.827394348205594,124.35825533709081
176.1622666664632,77.31586366237043,54.89079869832358,119.95530880807163
179.91726675671168,83.90538937650578,53.31399553931101,114.97669683292592
179.10024396737379,85.38486316969289,53.722211039861776,114.91252463717672
178.21824072818387,86.15130824974761,53.62412645378852,114.69893989698915
177.5765359600262,85.96008072259144,52.26108213268195,113.61032561536399
178.21299341704068,87.24760994132973,49.448524884668664,112.4323313868718
172.831312973873,87.78928084114041,50.69803079053527,111.87419710678168
173.15748199790494,84.99716141134343,48.233101189736985,110.76477141559441
160.10108122876795,84.47120517458865,55.2308514584797,104.61856377191646
157.8389928035245,85.74616105315073,54.21132713709165,99.09337125307356
158.03765922458516,87.91611622401741,53.021788484423425,96.8760500226683
157.23592996186642,88.56767523579904,50.125094421970275,95.29098009480815
163.164655872479,88.54745597709551,43.83465920230764,98.09814224502773
168.83576454570414,87.60943418305928,37.78107710976362,102.36679447567833
170.7499643302358,86.44013150397193,33.205698780934654,104.74961980455615
171.72827837515817,87.23598299413021,31.021287487964898,104.35701350392708
171.02113601732057,87.2165817620889,33.125238951686995,104.22632133910346
169.3373328446295,87.42483623459303,35.92332625410042,103.72982582182956
168.59039604878242,86.88824165481871,39.65593885946639,102.8165647860657
168.22116922676878,87.71269060784722,42.629652513259316,101.86917444836806
166.62049701796994,88.24241642770295,47.67035239960698,99.15515127545346
168.05596397755443,88.028612853749,50.99662307028179,97.11864709523638
165.703756128941,89.08518660053439,55.56834833782111,96.05734896689998
165.3220075345963,89.14036474899525,55.71981549721366,94.44687059966574
166.0373228482444,89.2500525260391,54.31811553397995,95.89122185221868
165.74709141521782,93.02483403306067,52.95213674964249,95.01182485380053
165.4027243810195,87.64072395273399,52.00421310319537,95.82991073711015
166.42827713604146,88.4001139107292,50.639478442760854,93.75290328205722
167.72821990767187,87.79571644225919,47.25889221590627,97.35287253540348
169.21019087117057,90.50610707910839,42.41000155844013,99.70855000193947
172.793599645916,88.99312860803904,39.00716105973048,101.01661143626566
174.0974239248997,88.04076002292716,37.01071855645061,102.81383517875506
174.70805084051347,88.21957129350521,36.4986016881137,103.23599779384895
176.30993927613582,87.13353207678898,34.43596861569713,104.23824590501577
176.91714206750456,84.21313782087681,31.783727339600283,106.41842040316826
178.1944171467352,84.1842399999931,29.18892449559214,108.09587546876381
178.83981546155195,80.94949642561004,28.68392498509925,110.0085694046393
178.4891033064979,80.9622679113167,28.900028250285445,111.54851715588224
180.86365022875904,80.8169002452251,27.952814288575688,111.93532182400293
177.99369621856,79.04684320407887,28.329929340223796,113.57635753715476
179.07265056588784,77.75529211487823,28.683037491271183,115.07150805539979
180.35767485051176,77.46964253723452,28.905957672023373,116.29170247435908
180.30457888082927,76.69421025528803,28.549686232482088,114.77307851286143
178.88295504381637,73.9397737771188,28.714436592054756,116.80157427193429
177.781599828727,74.53367566828709,29.014498096452243,116.95547581186332
179.43650499092413,71.97872931502026,29.511267361901748,118.25988756136573
178.96103357217137,73.26019231522501,29.561178705266627,117.85870472501873
178.8897625380408,72.92113178850693,29.813828195402795,117.87334311243927
179.1274696583236,72.32273353229462,29.53638148413407,118.27433274009826
179.92861003543732,73.90354111873971,29.341846091234764,117.42503446173933
180.88415221794313,73.06532007635165,28.938513191066868,116.81027781604669
180.24748636445898,74.00670124201568,29.50063273983202,117.32961509409364
180.8246621906733,72.77260811441376,29.647672688965905,117.92863020671936
181.70920637642038,73.37572698446374,28.921339444424884,117.65470447833816
183.89407759777342,73.46187203106751,27.86324250953129,116.95098127966185
185.64168244306768,74.7158880428282,27.319113141208405,117.07530399246862
187.33318376463774,74.8612119942434,26.662795068380795,117.12871126541945
188.60923763998755,75.63902988755717,26.67803961260303,116.38169974637005
189.04079970629527,76.18176154361994,26.644871534675083,115.40170518424449
190.7696545960977,75.7202143427767,26.477841686710843,115.74633889257159
191.19028172590893,76.9926798403645,26.101675317713394,114.3670573114585
188.95488419543173,75.766887373397,25.400870036870934,115.42554532156538
190.35628398230634,77.56532718989324,24.1350577678092,115.76198478036977
190.51277051628315,76.85605351712306,23.67840794204305,116.93922963567577
191.5987623407122,74.57863062235265,23.46019016232559,118.75872386271658
192.0682446337858,73.4876772369348,23.432999257819016,118.38954420777102
192.5810141307175,75.75349689218788,23.382924131143096,117.72960899882735
192.00471466065454,73.45643156818144,23.7322393798628,119.27671205894961
193.18524115226853,75.2094018761168,23.812165400541076,117.76750606221954
193.54384201173306,73.53323293479099,23.647911679658883,117.26498554643364
194.75711205826525,76.01098901659344,22.55846875456325,115.77663646876624
196.05951803579765,74.24989627607265,22.486035949889086,116.3383422134797
196.73835871994655,74.89698599906428,23.141080411669403,117.33798600968393
197.8943403508392,73.91589894006405,23.105118126446598,116.98094626049689
199.18659154158362,74.36475210376787,22.39808766878586,117.54036273582363
199.82604505066695,73.42310627686783,22.065439195541074,117.64502890134247
201.02361145912954,73.45987669289948,22.145709210647155,118.37214724896666
199.5803497051088,72.45045570305632,22.120245414001147,119.45968429701236
199.59412797209237,72.91443806467194,22.69992764956526,119.81788290385924
202.18125329145482,71.8433835323138,22.866405770606,120.43215993732554
202.4217200435354,73.52908843250427,22.439885108241675,119.05162538108522
202.1760407396418,71.8522346620269,22.517120180872652,120.3787826290712
204.4419409010619,72.45814905837423,22.581236606079308,120.44795969575154
204.91882075237325,74.04629315715442,22.13220712806599,119.13348790444115
205.4275076534255,72.35709154428417,22.103938550570888,119.64775538799415
206.76968949870513,71.22075721722747,22.44899380532412,121.3245378116388
208.4855076668747,73.33142505355187,22.510155320547483,120.47362450227126
208.6092765816557,71.89085765424551,23.22794952223545,120.57988747471211
207.67832702684734,71.92405572416504,23.188664549820928,120.2270533465918
208.32548572324802,71.57003461951169,24.491393055457102,121.21015048753912
208.5516556807153,71.42630106769502,24.487783609272505,121.27868448570369
209.1426513356087,71.22773581545106,24.784033266282602,121.87637651362914
209.91292520095124,71.67767768806534,24.44001873872252,121.85076034652556
211.21390192169756,70.24648118145387,24.105918080433,122.21385526404538
211.58046557241912,70.62684412874214,24.409289802427395,123.27493723079698
213.34334637342943,71.08732981989642,23.75614782931304,123.06926736216028
212.67929467921576,69.77498297429086,23.44081860055286,124.11592760610577
214.34660829267642,68.29355394965029,24.467611051365914,126.12675928819942
214.23921273285026,69.49626152949023,23.995024241330732,125.05615247812892
214.61476140341347,68.51881479838579,23.758605855282457,125.35384989541593
215.038219932811,69.05268259164716,24.009497634378008,124.75156841045569
214.8276342497262,69.6386530906639,23.907017877500696,124.26035251007848
214.28543732933446,68.54183563857717,24.66884091750299,125.55310850800191
212.93403819929856,69.09473463749569,25.76885597444974,125.8314047484461
213.48563624795204,69.58727206633296,26.8873395646428,124.77992364077159
214.01779218938373,70.09485027517486,26.82907016224818,124.23800330707215
213.2124678997156,69.7289336553144,27.472647208381332,124.64305432023056
209.46123354137333,69.19947086951761,30.98707881569086,124.60002066330853
204.59188882448086,68.67844257880225,36.05651776119453,123.88606528184863
200.51375740702403,68.63898533908403,41.163342119545675,123.0190874273007
194.40758516416966,68.3595474574562,47.24815364627004,121.77599175500947
187.52743034021827,69.82125224677962,54.36518326487596,117.65482827011263
191.98384709399178,68.90677238124688,54.23970327295393,116.15447281563124
192.32511826002562,68.96912805398836,52.22067412448003,115.66422191936704
186.93007607273083,78.04453206651402,52.12770185844458,111.97902058376883
203.42424548071432,74.39290577124451,45.85857080614949,114.74922263719847
208.32058767781191,73.36697746804437,39.45260516195428,117.47502943891126
202.64985318982636,71.21438853352963,38.031531413316046,118.18099466145637
206.4585891372136,72.02318036387992,36.690853952135306,119.87154698708392
205.62981968566285,69.16241993446508,36.92499197633056,121.3036391349761
204.22681370233508,65.86748301356741,37.88630789806422,126.11027933419331
203.37737061231275,62.998136600347564,37.91392942967138,128.4477270434455
202.08155861345833,58.533195474681776,38.94616622034895,132.02012638462082
201.38731025435013,53.397825211953474,39.8498301748935,135.56204610929618
202.85814595517928,53.857329194377385,37.971330159953915,136.71692120108898
206.95507351096254,50.24389327224691,35.768380810106166,140.01538728363118
209.90384585029818,47.09961578282966,32.26939570174738,144.0216241472313
212.22978337951696,48.11017945791707,29.045987440184827,144.34433834979086
213.62888673175078,48.23832068291553,27.332161839232825,143.36872606580957
214.53017156182264,49.795572614734496,27.090505265026586,140.84705667482788
215.60067389165891,50.48302019404427,26.84250597644779,141.02477382089583
215.0467500155901,52.43913582834065,28.307500945382262,139.06279889995932
215.88416762520092,55.793686701625006,28.072332474207542,136.38155970221874
215.6694714797924,55.952228397575254,28.16749624939957,135.426964103287
215.27199006746702,55.5006351238751,28.838893400222236,135.77286915654668
214.36063628746598,55.85109283513057,30.194468391864895,134.89437194692636
214.99619245008773,55.29330951518527,32.252121935762034,136.09047447548883
214.28679700512393,56.7360017712128,33.76576145850214,134.92170373296503
213.48595382693347,58.0351179008436,36.42884918207055,133.0939487686253
212.80744536265314,57.532471065739,39.794197409459315,133.241210212272
210.47353920180427,54.856519718221534,42.7661173971727,133.3266028975413
210.6551361728403,54.64804241081701,44.289733757835066,135.84423500258472
211.69757480799652,53.109772990300044,46.71648368478824,136.19567618736866
211.0069135927581,52.651851090991045,46.75811495315567,136.2403652008304
212.14463052530493,53.2563334794624,48.83106975993704,136.14025662505958
208.18249154790144,49.19113812276112,50.1032175877909,138.67726354939964
209.58354404176765,48.09991306317585,50.50609917232404,138.53805839513268
210.00077517719234,47.5208202886316,48.65643914756845,139.09077519422118
208.22557506939575,48.70163109530664,46.626547615114745,138.42135328790235
206.79083869621505,48.04335674777141,47.03599838881992,138.5672476860978
209.1357884082105,52.950877456977906,45.57052523436029,135.1595243829192
205.86997062792102,48.83129612379565,48.77046523829861,137.0201470102212
204.45077763251712,47.74669794291441,50.22674063340327,137.48872081338993
198.19998604577995,50.42788930649775,49.92375837719007,134.8676100588795
206.53891256392717,51.76167329946415,53.132379950270675,134.65627986591545
203.18439730346643,49.83768414411557,55.6816814672859,134.71574499301886
204.81015386299532,54.69785287282217,53.31237049666563,132.91990704732441
207.9470385743976,52.2711417998276,53.53570190393917,133.87113803120417
205.0971979772901,53.486681628655916,54.02414042237289,134.54589333448504
204.38643080765988,54.28485211509883,53.538631304602134,133.7456644221461
202.3188543113425,53.9373662939979,55.65098766637747,133.73458137684796
196.5373404994118,50.1795391359517,59.518611237504516,134.16890634723723
191.08635011318398,46.99780272453293,68.33880490058516,133.4401245314029
188.3390373758849,48.190013887220346,65.24187764080833,135.3227310146218
191.70847146868613,49.9224497620464,63.36378826379965,136.63575233137595
189.25765631834003,45.80138281711416,71.76596788089807,135.8132805083498
183.79829626276077,44.15876855462005,71.90139331432219,138.35034008802552
183.86983817687653,49.389743154510825,70.03681290405945,136.1177915230096
182.720129888795,53.445898165458246,70.5264150270975,133.287769098771
181.88226804368352,49.262656196078595,72.65645390286734,135.89641001995219
182.68438152721947,51.41887039193699,70.67011634009229,136.45040618878227
184.4871257472786,48.866452934001174,68.76671530231778,138.17190980582578
189.23317269333222,51.84144619678341,63.88741437896058,137.66473333885506
189.24020574710482,46.43236336818836,60.817867314384095,139.39162091987328
189.8795444054377,46.85419172305089,55.492345515296435,141.3803311535076
190.86347122097453,48.561854158088394,52.87437591742594,140.6298317228857
191.9706798429972,47.03772402779509,51.273667169474315,140.6973790928473
192.5576372667033,46.38243380687504,48.55309094510902,142.07753961281242
192.95176001823557,43.28054089233005,46.38770921157575,144.51078711182427
196.5597003130479,44.98317532426758,43.710250252810475,144.5996283553711
200.53351434869506,47.13661407383131,40.133929554563,143.97616150077488
204.27496276619877,46.57769630644188,35.80905273908681,145.270083461335
206.86017592218354,45.82664968441449,34.16420015758603,145.6279201135929
208.5046119065295,41.168471792885356,33.0634080228785,148.77227882633866
205.96941379980709,46.256969494493845,34.195419226557725,147.10401145046544
207.68888033225275,46.89433292955832,35.48283503861952,147.20788565455524
207.24593946574169,45.95203536050184,37.58526950601661,145.9105960270432
204.62060323577688,49.85210901128423,40.85699909485246,142.53943432118155
201.90656387003105,50.65299745905267,43.189924017750414,140.0040026404884
202.11549372216612,50.14636649184229,44.21328745801151,138.3631202877998
197.68616847423644,48.104393457143985,48.913978969495886,140.04856782204016
197.9943361587013,47.0246533410282,50.0033625947068,139.67875117927173
199.16917329055673,47.67152608932865,50.12393369232406,140.65453693267082
198.8245804694396,45.31887190932949,52.788033885339516,142.60889924774727
198.23261630507108,48.21529869416608,52.96680474337346,142.47788039487097
197.79726411206047,45.502766445498736,54.154373143066536,142.4358428414244
196.49504194341117,43.0739638219014,54.56896762684953,145.13097250268157
194.96717936470876,45.58456295546418,54.823850499098135,143.67947638399352
195.51364818787707,44.146520333925565,56.32722632932399,146.0806470762895
195.71796164957706,38.90131174350543,57.13799027506463,148.0236094231454
196.45023657134053,34.937968572237295,58.58405444520959,150.36463292388478
195.67473451894125,38.11253157589336,56.79146113789875,148.64661043219766
200.39224573081034,28.284662729540884,58.90477855791055,154.2374067186526
201.1244932726692,34.79577801204957,55.552069362864714,152.354031134104
204.6194156337076,30.874711701057834,56.82540823453789,154.41360150022808
207.5025889092389,22.0955485892661,56.10465494519405,160.21567162029592
204.10193298520304,37.0364662130076,52.137900387015804,153.35812836500043
194.99127796461676,41.74127023905547,49.916003641078994,150.57043803751407
197.07416521262212,38.160875175228995,50.394974018115164,147.32647352649514
202.97151738253044,38.15594242793702,44.98494375056411,148.0183763745947
206.23073899062433,42.521476742911474,39.868050827345115,148.77006531300518
206.49994724234824,40.54933854216246,37.3509355934285,148.7729354645032
208.4780191301493,40.72231400125203,34.33113214985764,150.45542692913656
207.76095877593963,44.500826984246544,33.26433733093323,148.14949959596004
209.85837771686826,44.747551265714776,32.59565301352912,147.6823266677892
210.22952501898683,46.96784175500221,30.767726085073228,146.64012215405808
210.28497031989806,51.22437411117613,29.617711948094517,143.08982599639774
210.52179201463935,42.86107988905448,29.920527298846338,147.06705530978167
212.10298042332215,42.89532539644408,29.587831877965087,145.91909652156497
209.93131353697956,34.46327974385926,30.517164185806486,152.1233977876721
210.73941341311354,32.756631568860456,30.402856523382304,155.37781962595096
210.1944446517796,32.585328379184034,31.181636819487686,156.59927122014756
208.5997380905228,30.38020805794463,32.29017835997,157.744771872392
208.76527280249212,26.391782124139723,33.53451787157824,161.0952809665643
207.21390540873236,26.751908076721605,36.254134983316554,161.6226486903068
208.19825986893602,22.764815314311193,37.248042029706106,163.43490794559636
205.5175725759557,25.058006766125203,38.55359996527609,162.9755392021246
207.11382570983633,22.573171730913757,38.215189156499186,163.1248967725475
206.78338738590045,23.631575709706567,38.24462659538659,163.23864911769624
207.70285416615698,25.20643130803647,39.04467008565477,163.11203972767706
206.2988975881904,32.52533030903413,39.421644520884826,156.99050759482236
207.25648377406714,34.66110062958781,40.637545147178216,155.28564786191814
206.14538344997618,39.41585360433521,40.752659613719544,149.91020563312645
204.3771371479188,41.34067637450775,42.50524718853741,146.19029031739075
202.15266646138014,46.80395928937163,41.80108187216162,143.91591564977236
203.9337751674766,55.571770941035595,38.99759248731245,138.79313414331943
205.42669712945354,61.05874867413581,37.98190237195229,133.44118795446275
206.35953519499833,57.02471486179701,38.44670109437832,132.38294332328098
209.74664146981948,64.35858081848994,43.5580781443454,126.26602317747326
207.1684051354292,67.98042753267353,48.91193850843848,119.65733951473105
205.99984900955957,72.99654292622793,47.35751023283399,115.769090661216
205.93852760504288,77.31884621721393,45.17400069811738,110.70361615932214
204.99393321704042,79.69305762170475,41.097765890137936,108.11788255932488
204.94311993230204,82.68356065918738,43.72545447133342,104.3011526074065
203.68956582421652,86.23037333098576,48.67445721875448,100.42694865052849
202.79942301401275,77.02618601064796,50.0352787278339,103.88448710956344
204.60852072069179,86.29788339468452,52.38232379299146,99.30294536883409
198.45067192216533,76.76898360567526,53.02507827480998,103.0887722906026
199.01439537493806,80.90563890461046,52.49135085168636,103.80813747398221
197.69839563094735,88.68325549699544,54.94698925568345,100.64423119350911
199.12922778048932,72.3626849294688,51.758603765193214,109.4506555316874
198.0158890300346,66.56205436445717,51.19051197899333,116.30997330233566
198.32048117084045,76.75233862129633,51.166075011834735,114.37145190779796
197.56752767155845,71.41435776639952,51.24317952016433,116.80858305118534
195.98433920856525,68.41668136248362,52.040782032088245,118.2195547555015
197.26206402371068,64.51247571248832,52.5962027631255,120.16361669025773
196.32100047478303,72.54601509729818,52.22170754652766,116.83820662180989
196.49071653233432,71.41506483631983,52.92179569509702,116.66532320821973
193.67990936723575,79.11809022235315,56.413191519434726,109.56026730919996
192.38519276075505,81.27836591015492,58.02194235934928,106.66967809179953
192.7729252970883,86.0550445805281,59.2269765542609,101.46153559480317
191.63459814871925,84.11339911536456,58.70873949357711,101.20859605638026
188.98889145339177,85.60321447064378,61.923706351028954,98.96337086339994
190.57615278188032,87.94336444979709,62.60721592061437,96.94737754571831
191.4096105037164,96.60266841458593,62.73033953944217,92.93180916692188
195.7987390879025,90.18240853564322,58.81997177536685,93.6985679384792
198.65326182917465,84.61799581073117,55.35586037485383,98.43228230431889
199.60819833553876,88.32068999706823,55.35803570196934,97.36225159766042
196.98122778176253,71.76421437725844,55.87223071577179,105.82096699743623
196.1738524840616,75.49093884108648,57.28141490492368,106.36699927095205
191.93212746567377,78.74069671746784,60.91055585966808,104.28395690686119
187.92673473404523,78.68469341018654,60.72514381315952,104.33093056243942
190.66876466684997,83.3644531453925,57.97448238505006,102.46707759593376
187.956423227143,85.92481158694241,57.404505840635885,100.60936120111518
197.837713394376,84.71190531481295,55.26481979327926,101.06859049342097
194.0568165759368,81.95365817216587,55.742415432110775,100.59729180996513
200.87622472813996,82.19368174546337,53.464713629657574,101.7622031594639
198.80881753008416,81.08745191585433,53.44202680506605,101.6192551038382
182.1072059226157,77.28052481283368,63.40903175828424,98.24598772784829
183.097211130027,81.41197106192824,66.56387852119599,100.64065748551852
172.4422383407234,86.61409056002218,74.2289266388657,97.82525515925252
165.0448106140147,85.37846104279959,79.97376378173624,100.22281424252583
161.57989124436062,83.43152839472926,82.36521140776311,106.13801132577586
163.43709512382878,80.45007820939541,81.27186688124871,109.9247032003498
165.27896367711242,81.06792318566828,78.81160999929082,111.51405597241344
163.76159331344917,76.13064448749208,78.30216127349226,115.6010767476721
163.7510512271429,79.12254871998033,78.1156953972767,112.95012350730497
163.15110658990284,81.42013934664266,78.08239985730371,110.16316979304281
162.5988109328082,81.15825957697811,77.7343849703211,110.14631043588751
160.913597508704,76.7637748737115,74.8527061056389,114.80625152210825
158.80379362248905,79.0059041779118,74.97841129017813,114.51526073597327
154.91884738348384,76.94467303886658,75.82423150256358,116.74017052382933
154.19969071769864,76.63257908457248,76.29202481460271,116.72745657694878
154.250177099405,77.45171823102756,74.94944438517439,115.14563580356989
155.63822134565572,81.61567455473697,73.30851824618857,112.57254493349481
158.39744352224048,84.11675964466261,70.57300235981592,111.19818237083103
159.9729774717637,87.13028866466621,68.20193324006635,107.60233770973008
160.0751838381359,90.52248787717775,67.56224829052508,106.48490095462887
160.19437024436004,94.37426673083776,67.53963475542054,103.70263841332448
159.97116474000384,92.6840341883076,62.21202843014858,101.89874680893168
160.78749249116476,92.687766152113,55.540127322357975,101.74244865280524
163.2398727863242,88.56631005623287,50.2812407554766,102.66410229964364
160.09754177908692,88.92547280580834,46.023910582451144,101.4012211364302
161.30733072587788,87.0132994936695,45.125511888087985,102.46659559273911
157.14755667034635,89.05059974632312,45.01293109290107,103.69381393508814
152.17616133823282,88.83678072190133,47.321352860643714,103.7169109683067
147.1995350824703,86.12060736760316,52.6536642100594,103.07921983510619
147.69352470323605,85.20227030198232,56.06152847438726,100.77282756009785
151.01604863054973,87.52740712420092,56.89633901819744,98.35808858362941
148.40872997437685,87.2715563290301,57.56266700437129,101.75183973451792
142.87915057261628,86.22996638077713,62.436095827423664,101.73815683805512
131.21906726184866,80.0722479063212,69.53354516380266,106.06882205845136
138.70638799848618,73.85367738675221,65.80820178623077,111.4325683221987
142.94552721901985,58.86679544462733,62.17208643110094,123.00026531191722
147.65851334008914,52.49376094255061,57.45290129833734,132.18407845669566
154.1591406936022,39.54664666884278,50.796464706545585,142.8339222384863
160.51895094235735,41.07241824907912,44.65481662114466,147.52987663660738
166.29850335445113,42.82060180397501,40.51188000984775,148.58911255415936
169.18454158626412,43.38402082768954,37.89300178840929,149.08352084462092
170.4117118054296,42.95407285318231,37.663850559062666,150.14455815105725
170.6167369784631,45.44249206683055,37.14454728330815,147.31835448938577
173.7746251389232,46.567184062362244,36.397404995591096,145.61895829129114
176.11184317253884,48.76239452164923,37.43900286390668,144.6287143746703
177.11695850753665,45.86796031625008,41.662719947817294,144.93134621320297
177.42073977860161,45.70382067548401,43.34226678068741,144.61152368809448
178.15602542721152,47.22262140251331,42.948111499092576,144.03937633559838
178.30144796920933,48.462301970586694,40.24204424712822,141.753466127186
178.57284065525607,51.85158490182697,38.025400232456576,141.52320959087731
180.75098872684276,54.9396946799135,39.6958069701426,138.11749784720425
183.90921696454228,57.66939078514193,38.603349518181076,134.6111085664349
185.08202605001622,59.13835388040903,38.09119692340508,131.80498779582257
189.82154633107922,62.16456560777929,37.03158995502908,127.71304407741017
190.22950324207142,63.63423876096253,36.85981065452903,126.72679225346556
187.91462119372673,63.28586762243853,35.2494319289528,126.78821958910731
189.86710970917372,63.18064160812523,33.877688540636925,127.21473607085892
191.83494693181632,62.4561730578867,33.702451107070516,128.53580451899222
192.5598994107077,61.194792961946746,33.822187262569,128.16525416399713
194.5451486147656,60.93177972657253,33.81625794625009,128.98092296872994
193.15683710497504,65.03011518681694,34.6270911709093,127.54639804433486
193.2906885245345,61.14766234068536,35.208814601321656,129.63588869753553
195.2152801892969,58.96573790830605,34.929211349921864,130.65589600955977
198.6224378265622,54.37661299812525,33.5397923156256,134.41602449203074
197.6320790952272,57.16262549944982,32.60458570602998,133.39404831750662
197.0792429493371,57.63085878246525,33.75905560523207,132.89022945655387
199.04492196602757,54.26552114508131,34.4963071909917,133.934686469603
197.83440892943025,53.39596420895475,33.54633106692076,134.893008105528
197.31443164380605,50.387086842651286,33.81013207371601,137.84914784790055
201.13585393835825,46.778139904434056,34.97130359789287,142.26433786691314
198.19062039712043,61.45185893201007,36.10917668622789,134.50057901097986
199.7376423544951,53.44402407318749,33.96450410936919,136.66776850401564
199.8364383232879,56.835530641091694,33.26871270889295,134.58620190141036
200.95384922341074,55.33642055565491,33.085099404740994,137.2226972187683
201.11417227600873,54.06309094917833,32.97496355345127,141.2708517930496
200.32699013424568,56.300083040766,32.17887495611802,141.922294855968
200.88721890086543,58.07226000544905,32.13507757912852,142.25138453011752
201.0588256414823,58.11425411772038,31.940210045160413,143.71167731143424
202.2510749799409,57.66980309836708,29.900621036211923,144.55284985795333
203.17031711387204,60.44649318731277,28.438479541787146,139.93367378162446
203.8848126052694,71.06529574486694,27.41344974063312,134.3232659321411
202.932429075885,69.70965885726724,28.012827395105,134.905755527653
204.06297032180328,66.16186948442254,29.100347198190292,137.74916752529555
202.99748808895177,72.15428663875585,28.92396913459647,134.18370577522268
204.13458922276988,67.42948769220519,28.70506471852275,137.438723590199
205.54336792453714,56.96544218525503,28.765498037644484,145.5252313521462
207.39417230711345,52.498241085659245,27.917404897491856,149.67936011383776
205.52269412179322,60.15932696099691,27.38680169781979,145.80738367566244
205.62646028984256,55.74155435883786,28.397653150783626,146.52067546201178
204.18253161354235,54.43388384327588,30.549243413540275,147.835296278292
202.8559801311112,54.661091459525636,32.086532169418234,146.89012787196435
203.776059716535,47.18581169523391,32.41980439505498,151.86647475406343
204.06727800555174,45.738334226535315,33.30202846155276,156.17479028716375
201.96089145453215,42.838293059836516,33.85083061632635,162.1935615854051
203.55152029761433,44.36001504803511,33.99278460008386,162.08865520666416
201.9692444064675,42.5548069725057,33.94230952690875,162.66095490264485
206.37934269682893,48.10193682711976,32.6549498602484,160.76835534966673
206.59886927452072,47.42494346335019,31.835861304474204,157.21767899126837
205.51339824436636,51.110391709682204,31.426755757361057,155.27058010602622
207.54418178480856,52.60973750852821,31.04341133272663,153.92462898684983
207.01994681568604,60.68939391963161,30.333916183081037,149.25066772714302
202.2837412822539,65.67375479634237,33.841605570257826,145.15175798544027
198.6268440428365,72.5418253325907,37.27975917995201,139.05386154184984
199.12137666565505,76.3379093573516,37.96629207884616,135.53871985951554
197.69833054087113,75.06209107416971,38.623419484663984,134.22731931650432
197.37897462967595,76.96547149249213,40.24104366056996,134.055690315797
198.13900348433955,77.0689308651765,39.872383656320885,133.47392415831888
