326.0,414.0,15,42
326.9103341704929,416.7421194421154,14.86774718635795,40.40481446049575
326.1241101736269,417.65993037949175,14.997148610265704,40.342782673633714
326.0423283587347,417.8771403994369,14.9617834070423,40.55667043403634
325.0032143279599,416.88352496993804,15.008166375818483,40.261346666569196
324.5937850102777,418.12564185244355,15.18368394672969,40.55908006464417
323.9172901306052,420.28667497370674,15.018119018574785,40.4882650428209
322.4342674886157,420.60317417628016,15.099421565737318,40.29214102732246
319.88698280109946,421.18984647814756,15.148748631199506,40.4259711062049
319.42629315751486,421.3126929449454,15.14680333340778,40.43067490112477
318.5590401307771,420.35535973463277,15.096397277508313,40.30801069430868
316.49614926881003,420.39470424613023,15.223910874001074,40.23231239396996
315.4816896115299,420.8531083876543,15.061942737389497,40.30447963582426
315.24144115406557,421.606948813097,15.10772438132195,40.437545855251344
315.57100139554905,422.00438577714255,15.243228226968323,40.46261058682819
315.8514110714127,421.86505792253445,15.218907898678502,40.665025756493655
316.49928509492344,422.43028583038625,14.964709534274185,40.03614159606339
317.39325570088556,422.9238238791986,14.861308117271875,40.14675989541135
317.31758006451514,424.0157230935754,15.125261623899448,40.65801456724378
317.44862597888226,423.82966647343346,15.04683220971595,41.11423425284009
317.15344290088916,423.5350894983065,15.210013307108436,41.26649855465657
315.5995494727757,424.1349400025086,14.977506279057968,41.48331671129142
317.4436556657321,422.0211768505028,15.255846627520164,41.71942608415068
317.65703638775733,422.1625823450078,15.414954018918952,42.493576154710894
318.24736669762314,422.77023442057913,15.397318301531122,42.17727407876366
318.16249078798853,423.8608839416459,15.386161917675288,41.8911013794035
319.5578513967607,425.4617231869475,15.602497890072275,42.29153470520655
322.45583133058096,428.55471566818056,15.575016415986493,41.744816710513824
323.7195507320506,431.4880615618229,15.815094702890978,41.651669234752575
321.86954496121547,432.5689627841879,15.782867475029981,41.73728805467118
320.9416760984808,430.9745137969263,15.799669348448607,41.68918651747545
320.0691069523691,429.11187514465314,15.79586049711728,41.90878755249054
320.5776334568767,428.99773998894415,15.937865105289589,41.911716067033595
319.34348004956195,427.2303082986077,16.04981053075893,42.025589457472066
318.8179542035229,425.9072378055142,16.144571024106575,42.06519357842472
317.96605148884726,428.05835293141155,15.913859546719543,41.697594674286236
315.09814060484524,428.1767143052295,16.271576151149354,42.017092934951194
313.7245646359671,430.1648674891259,16.136213135292333,41.949844184345814
314.14572653589875,433.2317175700786,16.08678942087834,41.83512595603419
312.1419596398199,436.13536377390386,15.91764932387585,42.27940520365708
311.564379997597,439.24638663910014,15.777047499923283,41.952379004514626
311.6753253847752,440.70907428394105,15.506069201152744,42.12095207909051
309.5029507635751,439.2969371112618,15.619174766795105,42.29802488636316
307.56449697754573,435.424361781935,15.851894411607741,42.62408527402068
309.6640517581836,431.76709089437793,15.691687133046912,42.20264987628316
307.50475775883837,428.4604415826016,15.711843735252994,42.025024427570195
304.49764191806463,424.9727392231234,15.763062721487975,42.28207587504227
299.93431465933264,420.1716148067974,15.721710341979236,42.38016668767473
300.8646810635405,422.2331751826599,15.587753656610449,42.06907291348881
298.59680573316126,423.18581028107405,15.583419478501682,42.031707379746464
298.7842678553457,424.09047686455074,15.517623041749935,41.655220282128965
300.9697468830476,428.4013250071281,15.491971382830604,41.76001020302899
301.3954702322685,425.9169629791769,15.538771449525509,42.24460339955638
300.66928199033345,425.6791100357135,15.543439803512744,42.61799147642456
299.06671219751286,424.70435648427207,15.852270490228165,42.68360270528395
298.60306995432575,423.42741674965924,15.844130171914925,42.500810726755766
296.8143977256574,424.30069570174254,16.015705281107124,42.800494582843
294.17493651477355,423.38797144387,16.021953142327877,42.49403086714276
292.76921967625583,423.0612538230587,15.924680154324303,42.23470823523027
292.2281511637977,422.6720455687025,15.6273158364671,41.67971257353245
290.38569015062603,422.18108433660143,15.650273446306517,41.29556905873069
286.62612227543826,419.6908624500196,15.37632600576407,41.69714778062486
286.4814921784029,418.6276714041675,15.251691546514563,41.377965602309644
285.4837848245107,418.07616151719606,15.543737113673998,42.23854610623291
285.5948365409278,418.3491225450095,15.696000441093588,42.656796413887214
284.5306783678983,419.00979076642085,15.74044685307063,42.986941599482556
286.23492171290974,419.7094788315796,15.631444415977377,42.46325974406741
287.0866089002702,422.87290115786357,15.564743014889194,41.95115050409704
287.6745743425981,422.2720414603964,15.652293270370247,42.089317042586124
288.11443715448274,422.44437290124995,15.503562824823625,41.8188195051173
288.8846546650757,421.15642614909115,15.599480342700202,42.04772051675912
288.2983267356151,421.9229887709382,15.37726162886746,41.464935544061106
287.9544873063577,421.21654694085817,15.436331783768974,41.67202391613523
287.45577825083114,419.4530331074199,15.515804033005669,41.85482093115625
286.0090551313678,417.41584188775255,15.560853970662787,42.03250537244415
286.9078913554608,415.4537783769599,15.651578739273738,42.24436737938092
285.8001008587337,413.3639699509438,15.532099613099088,41.959842385710104
285.2049166387888,411.6805395787621,15.547609959727096,42.723553716011
285.54070205973375,408.68745420578216,15.542726129555925,42.848632848201284
283.58745870427515,405.92107967128044,15.366464427387221,42.76974861642353
282.3077390975864,402.22494133239326,15.491569839495128,43.165443262947846
281.94935774154413,398.39397744999894,15.40346957550544,43.58140697744357
281.77475747315964,393.6857087036075,15.519485297821339,43.575901623546734
281.02523085112335,390.5866633550111,15.516013212304054,43.74274995013398
280.12728621163575,387.115864440652,15.308324305244073,43.116018921430395
278.63810030549627,384.5889977206521,15.408766430023077,43.323118450297365
279.45997500587316,384.4110952891294,15.320436951144323,42.78202695103816
278.12224565235454,382.8979786293845,15.675949369119046,43.17773658888723
277.34255831512615,380.1126053329634,15.627284187618733,43.2698073394443
277.70875064143127,376.9668326303962,15.762727904149141,43.13295461225443
277.286581014247,376.979344325839,15.47343068390829,42.38162049138842
277.56491909172206,376.9703982968009,15.711165234524639,42.505988379542686
279.2211335697716,375.55811473696656,15.580247203718466,43.314693987980945
279.4660294054264,377.2578467070127,15.681817531920595,43.21792627591601
279.95773004587807,377.45145375458367,15.470381277872786,42.90451131407482
280.4029956272891,378.9888684230519,15.345574297179605,43.08873043905251
279.98870803034515,379.9175653929209,15.267968155618252,42.61861982450977
279.3225089750505,382.6149904205774,15.279519708590417,42.50067864370851
279.4707097040327,385.0914599985495,15.425195887344817,42.27537010299861
279.9898003055512,386.6349367934962,15.650579747784228,42.01206305851548
278.7614298278722,385.3635202673298,15.593274987810315,42.25207781250833
278.7364150170359,386.1557480437659,15.3945710889751,42.52344959117908
278.3486959956457,385.5975080374774,15.46048306974377,42.637984108150704
276.7652902211907,385.4945656968071,15.665838319825642,42.79186683636627
275.6510200651318,385.87901819905795,15.702659576767712,42.89840433674742
273.3272960723416,385.879885390278,15.849932086273787,42.901705354697874
272.59554546001357,386.1899403238433,15.897287986222878,43.00798251149314
268.8547923102021,385.47025553519836,15.888926121783369,43.41064707169315
266.6691587346701,384.4426399817321,16.02693216444885,44.01169269278574
265.2042272611898,383.9427126189396,15.774185553303974,43.83116564346845
263.31410542350864,383.76938911397895,15.644868071439774,43.448862152901526
262.8067370824605,385.61944107837104,15.560361589473626,43.666841415035286
262.5749777622293,387.06134124686366,15.466331706986715,43.39989288469067
262.785786954232,387.0147390991206,15.601300542219594,43.71214472656342
261.5730261887976,387.4106545505968,15.744397146330577,43.89175699988057
262.50536421288064,387.53813077328886,15.537245207051267,43.55846593144959
261.7856879906183,386.8168019245885,15.65518651876329,43.38981076263941
261.0041725157769,387.7312522821247,15.512048340028285,43.3085983410241
260.430495021365,387.89357024301876,15.33483362670355,43.01136720439217
259.7766722789694,386.99695448824906,15.565162827315083,43.30253114801363
259.32776595573034,386.10203278058714,15.696969004066686,43.452382803083594
259.4233094252621,387.4897423342961,15.741882126038298,43.83552540220854
259.63691901031575,388.4141520813182,15.585613273313806,43.473590978965134
259.3295938694613,388.0933916692462,15.705436284514898,43.787642931038775
259.8603840082201,390.08816552031357,15.548603016274644,43.32904005312283
260.4869640523776,392.2532134452868,15.927942622783888,44.37648479155527
261.2724780536169,395.06928023827425,15.864986519719324,44.67721253370543
262.6242698272365,397.83867491443306,15.816806109687153,44.220446801993276
262.4616355788456,398.31112383534935,15.615364096215067,43.913084055375535
262.68593073580837,398.6981977234154,15.830889688051265,43.7310535888138
262.9253714238339,398.62885026091544,15.54116389061343,43.45019284975113
263.1222859856914,398.6827051541526,15.580928516898394,43.522605438765126
263.5162876669274,398.2091382790319,15.250841414192084,43.028813590861944
262.752896019767,397.2206986274962,15.380575758317644,43.42698805994903
264.09546193579956,396.46208834972305,15.624009905256305,43.80230187721409
263.46252849108123,395.06720657248985,15.815741968032906,43.87233123978591
263.575036918035,393.99984432528174,15.63682954527771,43.63318488459277
263.2309307825338,394.51940492562153,15.87910370592854,44.17281429426474
262.12812796610814,394.25753706803283,16.01314561807674,44.64988100309449
262.3346370328122,394.4675123133664,16.08025291191467,44.95836221408753
260.7104556462711,396.0662004516883,16.125406761656965,44.6065135863695
259.7710294991637,397.07588551080784,16.031984275598305,44.46682028697803
259.70801170237536,397.0415044810724,15.868125765171191,44.496176523694956
259.6322376184656,396.36682625849073,16.013890851936058,44.591901377061475
258.29148090735015,395.8508112076319,16.329704506100537,44.993239950458765
258.24616407497825,395.23643680895503,16.04320194037552,44.2200203640235
258.13281412839314,394.0710671506843,16.088162026416853,44.34493387490089
257.6906134882115,393.591566829809,16.27532056996373,45.009272041065586
255.72643879435574,391.83719911447827,16.38547079996041,45.496256067918466
254.50805391502857,390.4682581162823,16.320150104513175,45.589500002786984
252.32794906202506,389.1861728435167,16.19934174411395,45.12829518210723
250.26420118235956,388.8165237910963,16.451234781277,45.59278249593242
249.15020098730122,387.52890440975966,16.669393252448323,46.24314027716042
247.2072009468763,383.88171906591134,16.638820762497375,47.332112405286644
243.42958790542454,381.94303119239345,16.586884369814967,47.43604302292792
240.6650581408576,379.4594381069563,16.35528563478869,47.19104047309906
238.22377658257176,377.29566666745524,16.40342187147757,47.30576902104654
237.1185382327527,379.4851341883169,16.240989025217257,46.83329760237005
236.18302631418166,385.69688040522107,16.799825667535135,46.52018724863986
235.1166939806682,389.9471374218741,16.94668100839016,46.50563512939634
233.59413502689418,391.592945272421,16.786507167891333,46.385985981036924
236.99778088424563,394.56871782109624,16.681180785219652,46.29880550770981
243.06982035625288,398.9529218371082,17.77761087440832,45.7721729883813
249.3861100200231,399.84452594937943,17.772442435539745,45.76942130680753
257.04161047891364,397.6057552673565,18.17298936932117,46.112059716751745
265.50070071045076,395.5699992802904,18.77810907714531,46.74542319234884
273.3860040877396,397.3382612265894,19.05303454913014,46.240393440375925
278.8546547113344,398.45784505692706,18.096690333190615,45.92409260098968
277.3612806707849,396.3506133373925,17.746867674543537,46.372458017597864
274.3922839831532,390.69869460249004,18.513878688966987,46.92000886630893
275.06663270014553,384.5507044156713,18.3197833057636,46.35240281416523
275.32278657845166,382.15194122402403,17.944880944659165,45.97350707831917
269.8041336668557,385.2657692273648,18.21107623318309,46.23510888413764
260.96305076970384,391.99121587479897,19.167633201803287,46.39949574063649
249.6075841096995,394.82626826128734,19.919788140464277,46.62645517664408
240.26258598155965,394.49216473531595,19.064336093521348,46.22891210651653
237.34451166864596,391.1976707717112,18.73288980968072,45.51151880814005
233.47940968579317,385.1997692255702,18.637318628901923,45.57602459817594
228.5613792714527,381.09266755981827,18.00898584186022,45.33447078856655
222.63276448493968,382.73543741554226,17.44472951400734,44.604412034149796
218.37050729333555,384.49905251613166,16.76778210522346,45.323885934533536
215.36904426795184,388.36458269190797,17.067331385971315,44.70154445505121
209.92891061658088,387.7558729547674,17.026845209709347,45.49573089710574
206.6267615264439,391.26308270963034,16.634240924163002,44.3759036725362
201.49798068488732,394.78719463593353,16.68522912094803,44.19727820860166
197.26270806096582,396.1328252647297,16.742497696427726,45.541005354329656
194.522632096676,397.560520373001,16.39034371680423,45.058974817962834
191.51155556342144,396.9482529643387,16.069242693957882,44.79445781643983
190.33313886284463,398.31118757972956,15.935841720111522,45.6671679923963
188.35690580836712,400.99472539319737,15.857958097621264,45.391675617413824
186.20050642243066,403.78346535483223,16.15825992125195,45.57457167070662
185.78989647718197,404.3356260681561,16.335856459698583,45.25520812980111
185.31126266487584,402.39205302014886,16.82992065413505,45.82154581517102
186.49983291753793,402.58608712082406,17.06648864490461,45.30560896147685
187.5528324436144,402.6095820505905,16.737428984841547,44.57346895545964
190.28593824448123,403.6656455536215,17.143646277150822,44.10108193963191
193.6691111196677,403.43136391663535,17.413585927168526,44.25510053586994
196.3703204692297,400.51741230367134,17.829923331560128,45.302531960040085
199.42253215737333,396.51357308965237,18.72437080488224,45.563651245011634
202.59043769440828,393.09280621443514,21.188364418312325,45.80589605501642
203.29843791165638,393.03186258359875,19.886881195730226,45.277774161415806
205.97887660596714,390.69033293798435,20.40446755222589,46.03467073291806
207.68106662137498,390.9059714767434,20.970165036058656,46.74929819641556
209.71225644421543,394.79412056080827,21.001596425534018,46.7027058388327
213.9082475964298,397.800524355393,20.016245590831808,46.87602495864755
217.3364001369052,398.595888807271,21.875821857537225,47.2371850929775
217.27161238861692,397.1678673126917,20.847316299426346,47.2096984190501
219.33423551025248,396.2873799244877,20.740960437014564,47.36846982631751
218.30884256493425,396.02846438075323,19.795194813979165,47.244897715544255
214.04573476149503,395.77432144024834,18.997061971150558,47.175775759640075
210.71598777396196,398.0400855721897,18.618103797779217,47.25173040591362
208.97181006854353,399.66080586664805,18.6302781783426,47.518621115825006
207.33956806224668,401.75928892081174,18.146440657733198,47.39817783464609
207.70209761180863,404.32135774714567,17.46186312599213,48.10254665170474
206.1810044335327,405.8293763383267,17.48842448254395,48.5836102994208
205.1766428134508,404.69701306396087,17.690919085012474,49.341272028816576
205.50879193013807,406.04984123917035,16.82085608113009,49.08187422331944
207.0307342944168,407.1541234176329,16.732629311557027,49.45399834295684
205.7707216680237,406.5233822630567,16.56620742078852,49.29943450953108
208.0273418933961,406.2586588874881,16.545627492504625,49.602150913988694
210.54178482520118,406.52535383301887,16.40045439744923,49.90167728269273
211.6751852148167,404.90785849257975,16.36564824712442,49.784128901071014
212.60166901615298,403.71121941398593,16.532654399334646,50.00898054458677
212.92300693216396,404.6667678698274,16.600107351492422,49.56022494149752
214.42627088731047,405.69846904032835,16.60259738553531,49.310528044831585
216.06219092927444,404.5320027467252,16.987236183443322,49.556165099811366
216.53588476338513,405.8274779989891,16.991859623620392,49.102085933174195
217.03618775422672,407.5636972142645,17.33720090756218,49.80585599871709
219.20493365631842,409.2013108886133,17.834959957870986,50.817432849238216
218.49437594173037,411.20583881416746,18.776628975914235,51.610150069418964
217.75873457593278,413.7902413829819,19.56798006688444,53.12484712905573
218.11428324341384,416.9407152711119,20.40955607176605,54.08812054420201
218.33596160331777,420.98209670828476,20.829740001372258,54.6252764930985
215.48078060013563,422.9316569449272,21.504869463791245,55.28870179618069
212.75884064542674,424.3675596904619,22.36018736149026,55.98328729632232
209.9855303310762,426.76161558225914,22.856789679644457,57.1249240478841
208.0667978656721,430.3945059954483,23.487330171976133,58.6286592127167
206.34170411364394,429.24510460029006,23.930117163337115,59.05104293565032
202.82871800793862,425.7429900601968,24.388447162833685,60.37755289962587
206.7900823938031,423.09147195919064,23.312123420401612,61.73864879402109
207.7038013321151,422.7237872815649,23.070348385574516,61.76457601060063
207.78713734936855,420.2365473322649,22.371083577630095,61.575313843770985
209.15980749613362,420.3518225499132,21.677791013592127,62.07929099636503
208.18894460356398,418.21257686537234,21.95319599795014,63.510446550017065
209.03151537470916,416.9348411759274,22.58513209237855,65.34819026777411
208.76876999424834,415.7404192919839,22.59510466482361,65.83626194093455
207.79483561723657,415.62233689038226,23.500874419823745,67.67939085546595
207.8202765092138,417.63481650222366,24.309764364384854,68.73360948822841
208.8157924143968,418.957898586752,24.868720346987605,69.88712793635926
210.8173452739254,419.72487577664094,25.625685428711677,70.89624911810482
212.6322522038813,421.77141875729785,25.94512083637798,72.16751252202538
213.24778844817553,423.46081251929024,26.75491138489892,73.93830690722024
217.28840776907123,423.48501322906367,27.252667494084086,74.09658578552498
218.77920619419876,425.39400190158864,27.3855420793759,75.5355206719204
219.5163780044143,424.7063060096613,26.95142062691358,75.76476377413435
222.3396403872769,425.75682961921456,27.397745592633733,77.59746289291851
222.06764419672731,430.1994612168053,28.224468076271954,79.6839099028152
221.2116454143472,432.39576450746773,28.817187686930588,80.48187033809188
219.4295827080887,431.81765013741494,29.314311756674158,81.77053010847087
218.2004574468387,432.09767424779454,30.18042971081481,83.59504914845391
215.02516099251767,434.1661334091268,31.11674649640996,85.84895419004712
211.05690966665796,435.9406221388648,32.93581750750442,87.81218376182125
206.24113637999056,436.41863446338266,35.49270282595635,89.73677434716046
206.5527752715443,436.3326136076253,37.543512567262965,91.49855299715173
208.19520848002156,435.97511893003684,39.5293675858553,93.59214342654745
203.6336508161262,435.235314804105,41.293840335521054,95.54089840692679
200.54859896416704,437.941057018303,42.93156488904871,96.81416739649944
195.65181617834816,439.60437470274337,44.189913175530236,97.84611357058745
194.66867492509726,438.35610454114766,44.16376404140705,99.50238289768518
197.69466762773104,437.216529485998,42.38402595059263,99.32721782243758
200.0659682561693,434.1841352408799,39.770758189809825,98.88983956462687
200.32927303932595,429.7996784333253,36.92404974654339,96.39703442973611
198.30481682102334,425.6320806372038,34.764099878461145,96.1690891528385
197.1247740521178,420.1101929414701,32.783792349865955,95.42560258141532
195.52430405546949,415.50603756671353,31.70992155214696,97.29709082116284
194.52838341354,412.23753112095517,31.810649554755926,97.54522431814831
195.0465649160874,410.89756720442625,31.405420582864302,98.55533708772955
194.48118159291394,409.1743048468616,32.34362131124245,99.12249778918697
197.9098804868833,409.4950198428961,32.03746253697557,99.0090218986804
200.02036556664922,411.0731539900964,32.15026312939689,99.36978241287363
202.35661094706688,410.85946628579586,32.21956314004592,98.34055381756845
202.9461583798286,409.95954428051846,32.668520032335,99.6158616953107
204.7562104617669,410.31262602719477,32.801925389942774,99.51007051641122
204.01997495341598,411.36367332585775,32.461347090238334,98.14503646596026
202.38428334585876,412.1362199122455,32.97375813738404,97.6701337228723
202.48530311466118,410.14428550151615,33.89589462516986,97.4901994437451
200.2267445948997,409.49406219863084,34.19990741664587,96.47915312959378
190.67911716267105,411.0441409480874,34.10125358969695,95.3391396736495
179.54940894169778,411.93581084197064,34.62592882070603,96.10920564760173
176.99223934554965,415.41548934447934,35.47778632354911,97.92353028320933
169.7824938026066,416.3944945861056,35.37857013404462,98.62875832534736
167.2858965825018,416.1733886306055,36.240386400426075,99.99946755080077
159.89518158009724,419.74369721328094,37.24728027242272,99.623529340528
150.55318405106678,419.8177390858294,37.30784698575706,99.81687625949358
147.85451899482624,420.58096662546745,37.46308115097253,100.70314090677991
145.59053077620146,424.22727196787866,37.57022018587834,101.45142377664496
148.04700745900297,426.9417555826997,38.260111058556575,102.10491504309661
149.2651910586098,430.46230707093594,38.14451412301477,100.80422954709303
148.55351976456345,432.54282126732556,37.972031515795,100.33298997267309
153.86421963945446,435.28581174268123,37.02326970546607,98.4765866586805
160.6166832986358,435.83257189534453,35.876252543353424,98.69370478108831
167.41282476273443,437.0184932465553,34.88141224210926,97.76003346538545
169.31928815513743,434.50218892872556,34.41580601394388,98.46512745260753
173.0328757288749,436.46862838644023,34.42637500709395,98.27260498249063
175.4279797237893,440.6855058448577,34.7661108649214,99.15266232151508
175.85087942203774,443.6742265542528,34.79711200553388,100.50636714295919
176.60279906876636,445.9678695170314,35.533812262857914,101.64423990880836
176.96105834643842,446.65372736870995,35.62115723290439,101.84381326795119
174.7289003578194,445.6255789028306,35.76067462615803,101.54686923291297
177.61102267208318,447.4799992198861,36.23934991950549,102.30729739763015
178.01536311540778,444.37503687561,36.52509041957508,103.41605631469793
174.91357558764759,439.0271859955134,36.52361786767355,103.19656642450056
172.1397138290779,434.7019483502369,36.50676618950045,103.27761422481919
164.74026018349744,422.9882748254065,36.78229701581763,103.64619967780023
162.68470468875057,418.421787621849,36.248022263123836,102.40280079389969
164.17024365411731,415.3386017762759,37.280270748406,102.21513806121776
163.99806945782376,410.6391549420178,36.581040039430626,101.6290463781714
172.7562301879321,413.4704082819321,36.542349194448306,101.19941933701465
180.57762238776746,418.3031206078142,37.06204038071505,99.95614434345362
189.84391770032232,422.51074132098944,36.972381884511584,99.46271688194687
195.58852457897348,421.8058626177175,36.856031896740554,99.85440788224079
206.20513147571384,424.05785068578336,37.47441112083793,102.1953414140778
215.77736303913522,431.37233960179435,38.08904223227644,102.28404546682141
220.72769769088163,434.5637354740191,37.03407605378363,101.90931036299699
226.3115796625296,438.4989705823427,37.597787940565816,102.93978008775608
232.05409821876896,440.57810811708447,37.54613095504024,102.79621449092872
238.11219587081052,436.9522920108987,37.57205601228523,103.72402468181588
243.72543156898712,435.16230937474654,37.77798818038511,103.46780831349521
245.56573788545165,429.96560484976595,39.07497564511229,104.74760042009703
246.82939644081614,424.79983010435325,39.232961268758345,103.6763483972505
251.0769721617577,422.97828569827544,37.90483253195331,102.25766963128117
255.65524422313464,420.4557403582975,36.951108233418225,101.29815215694023
258.2033318642002,417.71773847676286,36.93610970909958,101.31749088094693
257.60213445402496,417.10678928575504,37.27037098452814,100.60756553249385
257.10785614328285,415.9199873086442,37.63179137554373,101.52047612734052
256.8794343448694,417.398908215594,38.09919405440174,103.6653869989877
259.23254032560396,420.4229148726473,38.3984447394171,105.36416933917803
257.54348401513937,420.75606736234425,38.49353734081497,105.06642515079973
254.74961568662974,419.4147877661083,38.357091868927995,105.27190304444356
254.68872227793116,418.0218471127514,38.048550317184564,105.38386467342298
251.40221177946933,414.3044297203466,37.85219265199888,106.86713085471692
249.76245047297851,414.5096767147707,38.281526055996096,106.79440542055625
250.76204263687518,411.77734259589914,38.381066093437134,107.01145402939314
253.75234814805148,408.34696392412565,38.61072118436579,107.05522528895575
257.64707093890433,407.8396751069017,38.81730831750379,106.53199164410674
255.45554860430494,407.9970912972936,38.51807149256199,105.41439437074484
253.25556317075382,409.0949309691953,38.52549475224237,105.43896038826963
252.56452478088403,409.05947042716406,38.92078564331006,105.76229236100389
250.6707103728174,405.3342826942544,38.417520904755804,104.59105527799507
250.83587094989502,401.35605081093445,38.87324101036623,105.76184399580693
250.36510053552962,396.65915883089514,39.80819004222202,106.859607448073
248.1987037634512,391.5266704122117,39.46526337153509,107.75284966629934
246.9176761449482,393.78893395858233,39.87762988783798,107.7889915188705
247.46947196379085,390.84298560224744,40.06502335757452,108.37592607333718
247.3294541588035,385.234082389675,40.52319007106489,109.58363118012264
249.72880925655866,378.515738078158,40.71868153571078,110.356348855891
255.32647901120546,374.2599729990732,40.056392563526586,110.81935606484178
257.4639032888649,372.8355478790064,40.39641217227013,112.7359248108348
256.9448588690876,372.5578720390045,39.722220738387236,110.35746911779174
256.3714143749307,370.8184423861436,39.54614219740425,109.33904448796669
258.1030250818591,368.8364422292234,39.042637580422536,108.74567175493209
261.8926254185087,370.2801030721304,38.53588563759196,108.92136886794631
262.744682107824,372.9515855939544,38.4484409601332,109.3281291660951
263.2678441630216,375.20412801137877,38.48094375403487,109.26124623554323
263.3351952268375,376.5712937947594,38.61784807171557,108.8188763387038
262.8218293059823,379.0740893834286,39.31514265756658,109.83336572777176
261.41204974503825,384.99351101578276,40.3387423067985,110.2628024923603
260.0495887149649,392.16822523213233,40.77469341967956,110.3364087276299
256.4962209835933,397.9469920474507,41.03654973203222,109.7534234368369
254.52004216317357,402.0203172813101,40.97386220685598,113.20693166052428
252.87563327868307,403.2327283172703,41.70176688989948,114.18097433469765
252.55650954507126,401.3260361471386,42.023638624701206,115.37173904605484
253.99458389500944,401.9181055824926,41.85708465138736,116.48236946245618
257.06883606861743,403.4618087972766,42.576957989718274,117.62045741765382
257.49969595628227,403.8976607343162,43.795133233919856,117.47842883654337
256.72430721040627,400.00722551101154,45.10921638973431,118.70088863862149
256.57076271710037,400.9730080147424,45.98127730017427,121.2113402327223
256.54843982954657,398.99833922759444,48.014143290125595,122.39966096131499
257.40653733538926,393.96216396615665,49.72803250695587,124.67678443340932
261.9161130816022,392.9880044275584,49.791003817264325,126.09025243638709
260.0357717098744,395.88710395207625,50.46428421696997,132.28991715688272
259.1844011672863,397.96344601113026,51.889101718161726,136.50966956221214
258.701152391533,396.8368392652191,51.83435903529338,138.99762426497193
256.82556051760645,394.97426422119423,52.06366167963084,139.99679168700607
251.47362928093366,393.8661729525278,53.480140119773296,144.03203550363588
251.88476028329512,390.69192205778995,54.518077089659776,146.7347548224084
253.28634568559204,391.743281880289,55.11679227139405,151.22993556803536
251.1130662146576,390.8392745464839,54.44821449451291,152.668443399708
250.60586813266832,390.03316459580714,54.70980304130399,154.05681686551466
251.15651698614045,392.65764412948585,55.4960480589691,156.2957118020635
247.4478236566094,388.5135098737629,55.58173916139063,156.31634115335302
246.9437211382671,389.4548963355677,57.095986678543895,157.01636241919667
244.6533087987681,390.95785712821134,59.73119368176066,160.7595863417218
240.69590167194642,387.96770662370517,61.03529016196654,162.31026088589044
241.44199000175553,389.8865695637313,62.86086252578582,167.39376913669756
246.16794650616464,397.67716788384695,63.435957573608235,172.78507615857563
246.4974757897762,404.7817253761138,65.25373616458823,177.67932421115134
244.9943990151031,406.801310504007,64.41119586627812,178.87681777372427
245.6515298808095,412.01982521415744,63.968638236427864,179.25469924209523
245.567719874771,421.4219327738878,64.29037201803611,179.01740917146265
246.68076321037253,430.69815656221124,64.61576850112993,180.4082599346596
247.6074114941355,432.09008590249107,64.81273438477587,178.4457513517562
240.74930964983304,429.31718597949794,65.42481209681829,177.5605514418831
238.23078123524698,425.5569285275244,65.56520144552164,177.16083929504882
234.42659717670847,420.61066163093005,65.57338035361428,176.73486112534687
228.88770268880765,417.68175982495916,65.61244252277531,176.8227977939294
222.77906616192251,405.46745547383654,66.4598425296706,177.22772485554958
218.20138643239142,390.46633605615716,66.70580867818595,177.53553620067393
214.79417549770824,379.3414624571094,66.4267246881773,176.77127583041016
216.1727190511106,372.6828263792557,66.94954480793507,178.54307679471128
218.31350257316865,374.8507151835174,67.20557542006898,183.38118834634412
218.93768778177068,376.0640179878278,66.17821330364615,184.80407004241084
223.66071072029465,375.47160295953427,65.92485541487946,186.20636836071665
223.31490477600065,376.4373191670953,64.04346925659246,185.895907625282
224.60570728670587,382.0323503234964,64.9443471453383,188.58078427732352
226.10740058316478,383.8447046732752,64.45057358952984,187.23653212073475
228.90348385638038,383.47673962936346,65.25940801966112,185.92418339996445
229.3677554127088,382.03324903519956,64.89367008278552,185.51914188321413
230.3285408364501,380.430497726073,64.95583336616232,183.99063571240487
230.09199106150965,379.0459140286411,64.54612041604324,182.73438196469047
229.23544650939778,376.617671321642,64.7620781726107,182.9334577107199
228.6800533923747,375.6210875559039,65.20352236564123,180.50285815235236
230.26923815158182,374.8180104965894,66.81610743707074,180.41458478074702
231.8011077587764,378.7058863719632,66.55067754885346,180.046914084687
235.74743507233333,386.3979528515631,67.22516159361457,183.17773473876838
240.06767758906327,399.1026978819421,68.30873661874847,187.3948315920728
238.30218663457651,414.8109252202163,67.84591359608132,188.17820601708695
242.56823090047192,415.9400124417236,67.03172057210304,185.18791487485362
241.45243463055266,413.25866971871153,67.30698376623843,185.01513889509653
242.41834183296552,417.4646342913894,68.22950896102209,184.84323050169388
238.8552845001586,412.5249462281191,68.5299400328859,186.08878704815626
233.7074291778847,410.01141325640555,67.89281986688681,185.88208834314594
224.79395236834802,408.90386347232175,67.69520683556962,186.07857218865723
219.94896097245763,399.4537500267151,67.67675456875662,186.3980495681518
216.4025054794463,389.83022937572093,70.44941408993552,186.79667168068698
216.09868852923387,387.50001373737956,71.3396407637979,185.50013274252603
216.88122183072392,386.2460146462754,70.14401996159904,183.06712140325004
216.0643437714367,385.24845828033165,69.2575429258766,180.8031093792781
219.12620786288375,385.36004473854376,67.78615849298252,181.030650574182
219.34136776082372,388.3730244517658,66.35058967366507,182.7809667825036
218.5339820977615,393.2241586543172,65.87844693728948,184.39159510591645
221.41102960625622,399.6871870197717,64.51863902967506,184.40718876563233
223.23634784496642,405.037956636329,63.573324817879694,181.7728187219709
225.18237770884483,407.451087268644,61.722311232700974,180.4374021839034
233.52363636591005,406.9297293430359,60.459990451773635,177.14555382613523
237.2888107907235,408.09818922098765,60.78324877988114,174.8952734745286
238.619916860096,410.998637342929,59.049594990745526,168.05430765056778
237.64180741682247,411.0238361139437,57.84544400424565,167.53644184681968
236.4649664400511,405.23475640987135,55.73824949294464,162.30030071785495
234.44214630508375,400.1866089504117,57.265090934754355,160.92723528521176
233.40383607136863,399.06297190527755,54.67444455648151,158.4708655766519
231.75597331607057,395.07180329950654,53.4032450182495,155.876298491319
229.50293396868065,391.5009449100258,51.43675901576369,150.54303968434294
225.30671754964214,395.6685702202782,51.70516841634068,148.51882422008822
220.1783704273492,395.41019813788535,50.94721422342661,146.3822480723739
215.79044319957757,392.5456963224276,50.409622634048006,145.47605883219563
213.7446187942914,393.65694513289674,49.77287788993283,143.75877971711668
213.90913440981925,396.9278111709059,49.07131858270528,138.73395437937967
213.98292225998645,398.80185032845924,47.319098106980235,135.69232748028855
213.03176345022308,398.27532985498215,46.34775849994443,134.5506662788053
212.55405751534153,397.48840501310355,45.00150410994195,133.28921933170307
212.64690525687587,394.7103109365552,44.42857107804516,131.05436134222174
213.73330970685572,392.69879692927447,43.58996017613234,127.90905439584556
214.76943267309397,389.48749789529575,42.51371644092145,125.859240354428
215.7568933982059,390.9690541446202,41.714576240697546,123.81934562921666
216.43258592128385,390.6675330260179,41.47311551094792,123.52684953634312
216.18502226391988,393.88292442717034,41.29868716161337,122.54238631411641
215.673796984093,392.9758701685907,41.17373781892335,122.11320869846318
218.43096344312337,391.8183928218555,41.563915398909494,121.73739801107412
219.07805069855752,393.81221424426207,41.49169523374436,121.22891166040161
221.17028102810602,393.2467571324397,41.06046943792858,119.42330244654636
224.54098266468216,396.5003308763143,39.802464602276316,117.44044695098462
225.05294045279297,396.48170075052883,40.061355422539044,114.81544523966497
225.93391708437406,396.19624522396,39.39296905390816,113.77487557991212
229.5396717820032,399.33748726371596,38.151949160602946,114.66444960586892
234.2057857279452,401.13197145545536,36.906238602703354,113.23749904465566
240.0578077455904,402.83542994198046,36.36479222366295,111.84996073371485
243.46531035230103,407.0099227458266,35.98411318211668,108.90624856352255
245.5384393326805,409.4788102808598,35.42235839518588,106.59454160869048
246.32555917262644,409.89590915475503,35.190892152794,104.05218346050953
248.47098489173274,413.64849928427975,35.02702435715951,102.68927615067872
250.78907922572893,415.82713703928636,34.49425976143279,101.84237661722808
250.47099934052036,416.66054019782973,35.23619345763116,102.84445457748505
249.13481916729884,417.9062058799893,35.37431308141792,103.41824772488474
250.06457911219428,421.44769259804946,35.29161814279895,104.91126305829557
250.96805214541922,423.67361804454,35.34157515252093,105.60113579812705
252.05317023821954,425.1790721785748,35.424695900514074,104.36494676833868
253.0825909860293,427.64999413696887,35.17536368223829,105.19528913084744
253.25993052869455,430.99787244641567,35.02313821018904,105.99880009007884
253.69226220902476,432.448164542194,34.85882274991923,105.95908625985031
251.99431495518982,432.89521784569354,34.7450431853235,106.61051187941374
251.8632958526525,436.98391045823166,35.20092904664811,107.41167279691558
251.3934072616081,436.7852052497514,35.249837088111896,105.52017330176673
250.98161560335467,436.69077270555044,35.799128412431315,104.67281402493421
251.29929781501377,433.9737457612377,35.96195124497245,104.67510521824723
252.0891459441577,431.41752919682494,36.230399517934586,105.70739918691655
252.55066211071147,426.56872463310714,36.26415429420206,106.30088233778963
250.49648698792473,420.0680057268132,36.87082607297865,108.23762288475247
248.98570366862825,416.19202446128196,36.62423475258725,110.42925216386186
252.53335649137927,416.11669949759676,36.67565762271024,110.36090795060727
252.5505723510371,414.457892451973,36.52297028816017,110.56624787193289
253.72019725662935,413.93235899071055,36.606083758225665,110.3553213862547
254.05080550182032,411.8814406883024,36.90916170143747,109.96216287388344
256.41945601612605,413.2862822385814,37.280991532201014,111.94538748816919
257.8927516654587,414.00116816009563,37.70824056556693,112.46040934631264
258.78430016734757,411.619652469568,38.133487067648645,112.08949907697729
259.5821742437373,408.5012332000254,38.266803856275345,111.5433481141093
261.51621557441024,408.17778389080405,38.17331836289831,111.34002700598958
261.195041755286,408.5698264976936,38.46056346208425,110.09161684103859
262.0895626928636,409.6903717048496,38.355756206069714,109.52465972750778
261.6430823712074,411.6973277732626,38.9616685095383,108.65164724888501
260.6395036312888,412.154151717197,39.120071106563095,109.57201425359429
260.4694927311733,414.62177401016123,39.4386390493721,112.50014247040022
258.8401628138222,418.51990104670006,39.17270171610562,117.00030563365064
256.64162317445164,420.73715510902286,39.39616649289364,118.99176186447386
256.22529235607146,425.7648495253897,39.45648926246643,119.64596775830265
252.59479473635008,430.25296859363726,39.69590857417482,120.50231018821377
248.24706441108538,434.1024588631291,40.069073082126145,121.68052691485512
241.88641092843957,436.88405529341793,39.962346600152095,121.25222174958992
236.06757113075778,438.22933852514484,39.90636164473443,120.91910767871425
233.51980440271112,442.6052499374753,39.97125545239026,119.36561859428767
230.8980034761256,445.32317647376317,39.75388928798314,118.22599965257137
228.32503710980558,446.22113506785433,39.92014672765449,117.31966986673277
227.09493917250796,447.34994779899506,40.58929645967156,116.5523703321857
224.97168154061467,447.82918342253595,40.64062129377065,116.41848404604143
223.13534015796796,447.5287462279243,40.540324322735934,115.49781302510853
223.26620870783034,449.33561582122155,40.579460025745576,115.26017247132644
224.16996300630507,450.4098188007763,40.42905592098364,116.44028824073263
224.2982892074408,449.73593249833493,40.98356074527467,118.54160088467783
224.87031709116818,451.72851296025146,40.93945004617927,119.6767402538135
224.46641605882888,451.6947258498087,41.240873937029754,120.64598683798027
223.8889662440601,451.49417179651834,41.26122156461416,121.25632346018601
223.45983020832267,453.835415861809,41.311571272807804,121.11170764405776
225.70268244261922,454.11770830009624,41.96429453858969,122.16073971084265
228.18961700802825,452.53567372577703,41.721016228084125,121.06220509971551
228.03357454370558,452.9517814464381,41.85625179149511,121.55814517597148
232.28717292152734,454.1180657454331,40.7736461003047,118.16838663657522
231.35105795961834,454.7779493174066,41.220796678419575,117.01863292036259
232.77026955276995,455.1186776131254,40.71071211516326,115.1962461531438
233.00137856978898,456.6398683590672,40.85231488190639,114.57857779602578
233.08054791734418,456.97540495303997,41.079413198514764,113.58072238151766
234.4543034815142,456.0561289524176,41.46138815415913,114.3788385917468
233.15485873191056,456.0285570766438,41.553228092819495,116.6493754097007
234.2704351952672,455.9941300831726,41.79036740243437,118.00039492398685
234.29014120742335,458.43515533096837,41.59562090546583,119.02712738737966
235.63363409795002,456.7610278397834,40.74527452870932,118.27424711584334
238.02741588907958,458.2521822284058,40.90143653238773,120.91712144406735
240.7921631900969,457.81216350072623,40.640191442071846,121.70197457325457
242.66136735775012,458.10459461168676,40.489765284499754,121.94984550563042
242.07739559721148,459.99385534719386,41.294244450108266,121.87341143696
238.2314145784182,458.340178277396,42.41888471035111,120.7057594730401
232.15038347023764,456.37021321250626,42.51493740522786,118.81533681961639
230.22547373185563,454.0160030607281,42.35923320035126,118.4787436954383
233.9585962131718,450.8664731626392,44.1036510795158,118.15024001505373
241.17455516689137,446.9266426629762,43.71070411934228,117.67833851437973
244.82017581664792,439.70880591516016,43.69921745850102,117.71600175610543
244.18726986603764,441.8069649894234,42.38861334409657,117.64968849039147
242.75478226200823,446.4126562252798,42.23332488028041,120.0029422491474
244.6170220490504,451.4580962384277,42.25762460307108,123.51505904902356
243.08198134790754,451.60603508799466,41.8522421381693,124.17480879129585
241.27015940816153,452.1590508752753,41.379236847739435,124.74526037103146
240.61052883502364,453.2483829077131,41.79874823815583,125.79111412842147
238.86892474299444,446.9477934566029,42.55740808237048,127.64946466150127
243.05839940343782,440.4841633880111,42.90425832203059,127.25198724985665
246.89619175658888,440.5090713029277,42.90811697510352,127.25124368564859
249.25839265893694,438.08234659733745,42.46502620556363,125.87343088979773
252.0399509252398,437.01284601783607,41.10744556162979,123.09266276169114
255.0769184614221,434.9528265070551,40.962404532233904,121.67876623637818
256.6517606349338,432.76542194665694,40.99027145474183,120.7765978181119
258.96239448073453,430.9454998104318,41.38786362642156,119.02252119212477
260.84224091709217,431.13851561270104,41.98287656425315,118.38630648211742
260.1850609612123,430.9799604843899,42.78081801898169,119.35981932663039
258.7505632372564,429.33922071124056,43.7798488672841,122.86236820886654
258.14983578626,428.212320681621,43.66175420873006,125.81233526029308
260.7580277651517,427.31350957843057,43.52862220407157,127.03030658776774
263.22578922864705,426.6295843221839,42.8580528903622,127.22973058658924
264.669097637778,427.79451048262285,42.98339896272523,127.91016268953939
262.25901335000617,429.5475384543275,43.49552310467516,128.62926543753645
262.38404839585274,432.54915917544645,44.14291395048198,130.48170636834536
261.9771729252724,433.74064848287657,43.799804540080196,129.204898407782
261.42751746273035,435.1789289623539,44.5032719593049,128.15933110117106
258.19051075480036,434.85856772519486,44.38512228922741,127.61157701298922
254.2088211423495,436.22983402477655,45.26045830123847,126.04271995093521
249.38460325919738,435.9953991196251,45.45937014176152,125.13207315967557
245.0706057589444,432.303002782553,45.75835513250182,124.51939879280415
242.17518222834119,431.2647543807065,44.819984664411365,122.11814291095031
238.4951014843326,431.3719418176354,45.54324429695981,124.10585543943621
235.78939230312244,430.4186731239833,45.88196978828638,127.16238672322478
235.0634735910232,429.7003943400726,46.72638533748482,130.52881489651494
236.44747188744924,429.1595237631592,47.12837165478899,131.81542055229488
235.07480298322378,429.67689566387725,48.71941258823993,132.1754521414838
235.84933009049882,429.2474533265441,48.87946481900238,134.03812099583766
237.09972037375485,427.1203583069016,49.83779069780283,135.5608657226225
239.49932208756087,428.30542193553697,50.224042592456385,137.3266027231643
241.27747489201917,427.70967619854116,50.99448869252417,136.30163301551536
243.17717761858484,426.9032768352189,50.42317161829905,134.9196502480192
243.82405373116316,429.52798311576794,50.69301802595491,134.32041468887434
244.03328027700354,428.9113337492434,50.06628246357103,132.67047367582958
242.93872470472087,429.4764171944918,49.81044731907389,131.89339516423905
241.96454043220766,430.7470006844936,50.20876703597533,130.44793130923543
241.08390230144653,434.3897342449942,48.83994686195069,129.45015339721857
240.25199754021875,436.9947810410448,49.67566190198439,132.384499502383
239.64327958357066,439.95728172010854,49.755036291843076,135.2648875485525
237.75675902991838,442.37599714176247,50.30075195969448,136.11489567008837
235.2060715204061,447.23870880670603,49.27911062129715,136.65128264293563
234.2645964334927,451.2111725135894,50.54716211348334,136.7940322311219
235.15588815457102,453.66327061601146,50.287588925232974,134.93350668057468
237.90578860654313,456.5167804146249,50.80112420292937,136.0188759993635
236.17073474824767,456.9887528855316,50.64650657772343,135.9600628934876
238.21070323608177,457.48520540492854,49.88962868408648,134.8848824640687
237.19550815346022,458.1838520129784,50.590886769251426,133.68796766593783
238.42860994385964,457.6422177025325,50.093555258765115,132.47906099386083
240.86612419071315,455.75252675594174,50.10542862052684,130.89848805305795
244.19038184548904,458.00156275783104,49.288578350037525,128.67382303170118
243.22185950141147,459.5001459109657,49.272406485458276,127.08284569027555
241.44526559619857,460.6457680476816,49.57962261619663,127.95285629965628
240.0501037483201,463.3698173710589,49.580456565859755,132.20364070954238
242.72536349116166,464.3483949064735,49.46818781259858,136.81682865629128
242.88656267181733,467.45468717227027,49.52353603331845,140.41610325555715
241.84462635130222,471.7155926204161,48.692430647004926,141.22849035731232
240.7068085323992,474.8753877136775,49.0944395758266,141.68590822743013
241.51020445854152,477.41654833230274,48.8016736024482,141.38416560346093
242.39090094538295,480.0988432254357,49.139767933452816,143.59583924492938
242.42525879001295,483.8637772866034,50.52988403130223,143.31316350540644
241.447471061952,485.92412547951756,50.09373585461164,141.29656257856252
243.22394306003343,488.65284834492064,52.106129993214395,139.34131411338137
241.91900018476846,489.8294281627103,50.94575207186931,137.87414080592706
241.0377658760769,492.2958283144492,50.33129808183059,136.02230363721492
241.45780542346446,493.9308800307793,51.435524406977336,134.68652637642967
239.47530258807305,494.36451301917793,51.678179003541416,132.06745986252307
238.16850736612082,493.5861829565519,55.045126381039594,131.8216602709782
234.6455618587803,494.1932823871103,56.14127984689253,136.03907151728333
230.36354339211783,493.58337100309325,56.811670539983105,140.0221999493799
228.37291366532583,490.62138452510294,56.816306458410835,143.8175107959855
226.85249548311043,487.1635737801057,55.30077685604475,145.38477413168312
229.62722538506665,486.90496861986696,57.39606192517921,146.08939289942623
232.71185063373923,484.3287899831713,59.63821889853719,147.45677702828635
234.93385488941814,484.35595708786377,61.78039202780434,147.07770527007318
236.23328946153794,484.08297243649844,65.12469915309597,146.85356348881956
237.4049040243172,483.93987745791344,66.63388701972497,145.62394534052083
238.32408094819775,483.98129619016714,66.23892306454202,142.8445136377321
237.29845336645386,488.31111433635215,66.65092651904541,141.78323549965893
236.527498206083,488.3183578355228,66.83196647845898,138.97547457553637
235.94918874204166,488.76925854946984,65.84225361943234,136.83981694647048
234.76534147236978,490.7106054116706,66.91292057088545,135.4306034466784
234.64731701356524,492.4750065674501,68.99265845333828,135.1786871214474
233.97513878302595,495.05393896268987,70.61020827379184,137.9405000653429
235.81355502758478,496.29767991741693,71.05553764990856,140.81855770667008
235.3344875809883,496.76173664269675,69.16467351966398,142.86474845532916
236.53657170793466,496.86971249580245,69.47971302944319,143.79018468857092
237.0534870110529,494.83359448995293,69.55598984508168,144.25145878620742
235.71598836430957,496.3125115485802,68.92980916005277,142.40510538184358
235.10226147809237,494.528418627194,67.32468236608085,143.11828023828775
237.41142086918433,493.7277222044002,67.60040655264694,143.86035911903164
236.39665429843626,498.799420631537,64.13842358086188,141.13663999913308
237.41834930072915,498.61273650565727,61.2946490547917,140.52468720597068
238.0497858852116,500.44266330111554,59.767981940514275,139.4711873748197
238.76653736007552,505.23711601949236,57.68820823883334,136.17418257283165
239.29399579363135,505.67063864178294,56.85439122523731,134.14270861731308
238.4621778207134,505.7477311461779,56.588553294120075,133.32229436047618
239.23539836243845,506.90406548745756,55.92901406613872,131.81629682049507
239.13255525725532,505.3879402366384,55.98684261048935,133.6767943924458
240.1126217535964,504.1159490285172,55.61557680530723,135.11170698446944
241.08275813322425,505.0314772466169,54.88236581362962,133.407817296317
239.98795440826487,504.6219408325451,55.102399288939,134.17842821039818
239.358469520794,505.66868552765084,54.941538741615155,131.7481773455772
239.93631635548917,506.0942956348914,55.34282139058416,132.18308994359606
239.97657507556428,503.94263571633473,56.20752489769957,134.2586570951626
240.2834694415551,502.41841882404515,56.370439046577275,136.89653790122617
240.44710231025047,499.2311170418476,57.19707345567095,140.37740367265246
238.28008105076225,493.89707960377115,56.86647364066299,143.27048465232096
241.33962585878712,489.49367856777843,56.41898436641013,144.69310093329082
238.9369524461534,486.32512570247616,55.8370631252713,143.2538394763954
239.22419989017084,479.88451134331785,55.11477160637706,142.65865828260263
238.7948988760243,474.55072595057214,55.63783286318581,139.535945864969
235.8834517448528,474.30368134954176,56.344302564981874,140.6899166588267
236.975096838726,473.59046206665744,56.46573039481363,143.5142739257671
239.84872759400704,473.8631781609439,55.83434412839217,148.90139788953803
243.13766615861573,471.58660275900735,55.19732393276854,151.4103592402861
246.73988469061283,470.69907427356395,55.16360220080558,153.262106885001
249.52809464257928,471.13146787524784,54.92931486523207,154.1019095253833
252.66334316041667,473.8604039965662,55.315739216276,155.57876018313712
255.41436407802198,473.8756952430264,56.15851549629978,156.3785304734198
257.24829970210914,474.58989845731935,56.654645712969256,155.9100239471777
258.5585097978205,474.4973159539937,56.57057195709342,154.64230809445405
259.90482244803894,475.911007047571,56.452928346109644,152.14201330964318
258.7743405766709,476.1796689976177,56.534723387673765,151.21958809119047
260.88150541177316,474.67491420811234,57.18962589520372,148.3122275530136
262.2077228446605,472.75662331777676,57.24709093177276,145.54193677509096
263.43928056208716,473.8869760679312,57.750802889497535,144.91556965368835
263.0513373369495,476.848384917301,59.17015247453853,147.39250171080806
261.7126110285498,476.9284265666205,59.59998546243162,148.7297633828723
262.67564648484694,477.6285575984556,59.77349340725924,145.07168881920205
262.28497232772565,480.11325348651127,60.371888840642484,141.49881193566884
261.6309139123881,482.3921403197421,59.71412432366128,137.4042035524103
263.2308865876534,485.3591782722007,58.568927508286976,133.7480207138993
261.8915439399125,487.8561089565593,58.8801811631438,130.39768351510406
261.666180663277,491.3523228183184,58.79129590000859,128.18632268611714
260.4259734098981,492.0490254366389,59.240551959500664,124.3826696467417
258.6235808833415,490.9209476442315,59.18692026456702,120.47613602257222
257.7319737955385,491.0917613330638,59.07511490892294,117.18504575428253
256.1065599586468,489.9385139995664,58.91371113739385,114.22283314588671
254.4792484160045,489.277646549535,58.52725145900659,111.02848528227761
253.66752422744315,487.2878102153577,57.991672736519945,107.1529638588354
253.95774988128278,484.5251379227987,58.126278801887565,103.68953891270334
254.50935606295445,483.5654401969789,57.705256379950484,99.35942264559296
252.85152660233712,481.329971539957,58.135569842200795,93.14618637565243
253.81709048960033,481.90890483742623,58.452092214158725,87.9056781791515
255.0277219340187,483.5555902020067,57.740790262821946,83.94934358280298
254.58343249619458,488.4543290763961,56.85632836698586,78.67838560941478
250.27047637816526,495.1032326181884,54.82742492921636,75.7047667582521
247.2166428206325,499.20853446066036,55.27034289877406,73.86299852252691
246.34350348759116,503.0821996812887,54.30666062735674,72.55637242697337
