110.0,101.0,30,91
111.99753315178297,100.48830613791729,29.707463603660617,89.89207058549354
113.11434759475482,100.2054501303923,29.530627930607558,89.16490540327791
114.36900004774117,100.79699699041242,28.872641384009867,88.49943558460484
114.17369996191086,101.23378526582664,28.801998879889222,88.20856167049516
114.45126213023292,104.14583155534733,28.70689651590134,87.83065134243034
116.48413846123412,107.53092341633788,28.2025604798755,85.57929696615236
117.03880749237136,109.46841295813708,27.54723242736666,83.31621058274928
117.26142441399664,110.85882755412825,27.641701953256735,80.6765862247513
119.39237938235318,110.90427980134285,27.03453139642645,77.85512142758775
121.72214020156805,111.32553406069596,26.283106071473274,75.68862304071746
125.89254292848506,107.95576168966721,25.810128986779887,76.58667608355621
127.00944891675101,106.19171431155172,26.398597894037025,78.69841952142781
128.47043044513103,105.89677852328087,27.698039866573886,78.93715584406326
128.86023599646242,106.95626565450257,27.43994365648924,78.03345257771359
129.0953172211203,107.37355827399716,26.807732867329708,77.79756118638068
129.18921975884314,106.19477810160792,26.301247982313704,77.73165961709665
129.70724998553632,105.76361265628795,25.667683866817995,77.07236880363504
130.50623813209717,103.31445424159458,24.38274163131348,77.46935811837336
131.49717038579794,101.17220528185689,24.40356267078691,77.72854170679405
133.01649307424955,103.81287465824207,24.196918026305575,77.43176105949243
133.18806969603867,103.62843300466935,24.877568493664853,76.67646834124726
134.95985651189085,107.10842480475605,25.421839710593325,73.8138663328707
137.78433885837373,107.1991874852417,26.286836809619746,73.54702908225099
140.52803406307902,104.92187938105235,25.399696644349795,74.03433877207499
140.99272766107683,107.45462982659637,24.15600891124477,71.09095396985411
142.93432269504456,103.23987996464709,23.715064326707754,72.37012410390896
143.401509167099,105.09556731137253,23.706152198028562,72.34129030401274
144.24435611222725,103.77280466743224,23.401210871248637,71.4103385411121
145.9138442434513,103.61010067680684,23.001046864659884,70.98168768447228
148.41436610930603,104.62794169379629,23.307086262833277,68.34050638291524
148.98753844791378,104.47711129398789,23.43048645866462,68.09813031729766
150.31710954594405,102.08561119880791,22.60683925772128,66.5524409324623
150.9541744873796,102.78146237344461,22.967139306490836,67.60997259197798
152.1937895116772,101.09368387088517,23.143121660239302,68.5593973949484
152.50001308866564,99.33205129895325,22.486485053137443,69.99960894994508
153.3644924871333,99.02845860639391,21.53207764780371,69.79951284092313
154.246895516502,100.6304786881412,20.62054307344129,67.88975368328792
150.8865803720816,102.21578295122015,21.663942527321154,66.2943862459972
152.1846353561312,103.08650459654359,21.672492593401657,65.93599959597533
151.27005771526424,100.61611757759539,21.702972338026207,65.87675837508266
153.9420337018917,101.11009660987267,21.31216062356038,67.84140651169997
154.8770040029926,101.45168225002179,20.773900319210078,68.08896032905798
156.15433859891596,103.60057721124466,21.125847338300893,68.34601049450289
157.05982688280616,104.90047195854325,22.2548121767705,67.40512602920258
157.07280865043026,106.3327737378188,22.53320044816293,67.02605713862022
156.9319427199029,105.67654624836057,22.725744687147305,66.65253799644293
159.65767979654322,104.71748928165707,23.27512502605417,66.46101753043587
161.44312959918088,104.28409261379169,23.159242510622633,67.000998122026
163.00307664136278,102.40621037878074,22.977092566883783,68.07390126392289
166.63442559130877,102.26040791906604,22.89241895898401,67.87917805835228
170.4077011418729,105.55530269060259,23.14790032855887,67.59137520961512
172.19111483306838,108.93617119119713,22.132510324097623,64.96126052287917
173.94503898936506,106.70923457008209,21.929868310332395,64.19552927292176
174.1935773689038,104.44487813550339,20.978857835434603,63.94323628270418
175.07698223795845,103.9584682155603,20.871853395176853,62.08930441360595
174.60423289789037,103.29108227126954,20.4340207764849,60.490894539492174
175.44918997487733,102.37642258341481,20.146801324659428,60.936775804850086
176.89673712790386,104.31967921194591,19.808774889700118,59.850174046811304
177.25941393064934,104.82534297645103,20.834687763701297,59.60381538987137
178.80971765818683,106.10100541804772,21.714777940462263,58.10105923226392
178.52641536253515,107.06447731349851,21.464060754421908,56.92562606147954
179.8640163296867,108.05191393935951,21.105951715626595,55.58420617889818
182.56944750772894,106.31367994356344,21.045019169112432,56.700032690998114
184.34852724926594,107.17031847491938,22.077878362796255,56.44105555504406
184.02660196133945,108.61206453631695,23.4048954425555,57.01633418420202
181.25456555017567,104.06610010123173,25.05002722484396,61.21534923601311
181.60965814247447,105.3768486750036,24.8196546623167,60.89995865585219
183.280935139905,105.86355289321325,22.732761678197818,59.13683159150318
184.07249566459993,104.999430513113,21.436872074120433,58.926676083149005
185.02507014421306,102.70777201583701,21.537628266261372,57.873808385318185
185.8329314859142,105.03798597762359,21.16915900082787,56.960710173659066
187.2537238270007,104.54741444957142,20.736998146779868,56.8852583811306
185.20698268809912,103.15449497627424,21.81929573220019,58.01654105331092
187.317520875174,103.23257696976056,21.94430395277699,58.562708609307016
188.34538788486705,103.11607469800543,21.869557482219005,58.87994166844226
190.1317315651306,100.87711895820753,21.40137756798098,59.63063452010838
192.10225995670575,102.87023210006738,20.780526473307226,58.43389798248243
193.25354248920314,103.97537847644497,20.655527936632765,57.348055913321005
193.52692061023282,103.41734818785065,19.98564852562808,56.35547391238464
194.58915471476587,102.60650405957543,18.739796649569826,57.23090057225541
194.7839663160344,104.12192192838715,18.654784653087468,57.28574293521788
195.46222549505467,105.02855544152594,19.311892393679738,56.926852129643436
196.28853778353638,106.74952118581555,18.273022089177257,55.75097288715796
199.00834957024878,106.77383938938712,17.962091142705578,54.79869573294452
199.4143999151166,107.94289945901735,17.73719443246211,54.92853213665278
200.13362250171934,108.45600687851137,17.81818895652222,55.46638895293819
199.40695405684198,106.84630868778444,17.534038053308237,56.283288996501426
200.17979635852384,105.91673620581116,17.39919634545233,55.85201342822142
200.30168502531444,106.46751219509629,17.609932561675816,54.85150515082305
198.58599750958618,106.76650679362422,17.547533179069823,53.42075228189218
199.92126196614925,107.29565415106083,17.07376635090462,52.12413054065177
200.708043463256,106.96070218489865,16.474629626222388,53.012891284499574
201.6458160172617,105.80684856400734,16.4056030728985,53.10581581143844
202.60285265358405,105.97813717151507,16.297346450644422,52.906854319079216
203.37670563989667,104.22572852955277,16.34998227489416,52.84358688620697
203.8821141081588,105.35361899171673,16.51812041649495,52.83304521969155
202.98635590278613,106.30357447188325,17.199056382904303,53.43470591463193
202.627745908769,106.80771552100964,17.61012402718861,52.77005174606667
202.77047131431345,107.17810410545836,17.55291418289653,51.98693143752078
201.2999473000246,106.01269535303004,17.55838481889611,51.28689567089304
202.72363485118024,104.56105680915341,17.602565502717656,50.076082792825986
204.18161984601846,105.63338370161853,16.998210503275562,50.22685442293482
205.50677643877236,106.13669751488709,16.83727720058029,50.08099034620239
206.4013438560547,106.12114109435016,16.550492219531215,49.58240958376061
208.36272097980248,107.61152413540333,16.214652034535668,48.80371564520898
209.02661577128754,108.15219225815851,16.103125268948368,48.5227181448158
210.71059985958598,109.01585888979116,16.11012657477334,48.45627355342549
210.36290738940815,109.01610376528573,16.326705973136836,48.26788707392072
210.76084513577604,109.04864840330114,16.49770364934637,48.07512750980398
210.276317994718,107.36240530973568,16.48035351251715,48.2438554571888
208.6363630433253,107.14542306130579,16.448541613544705,48.06698011029857
208.22752593634135,107.49408569349235,16.34490540270793,47.3820449826442
207.79698746307784,107.43565234188277,16.250141284781822,46.61532098762118
206.6342067999402,105.65523412175463,16.342029515353993,46.70862050160794
206.87456783796983,105.6623325671884,16.667360600915828,46.138400966697425
206.30143452039422,104.34154069251838,16.51689719456313,45.773789647678086
206.3054176628383,102.72683877093681,16.341412293952313,46.473950021602946
206.85438237232432,101.82956945193321,16.434698390116974,46.700884594668736
205.9658515586464,101.58714449009737,16.452261421281456,46.662235983184154
206.30880632928736,102.19399080288375,16.38254755871045,46.100444602728615
206.35479786829526,102.55865284389085,16.19794363108523,45.52492911446437
208.13634075357487,103.44819557515729,16.15255042644403,45.17837691609168
209.38473476644586,102.5972124612105,16.264946665838742,45.06732434515712
210.24891474306187,102.66379405556437,16.29018778682547,45.33271309736736
213.16647236953432,103.25434878883202,15.627176415716526,45.54335015182815
214.4139060872445,102.74193865401251,15.629043599436795,45.59475123201403
215.22157397953012,104.51291884765003,15.864957509689752,45.09222718507104
