198.0,249.0,95,325
195.55409338648377,246.87408461025265,98.83340258250118,316.06561251777595
193.57851660015154,248.75791404062716,101.18439746375941,312.7026777781207
193.249031330803,249.23320317677843,102.46238655714396,310.6197142519119
194.2421751941033,250.63234793184003,103.42568379148085,311.73237444881994
195.64224157508943,250.92023538041286,103.91485767013367,311.905806094643
195.07343991674614,252.79863104566783,104.58480961963272,313.9753087094456
197.8509189755496,253.25444127522553,106.20557171686954,318.5841960628302
198.95731370180698,253.89474581518877,107.54856839716727,322.77154352587246
201.54313896845832,251.82248068932873,108.36947157480212,324.86211869946754
203.16338993655617,250.17601468461612,108.7737450292314,325.0314545174865
204.9942104066588,249.83233920214076,109.66373983121363,327.48296563868723
204.98040839070165,251.6234915696264,110.63732774984669,330.2965959623097
206.70935577065876,254.2990311234568,110.67796814618245,332.3742888273051
207.81961025819362,256.4504308148372,111.60888739376898,335.03273212032565
209.12166324490966,257.22157290289,111.87080925236819,336.0216369090638
213.11521152010414,254.18782134932252,111.8110198308855,335.9071331802612
215.82238746760703,249.25606448880848,111.51715133431722,335.6875170184768
221.77672832838468,247.56474627257816,111.75525916354314,336.3781368493749
219.7838113642136,244.0268454628452,111.8915447520416,336.0049638594659
216.82710685054445,237.72624258856604,112.27114030281737,336.8174122838054
210.03093764401694,229.7382684557674,112.32929902837236,336.5924938501839
208.2115045484176,224.27792904216054,112.06093865707106,336.9721570523977
206.3854797610942,221.63946531238733,111.71121821218665,337.46459964866284
202.47096854026174,220.27620576466097,111.32558000932028,337.73897030661556
201.07877061787326,217.69097227215804,110.59331325644101,338.1554700064652
201.87592231372196,214.05857441043116,109.75486923974361,336.8170552807002
203.1125107086889,210.10407922958012,109.59822077012224,336.166902575996
209.8208583517952,210.56997294627473,110.37775351125336,339.12531289651304
213.9633713633627,214.68234557387933,110.54609662874334,339.7264343405226
216.72265133811956,227.98454990354782,109.60700445266713,340.17579765384187
214.17726555291466,235.34892930585116,110.29280776135815,343.6147634586102
212.47180679578395,238.6191951425954,110.42302459202585,344.4377571757467
212.58979089279,239.81476409225107,111.67967114410746,345.9131353897166
212.37836805084,240.9658991624708,112.52304905456998,345.4810434719334
211.6824899177102,242.98146232266154,113.1486920395796,346.75613053045817
210.41650405695412,246.4758384854426,113.95678680796672,347.81791531427103
206.71350854959223,243.57416101657037,114.99650585003425,346.81725413873426
205.54901628987795,234.25893753613892,113.67259730305662,345.50128996678467
204.29722031847456,230.69058794330664,115.2173269411759,344.0026131758867
203.23462583400385,226.83712529004708,115.04588505074231,341.4265184628746
204.8757804086572,219.7540487319426,114.63247238581063,339.3535968720523
199.33275275362132,215.73728044935172,115.21529283260111,338.12663539035907
204.48923355884398,208.42125035673718,114.83421598778082,337.74050709902565
208.4036094149111,199.6361740036487,113.62411661939657,334.03032533254634
215.13140366787212,202.27116412731584,114.28437284003698,335.45736656958707
223.22868377122853,200.64438087162284,114.35934388332417,335.5740312255043
223.51176412420324,192.0094359681398,112.43222126331224,331.1367677121579
230.61271807930856,196.5547983584775,111.27956872419537,328.994407189295
236.2076237040552,205.83559448812613,110.74960854892086,327.55952391437273
238.89595425799578,209.17094642072433,111.05214665978967,328.16298997105133
237.05452513916774,208.9443131418109,111.58247804197703,329.1798551616907
230.05955464406705,205.89645074281557,113.5057686415534,331.40704968624385
230.19715376185047,204.78050533655892,116.00779208567408,332.53579108469467
233.97821282487556,203.853718582015,118.9714307955614,334.5282806094075
234.89022347402755,205.45880830524237,120.94971662616365,334.036912198109
230.3391090331914,204.2992999714328,121.90503388674219,333.5247521079157
229.87118026166382,208.93739931479544,122.91395051182863,332.85267939775287
230.3538925465943,208.47856960304773,122.39609674274894,331.2393329618733
219.68051000457191,204.0753730838367,125.12970264710617,334.4749862542016
200.73887692720115,192.20987275285728,125.1015918487227,332.5151299825667
185.44998927585686,176.33592904678588,126.54893502250502,333.41591046111574
178.40479192372035,158.27592179143073,121.14225941427804,334.6055660851073
177.22273567704707,148.3747164570558,116.72280257168711,332.78920233979466
176.71851988020995,148.29636668779136,113.42978152864258,333.3929233626985
178.00137939996057,158.2911945619432,113.12486571179758,332.65827249720735
179.6498998418302,161.65343721611004,112.30792736712085,333.44727595840493
182.66059561103933,170.16910890263136,111.3191286021401,331.44425289786227
189.0449546466208,173.95893026102559,110.62194373410213,330.3038802006051
194.45683142611765,177.68721539008976,112.29892259698347,328.135945196383
199.3940925424558,183.7154436981848,113.56826022758837,325.7929895567554
205.2766670500322,182.96046136608305,114.37659754056065,325.1772217990839
211.56143627813748,180.73077781578223,114.61540869372504,323.28002151687303
212.02215809883134,184.54317028424342,114.97967061874358,323.42842993932567
217.55775741181998,205.69789484176562,113.33034699276631,320.4261707656875
219.42256256484654,218.05971251507572,113.45736510468194,320.11641481359857
217.59857883448694,219.1361013644711,112.01139945993239,320.58955264215155
214.85936111219672,215.0100021232485,111.67947113498153,322.6012726089717
213.79071442434133,209.18786252900574,111.50328794819237,323.33686039120727
211.6280548369946,200.06598404591267,109.72014765022953,322.6343282948934
209.19433681488678,190.29873444886778,109.37365547178894,321.31110043820195
211.11238650293222,184.999029180661,108.84791986522933,322.6027106816467
213.32978989690548,180.42380294175513,108.17556424915782,321.184437573521
216.49421983428363,178.17275295158586,106.0591067181515,320.7602069874533
216.7452011816897,178.2217862928539,105.96650681630811,321.5010074924172
227.55814325308503,188.6244556568499,104.3299415211737,319.0998435691127
235.54230083734393,201.13446076258987,103.29277869640592,319.164611189664
244.50355059081545,209.02281381569486,105.20102870118161,322.9122581107978
257.1541958412264,215.68752889434646,107.44453800504718,324.9883455316196
269.29130044452256,214.18503505091053,107.7062174703299,325.67619454661644
285.4685762776685,219.43873200184683,107.41373855794421,325.34091978536884
306.1314901204023,218.43124153903742,105.58919261075795,324.2147263945814
323.0214640548378,218.94389866238424,106.31431065985565,325.4632768939815
337.8173288578572,218.23054837865175,107.74009814366055,326.9224481645715
350.3429560084825,214.47650249567087,108.32080185022251,327.306943739127
358.2176842152721,209.60328550963388,108.8442946553934,325.87570437135724
354.56827212216984,196.98856266613123,110.74089716191034,325.78935415992504
350.29763704513056,185.48920018940723,111.72455012848891,325.13854298056054
354.82857848100053,179.48191276713186,111.8587732137802,324.11997573526753
353.97145598300443,176.11000780267187,112.39668764336615,322.59175197278125
358.6241872122726,173.44399343804542,113.6057515520173,325.4902479871904
361.2223388504753,171.50465654069245,115.81282962326813,325.55117275845885
358.6521155732428,169.16018480240717,119.38259746679563,323.91449367643565
348.5609753093787,163.76221936182972,126.5715918617114,325.8237668427468
346.8227397752994,170.15984151058902,129.16842425799493,327.07619100225946
345.68145843029663,171.9170936618937,129.77587708471924,328.0149948051189
345.7785935908518,182.04354260672307,129.25604524017137,327.19025853655387
349.6701511931184,186.04036207373304,129.49917515282573,327.2624765361277
357.4966986513019,191.79943811912537,126.46943228723987,328.55151438674926
363.43266684618004,199.69839347150926,120.86739335842115,332.2360255569815
371.4476901868659,204.1500001351285,112.3684135715807,336.27379123364926
372.55060079791247,204.3384788281146,109.7022652010501,338.14085240236454
372.8681479317233,205.6174210897451,110.05478079670966,337.8575650470723
371.41915733445995,205.37958451677298,109.8001741006113,337.96605069301654
372.7807520936692,212.58404363013193,109.94057100797406,337.3767735795799
365.5710323868649,209.951827864662,111.82589176923898,340.71127346989476
359.64672260332935,193.4538059009659,116.43061485193502,339.44242481916194
357.43391060871556,181.1600066442819,117.87699079428768,340.57616591065494
349.72177896525176,172.61424403833036,122.33067302652778,344.0610627045893
343.2796464338187,168.7361639078232,126.45242588236259,346.96218146169736
335.56858960627335,179.55760668508566,129.4062167835471,345.12666895404743
327.72239968704946,186.3761966601636,133.85500531340108,349.74986498045405
318.651743071536,197.95899365086717,134.81046649364686,353.8014340849844
307.684142124878,205.8684506057317,136.52624700024393,355.88730533150533
297.4877500013033,207.58961487435724,137.87374316145593,361.9817199583168
291.1114557430898,217.3480734550866,139.406116834133,360.13972955467057
288.7139920038896,224.64217015434525,138.02642273050208,361.19667775771575
282.9357625718249,231.11341884753472,137.75689282510018,362.32528632836807
282.9801873389374,233.95892476486773,137.54871956040643,360.4268159976083
282.26211309551655,243.66515221487833,134.95465564490436,357.1735407850871
281.79541434495775,248.74717699044942,133.6990272671157,355.8047793198824
281.71002104437343,248.80646296484824,131.51257509875316,351.5149427226473
288.6206539300115,245.32401913932526,126.51333081185197,351.70004521744323
295.380643935326,242.72540251440205,121.4069250199729,352.4653326665084
292.8302374292901,241.6491489022981,118.9614123484511,353.1233330547788
293.20628706724324,242.7293994851177,114.65004793582605,347.2182029828896
297.75489200702566,240.8316334701977,112.76469108360497,342.6813375517921
294.6660575943857,234.51098012585265,110.17868803388492,337.78156758032594
294.0796580157484,227.05774115933994,107.15879920287821,333.6061973688201
295.29504375898773,218.70523853319102,104.48339881014957,332.4465175625242
294.39528757513415,210.32496409301305,104.62806498645041,332.15164652100515
293.97769764238035,205.31238156739266,101.812121805083,331.9598926269334
299.5474764416413,200.7304322585976,94.39180248781106,331.0709958343673
304.3878704894111,200.0555518701995,91.18196165789655,333.360575947101
310.65630505465595,203.2414498175683,89.65699438287567,334.33625319689463
311.8133191889417,206.50678499397102,86.07837871196038,334.17490657455795
312.0867602485854,218.07303664292976,83.92993409267297,328.51640230007797
308.29393460386893,223.03286367410925,84.90315862429335,326.31519306193775
313.81632270091137,225.0949633035354,86.43516465677104,323.0827784710542
308.73705230609096,226.1304567219356,90.26258972375553,320.6833004233163
317.0313310721409,229.63626318420515,91.66658590259321,321.47582568237095
315.3133390671256,234.06755122596917,91.57980379934259,321.0765064347804
316.68113731587346,236.37983912727705,93.54714919637803,319.1719623704459
321.3793899780929,237.43325869052035,92.60572199693924,316.0731798845843
320.37018158258354,234.61370828679645,92.57610411998911,315.69732707875085
317.5679191545649,232.93587147801088,94.34493561665147,314.84664083304074
316.5609509900335,229.30958654728286,95.22258044180796,313.5992106944968
312.2040082955608,223.83142704539097,97.13562354559716,310.5159178818743
306.07762425839206,217.27912161312645,96.74453175665336,307.69010882452835
303.99253083128076,210.57061130544486,95.30149839603223,303.1475957484853
305.2497542860666,207.42402124526032,93.52142648646058,300.63694286104186
306.7398765337422,207.41720290555295,90.22178501845316,292.50049409123784
305.2270677147623,206.96146595104477,85.98482941422539,283.4387013986917
302.9912166875684,202.1536665553286,84.39000314830074,282.7349032174678
299.9654889458987,201.91493527405515,82.6087559949214,281.83352056517094
299.92979009166334,199.92900211729108,81.69168934792333,280.3553136365116
300.6748472443135,207.25166019082783,80.00028109731048,274.6182006144381
301.0231274128335,215.22911348569832,81.92194585792677,272.13405818485336
300.98926599218845,222.6083490260298,81.80558666796689,268.9894787057529
298.25770057254715,231.34159274127344,81.5335490502182,266.16624078698436
294.7917815232702,240.03316139592076,85.74468402377218,264.73842574331474
295.05009579149737,244.96538022541523,90.5399451357553,263.21047490073204
292.2928045810406,248.0670109838342,94.58437374807498,259.9447133838941
295.20245393917213,254.32094475000503,94.10339290290571,257.4021168476462
301.35366087988723,257.6232698658791,91.06703126756935,255.57993731902306
307.2202031799176,260.9417101234728,89.19820448000857,253.01098893274195
311.7265668631894,254.65796156552923,89.30058941815236,253.82024630253528
315.81196707044916,255.1300037154735,90.03579486300794,252.31134266670924
321.0622774161354,255.20742666566989,90.27052573413548,251.69623065303523
321.37312170414293,256.01320035364523,90.56930834952658,249.54769597239704
323.75535337041106,254.90251048603477,88.14249150136541,248.0422080318367
323.3261860177231,247.84802451717616,86.39102396064752,248.10650223517897
321.44017300500235,239.27340889246227,85.58236150952652,247.30010604320046
324.6640650191499,235.12377398142434,82.10442611404392,243.0913802598076
325.7829784096524,231.73528505854568,79.46468282913276,238.9487414063461
329.40991613573283,230.75374844205533,77.55181079494061,237.01142401432685
331.5835595111017,229.7766831266454,74.87194347779649,235.5859159732717
333.1444181944953,227.86934490313186,73.50462064225943,235.85475501795503
336.39269891130823,230.43470534483407,72.91729993128976,234.99149018923814
337.2550196673937,236.5432270384675,73.80978488396262,234.51632912619
334.3427624072805,241.23909711936818,73.96730721668901,237.13154697220114
336.83110740152574,248.2856780749962,72.92219681804228,240.17852177969507
340.47458237945665,252.1072108363489,68.70848904968047,238.28637178433343
338.804640299202,251.62673723526888,67.28799723362727,232.74487758024353
342.2774470162636,257.05505538815726,67.49625342841038,233.24200104009168
339.025119170171,260.40566371129694,70.56249359325173,233.2165656438124
336.0928946534319,262.74703244842055,69.44391040016738,231.8188013140964
336.6785136144796,266.7734924932397,69.83590489994704,233.33924548227054
333.97161060412486,268.470552586717,70.33229148706278,232.55291338125346
328.8644820302969,272.38053989975674,67.99637773628115,231.44399832548652
334.30090008790944,272.86304854731037,64.45288732418109,228.97409821787926
323.277489942851,269.44541362023267,61.114209567423,225.92814248609716
318.9972725535083,264.26564150525655,63.12313067423332,229.32027948948686
313.9723455300389,255.8462560194648,63.68110239695343,232.60131120325792
315.28853402295147,247.59997948918,59.75197248144079,237.1262739317963
321.03185753250654,230.23349731071076,58.02930251311196,232.51261963639098
313.4049826019043,239.75815828584854,56.68863098759769,234.71219905330292
314.5003464108636,240.77023151580028,54.97910454155402,227.1175569879307
316.2025707270345,241.17176154600432,54.52491225686843,217.47862046267886
317.74548485774,241.61487633524416,58.26134962045752,223.1135090482617
315.4731510888686,241.13527478919437,62.58897614257529,220.49068089036126
318.46686900189184,244.0576161825652,69.89127420324763,216.9268818926821
319.4981282722377,247.00724119624076,75.02333574068086,215.778852568456
309.46159387111163,250.14085786263502,81.99636792183927,215.55873837629247
312.49046835746793,250.43482350656217,83.99989824600166,213.11979390484444
325.9446087733529,253.83793551832852,80.50763303923166,211.59866509615546
338.8113906137891,258.30400142850954,74.13503127242174,207.98251227969973
345.35316466951605,267.58986963571823,72.51718140315543,208.19410106059482
341.0399434802504,275.00737675919845,75.70630688715553,215.57814198941566
336.5539762897072,273.7633509570203,82.88362456902308,219.45535375002194
340.63327706305773,278.3841255840275,83.98631452622828,225.18102861710128
337.58073349654927,271.5687333003809,87.15811308502646,227.6430509773631
340.2973783637891,275.0203515726439,84.333038682578,225.47370115158714
342.8517775367587,273.31524679674067,82.05938437960769,232.50311236354992
340.6237000460103,265.0106904888606,77.6034910212606,232.68809167852885
342.53192162506286,252.273975489109,75.61840772643671,233.8337628889695
341.3550715497261,247.70996382100796,72.32971285757898,235.27642245564033
347.6654688134675,246.18113567885766,68.70232653322127,228.38547034150344
351.6541496898442,244.4040561442797,69.12315813984291,227.62297902003434
357.7340171562088,242.4117452918287,69.31321568758241,227.78338197493636
360.1111829078801,236.7540419008836,69.38084463345852,226.3116183466703
363.2417997284134,229.63370358102998,69.01749917598569,227.20012213481508
367.6853267469303,229.2698547317804,67.5108772678582,225.91445313409542
375.036147548578,231.72647137149053,66.639863105969,227.64361487420643
377.8602610980229,237.69112171621208,64.8161599328605,226.8601271730446
380.6245406796912,238.37123781543272,61.22131658983635,228.3778856972596
379.13662769841466,238.17045369890576,59.754271458639394,230.9293562740635
369.04421129728456,241.70903632350678,61.158159436680876,240.3114805756427
371.3742094013287,242.407327714212,63.340753560623796,240.79948031376352
369.84405974533973,243.46930590363888,66.82207338041425,241.08659571225346
368.10009166347186,249.69689682163676,69.06312233711873,242.72137969657024
360.0278980877603,257.6785413071543,70.61217257447937,243.2155492216289
361.08801407736684,258.5025509135778,70.9530001655788,245.0940803017507
353.63907801863775,252.1860650866314,73.56101632600576,247.8176891626747
351.11883569076394,251.7984194065142,74.76287793487833,248.7316523979091
343.9752418832737,248.7349013642563,75.49366906548386,244.77684033789367
336.29932995891687,247.6216761929066,77.91684301185377,244.36748745793685
328.8655015903519,245.9816031023699,78.37971459273365,243.4025774866665
327.0396614930162,242.86081745753654,82.95668775615508,246.40928549508317
311.67509323587694,231.25704458558045,87.10794341105856,244.3556618054016
305.6284798015805,228.12897783434303,89.59814293590149,237.48984706568893
313.0205559507263,225.62307992174144,86.19613175089111,235.57384748073588
318.5323991137668,233.47024852522958,85.85957921387268,234.27538429719706
319.19012269417664,234.25557962263676,85.13891965070924,234.17658489535148
306.939723709597,234.0669456769471,81.96662191674356,232.95827173204327
310.21499951468434,226.2844485188649,81.5265439393813,232.4011957357077
292.72530216635926,216.9200101333682,84.14241324540646,229.82807055357608
300.49149823755477,209.45995527880373,84.45682286082791,214.16993319239253
302.20985231075895,212.7940040870002,87.69235592535716,206.83655237287465
307.7105997283083,219.8790400427657,91.47320972307088,204.1016611254061
318.56697253279447,225.6638686218227,91.81167261019232,205.6654268188546
325.93029165092764,236.7900738207004,94.77479267470724,202.6896277492242
332.3020008274264,240.29936686071903,91.31482158733466,201.56111735278068
335.71858549752903,244.1459898885617,88.7828607432232,201.25953389475157
347.7467441423325,247.92075200035055,82.51334765283502,205.02806387039266
361.3267058543704,250.29677498924968,77.4654237404779,206.96290754103188
368.9662609682741,257.04355977090233,72.45712650095177,206.00205282147652
375.9899133667901,261.4191623759414,69.75662346173229,204.7119071817109
379.86254139469906,265.5241771196908,67.99000510122693,205.70591822155583
380.4257213927902,270.0361496956229,67.86089852301333,205.24142131187918
381.32942452819776,273.62975166874594,68.1985117834482,218.0802183421956
377.71382041912705,270.06527190314245,68.8118000797147,219.97199525621508
378.3196748969103,264.5519185813581,69.0068294053981,216.47105297400248
372.60734975035757,260.9204866539304,74.22811055787864,215.16580159448296
368.7671142927594,259.82935419196497,80.68507073088739,214.98838634263257
364.2033121504425,260.5177153815765,86.04277755458371,219.621063377472
360.2948680562625,261.08194133613443,89.30510031325628,220.40307289413735
358.04161011329217,259.1328390309102,92.5183422734157,221.59247623505468
355.783815795777,258.94506937221837,94.39989770532097,223.11346232978204
355.1611381363324,258.49592323029566,93.12663730155398,220.97952805112743
357.1371341350764,261.4621472462044,89.96633231578473,221.6136693747787
355.89841292427855,257.62045586630614,89.84062532331788,223.87645887285646
354.348556253006,255.00051118647895,89.67984061898807,225.00636288094836
350.25776016622297,252.16686618410446,88.65305876911657,224.81568169429107
346.35608326198053,248.80643407256,89.10179831978891,226.66368214784876
343.38872143836335,246.83133915677553,88.64101415452332,225.16788809269895
337.4153652404445,246.38751007948696,87.96382518317351,222.2512249582136
332.58242808132536,242.77131487284748,87.10815409125553,223.02664515664878
323.8458751453786,245.49784824820676,85.84145283424272,221.70291190202397
316.28617116665464,242.93404390961865,84.59916645575328,221.6076201885752
308.6303655314731,243.82955791588108,83.28742567533502,220.0191678596441
300.34846770147215,239.5459741761895,82.56728578846193,219.99356190152724
291.940496811753,241.63968130363583,82.68272707961903,220.60900409194713
283.41233417222145,243.618936883007,83.02420860868207,221.417155530861
276.6735415485824,242.67312454151755,83.30574893408522,221.7089266982149
266.48131409293325,241.65856210794902,82.79841917741479,221.46101299113323
257.76554758910817,244.54867396216417,81.93954691162739,222.84631662645293
253.45521044229162,247.70978992780843,80.86271143963549,220.79477561313314
244.28234711503177,246.01639207892808,80.27124326993646,221.4914467991751
238.85373603046443,252.28011623448785,76.94877793907112,219.8875214372743
230.54771745187605,251.10351502088423,75.87850308452911,220.97326780979404
227.47215060533784,255.15025400693455,75.26358453151178,221.4908738220684
217.03347258755963,260.020899798302,74.28321351628699,222.6957492315209
213.4682231462556,258.09427332091366,73.38038720358253,225.14415599489138
203.3904783206978,254.52732321602855,77.6381107414169,228.82944780622418
194.129692290348,240.16077896242817,77.1047511614915,229.5165158056124
195.77198790496766,239.71222568380912,73.08810426818965,228.730638964413
194.76341281626702,240.24641027241344,72.45938042215347,230.05088062704812
186.81093096877845,240.16173007366027,76.96920251556813,233.82467217689822
180.08874157377636,229.21636158502244,78.14905493838481,234.08039938854887
171.4370731229037,229.88494967074075,79.1422722112238,233.05181696711225
168.26758896769155,233.87551741541972,80.49387479899192,234.02984895822303
165.577364457302,228.80495960296548,84.36376473773973,233.42639671203779
172.83527876483996,226.22829489263242,84.52213045860135,231.13227740223516
168.68541364318912,233.00610051740108,87.80379429565298,229.60706166051037
183.61365942623917,229.79956446739982,87.94199267095915,231.65013864332533
189.5312071348718,239.70296528519458,88.62337674588136,230.0566548788296
200.88477925891237,238.56771274842592,91.06430378686275,232.2428093664294
207.01298703260323,242.35125167186874,91.60262700901228,232.14979157813752
222.81781272441077,246.25082034383894,91.44951859414724,232.55005608966587
232.5541500056422,249.90855152561613,89.66953201996557,232.55759177298648
243.31712568562057,255.34723138384754,86.49019931235262,232.01763440027366
250.55925422837436,253.23129452122936,85.16359603543876,234.04638312551
260.7497575638915,252.1977843762798,83.29668848549832,235.6481324193154
267.14663900782364,255.1770688431065,78.51464434763395,235.88164112238078
272.1045620235761,257.2308275096642,72.79710153878536,240.24201929707786
278.9942210779233,257.88500925997107,71.09670188712211,242.76892190974536
281.8205127673492,264.04820435380975,70.94863510983288,241.86550535488055
282.6766788277657,266.9402396238849,71.38998951243727,243.87122973660522
283.57916732925725,262.96076211851255,73.80864532195426,245.57640056766243
284.9721912766621,257.88520442787876,74.47315895058206,244.38608528486748
289.2194280218516,256.0145158141228,75.66917618285925,246.57741368425442
289.43379119954193,253.30532420616953,76.65347472982234,247.87860940016094
291.627460199255,252.55915881020064,79.37044581242756,250.23330591475496
285.5518654350631,252.3303090718848,78.81100301659247,251.86257521560537
282.4632975223932,253.26153518567008,82.34409587318243,254.63427826147233
289.19215016143704,255.33790702088345,81.5936049505634,253.55093156370185
283.4674021357871,254.76033057129024,84.17084758389451,255.15994188476327
290.3198312278196,247.51694160197496,87.3154156693609,254.81865585855007
280.3719231571474,246.69190342531385,87.98436413492396,261.57121023921604
277.6449308129138,240.19911829825332,89.38402753432865,259.9389826417746
272.5765357496023,236.2909308683882,94.4063157078267,265.9775254702549
264.8284146024044,238.74143725528873,94.39102235769121,267.36478173942254
265.62827695443,245.79398760653174,89.00107548567117,273.002967169749
267.9202005590399,251.74327334579044,86.7910686084826,276.0244396365441
270.8921269827446,263.6237825896395,86.2795888079482,277.99706372697096
271.1535751294358,264.9540501281044,85.16074524894093,274.8260306031662
272.6329977046932,262.49953975419476,82.72448310623858,268.53241463223554
278.5815495335356,260.40015878835106,82.06669829621005,266.47934550923543
275.28050699650987,254.531722478142,87.8729459679178,262.72287096168475
279.635556440486,260.746336350451,100.7498832127779,259.69086001394174
287.9484303549931,256.7114146965357,118.87950647751386,267.5754616225535
280.2237000140967,257.17212481201875,128.45079333118161,264.11174402830625
262.4733597376402,241.60338029624273,142.4085661692509,265.01382046220203
282.4813620282479,239.28927491704644,139.07792535756676,261.16504147450087
282.51709845130006,251.03384924600178,135.83323473802486,260.64140795330894
301.780779773954,255.6624289183586,133.26333058881067,254.18368708515783
295.31181212596505,247.81710325350375,131.5977502597887,242.607126500805
306.86920827262577,261.90653810742015,129.4352895094359,242.01126460547215
311.3140776021221,254.8477800992282,125.64003327231836,239.17766978201234
319.9734567354673,253.63526874229305,115.52818418531531,225.5889595857264
328.65344285963505,252.57970612831042,112.12219142916743,228.31788266525416
346.1276373349416,246.19339711451082,102.19681273246061,230.76335225535337
357.92673405407845,239.04898270421242,90.97453482153065,229.84710295095016
361.8925636950617,242.9441304025754,85.48251177003284,239.51298431203668
363.5441382417821,237.88161178237215,84.87607898518587,241.7089444040057
362.4599460901559,235.1934778414768,86.69644082750077,248.3531566217339
361.43572966660207,228.98324748591642,85.24072328398333,244.71538979379218
360.2891340430333,222.1984932613549,83.09049412096465,237.36363359447768
357.3498943196405,219.07286720513656,82.75333636071898,236.20674361707066
355.11464580079235,218.10265031561508,83.93550332029028,239.0518404820511
349.1215671207126,214.66458887394538,82.9834282585748,237.9313813341405
341.3035836702789,216.0854159070081,84.27936830397348,245.27014718989008
325.3826980881363,220.3405056071595,88.18247980028994,242.0663642739622
317.0933468596731,226.8779270729223,92.53461975721636,239.58185337368667
297.310338665435,232.24095194661135,97.56895889959884,242.59152139974609
286.9883582144552,241.6579840269713,103.99386462577706,246.3416247194949
272.6006500470628,241.69742338962803,106.6150451207181,245.87810243949394
257.60087807149375,243.46598275151155,107.2327531343563,244.18613752432063
246.06474653984054,244.21666062680288,104.58675447891267,245.37484525030052
235.60843533804038,244.07635766773942,100.35374699970048,243.44848095358367
225.12562186236391,244.3951352862092,95.42118059167842,237.47785686898783
215.82083021912368,241.7202195015725,94.79388643675264,236.94499800857375
208.98369010878247,239.25242120227347,93.48849136446634,234.63230359154682
202.41385698650623,232.2991171592977,91.23948573401876,234.71676812281083
194.96663463166104,230.13507943103522,90.14583229917793,233.8728465090233
188.14217739866513,225.98189732954762,83.65033758548225,234.8593864932485
186.08157945217584,230.54780895979206,79.37596463080459,239.27681860385337
183.37561168213122,231.34435728637393,76.1328708740188,240.21057741943963
180.64964440135068,231.62285006386034,74.06924147073613,238.30190729415432
181.8220049609438,230.65202160389774,70.9831873437374,232.46823462423578
176.39192373165733,234.9961196054828,71.69948993902908,234.12439897262817
166.86418191249197,239.1003845521086,71.84207074532857,234.83023675515778
166.0779540061254,236.94317416397467,70.79416522993671,233.55176202361315
158.10191129194726,239.48894545975355,70.5884747793867,231.1181784164304
158.9499097706265,241.4449628602867,70.50691873999699,230.16872906458286
153.02423718625084,242.67076975027155,74.80852025640453,230.09333598773816
145.7316247237133,245.66383903435184,81.2171704744484,229.48061050551505
145.48988731882557,252.7489522201336,86.2735822959426,227.09804282535782
146.52841207262284,260.00959797563235,89.84173542506682,223.73196371670412
150.04117505651425,267.1243063299176,92.824754379159,226.56956360969608
150.94959944027892,268.68351149532043,92.71756137334839,229.14463472420294
154.60614423259082,266.66328777864385,92.69274083169337,230.99208899349355
159.9774198811492,262.18146544642855,91.92833894863912,232.99290406808035
161.10522879859172,253.34374241003678,90.05889054734777,233.91236869555144
166.68625002036936,245.1793924612706,87.64379634598001,231.93162035089634
173.79153839666566,244.23389119543359,86.36309019885617,231.63664876147658
176.46226946851885,242.12663180915095,85.59609094577478,233.3774736863856
176.04312664978505,241.5005353901302,85.73997961058618,233.51687355567708
178.25250603657665,232.8469213652445,87.82256361044044,236.69012943747975
177.6125170234534,220.1939736346784,90.36255140231194,237.23271923454945
180.1101706376437,205.84978805933187,88.70934622471256,232.41346099071126
183.1619398950198,200.41677219556976,86.18692343261664,225.71351371432925
184.8318979867414,205.72250623432845,85.96065471011096,225.6202951485306
184.32618914365926,210.11504631190738,86.25332239627522,225.7614234894665
184.6173696954357,211.60528567591302,86.02142515990982,225.75207513254895
183.96464662402923,216.6043110495959,85.98916378319156,227.16253268596444
181.89621120845442,221.45108067015886,83.45086371590364,228.20165946046353
181.97666951533557,223.7239941254911,81.55966145761013,226.96241213964282
183.391716673433,224.4849808923479,79.66120776641527,226.4480069653042
182.70494491540913,226.77219170346126,78.53407989574426,225.59679090948373
182.14625997031487,228.07761619569857,77.52925740312027,226.58536819454037
181.32200164406848,231.42274484422956,75.69388733686304,229.38150005763464
178.49455532701506,231.2176092931992,74.88418036159489,230.07344840578912
175.83438475637786,232.50377655722912,74.49687990130678,231.5957183699168
173.8385391354323,228.05112387093143,73.68577573304165,233.10386798079338
170.71505082150455,225.8889294197478,73.84754728277214,236.00589360191066
165.62145350782987,224.07814978953223,75.30122140230898,239.58015061624803
159.03319889490723,213.5955463711074,77.58155142893551,241.0175254218477
157.22199182932414,206.49492965450824,77.80058421244547,242.31794098395227
156.03356583023452,203.65681755432027,77.7677682418747,241.02144789917196
157.30440399453727,204.95085413246238,78.22603087811297,240.34255443038776
156.75548864305048,198.7407847759224,80.28949878811778,241.4045388465927
153.759296591216,193.93981657212242,82.38014949334922,241.15833072294265
154.40137521199165,187.79679578949361,82.71806256429792,240.45261203429402
155.68882789688627,190.03929971564344,85.45126266325869,240.65199138902565
156.13919015676458,197.1640043779346,86.62848003803335,244.04253567772457
157.70384156480054,204.38411931403382,89.97903562039892,245.58686391099485
155.1121713524242,209.61658740923386,91.19582331077659,248.93723533778228
155.96835562485495,214.42441474829573,92.20782000029007,251.1703965776273
156.00650762321902,216.49742892662942,93.05784656996818,250.66017144361615
155.93327027437414,218.60838415521727,93.6604369903142,249.61044116222175
158.53225050048482,224.9894079033047,93.49897556153037,248.93567393948436
158.24944811807407,227.50069236014278,94.7482351115081,250.8244819789332
156.93173158022438,224.38224173888048,93.15924191767621,250.27592179567654
158.30356080411053,228.20864530232384,90.92681393865396,252.5945502156648
154.86054388866268,228.70413524802902,89.68491808204965,254.22136817581696
154.49996992520232,233.64762350730928,90.59698397772033,257.12772661819395
154.45616956400266,225.58779816839848,90.85108860636964,257.8560809092968
156.02291793465875,222.41644935929043,88.453309638495,256.4290031368879
156.50426465113992,221.32179191315453,85.82142675240769,255.8741774041597
156.11350997461454,218.50330607382688,85.01193268748969,256.96763101640875
152.0194595564531,213.3035964708933,84.47102961756252,256.54325871836966
150.15882237252225,205.03369331532252,82.35453543073677,255.57000350607368
151.1680893440068,199.7164737691598,82.2993193588614,256.41672287183667
149.6090079862731,192.54339040304706,83.13910072667257,257.96100972124964
147.61507506664026,177.46307836201044,83.17896851906325,257.9568388814479
147.7486697912517,173.48119768611764,83.39908375734036,257.768378553546
149.43496191655208,171.46213153152934,84.45612597158336,259.6607589095976
148.63441932227676,170.68407037602086,86.283773660134,261.43990368155204
148.16685755668925,175.20855947926862,89.53408273818397,262.99279315083777
149.2259348328459,183.07093616400013,91.8133891233707,263.74997337512474
149.56356881246265,188.58278890141423,93.42108014851222,265.1839705370153
150.09543599098208,190.5643362771131,95.74809286178584,265.5040789106175
149.70199451090497,192.89326708967263,98.87506371256505,266.374171387061
146.9264874223872,199.67559884080714,102.04198365131933,268.01580671291697
146.42499165507954,204.99634695126204,102.16863241249717,267.3748598084134
141.99955943525032,208.8770759025054,100.51095193028058,263.6770005387392
141.65749517571453,212.10821981296942,95.95411365247722,261.6473909404674
138.8910212058175,212.74935995867682,93.37164411180248,259.59466387170886
136.70474940962868,212.2835216763938,92.63993965730513,260.00784678393114
134.5393647546769,211.41044703001552,91.21399510002118,259.79617136965646
128.95250312303344,207.57349578153577,90.41634385158939,260.7865411517722
126.37032360646892,203.3207419686463,89.91841040424967,261.2988236798949
125.94447538270578,203.60357289062526,88.10055118771345,261.48236837890573
125.55991022511009,205.52023219073251,86.45683970602984,261.20953561853497
122.56264275128811,206.05638880365635,85.22401869664253,260.81416331065606
122.81985287133597,209.5035731303374,82.10382453076556,260.22545871979395
121.56695526732801,208.19683961718152,81.34289610596899,259.77880611719945
121.03585982337397,204.9883543357518,80.11034822434581,260.2944094925589
120.48310159756755,201.9486527399676,78.77403117986489,258.8058195200648
125.02233853034068,197.6345033518936,74.63201971666238,256.2357540384003
128.10591977232932,207.8913111248154,72.57752813112262,257.3231516761505
129.2597975679252,208.17023231169276,73.36651326258706,261.83867356020824
130.3391668399568,208.33669591327333,73.59296758961769,263.1055998726721
131.91146927203707,210.52856465073273,74.14349211998835,261.3610225540033
132.16148795852098,212.87654644899877,76.72798843842682,259.30074010981497
133.6855780979827,211.74928509260965,82.14013530794085,258.4600479788432
132.97513968052073,214.96198547031156,87.48416888114602,258.65665650078313
132.98251058438927,217.28702660080805,90.44885822575267,258.64610060697765
134.51533033334726,219.7656102887638,92.18003269268048,259.2397755162224
135.18705536596906,218.53664940568703,97.25259825243685,260.07941114956344
132.69471990703755,220.89867886002875,99.02041126014367,259.4563043893175
131.55069600203097,220.2829946755932,100.10661580843805,258.9760638714699
130.14867620070265,222.91789313222637,100.27027455171967,259.58938463398476
127.70109320110983,223.51088111599626,100.1347398673116,259.65395798285124
130.6404518938931,223.20211293936063,98.69791701299508,259.58967060565374
129.07016194703849,225.7742110268044,98.58257649654803,259.80039386435993
131.88739332859248,224.92085000297152,96.84203463187755,260.2893424745257
133.33437505828505,226.6081673863727,95.09583728577363,260.8172955983483
136.33202689943056,227.2094276143895,93.26679336910765,261.4782394977835
137.60685531129673,228.2785828514775,91.87576691646905,260.5713743361075
140.1790550725543,231.9548344886174,92.34983663223517,262.19610494854646
141.06223473719507,227.70217153036913,92.09721021310983,261.69831807207424
142.38570899278938,229.40663311103185,91.96301804957753,261.18008094590505
144.18554669832264,231.4404704930736,91.76318394710474,260.9643959279153
147.22087091089568,230.42357784371825,91.0497742914899,261.2729615000635
150.81417898317036,230.04581601284696,91.16174213131552,261.3262146539936
152.12178669812783,232.0740795859919,90.02961996311934,259.50583252723493
154.30820371828833,232.81112059809772,89.75114627436082,259.58271485849207
154.92531085272162,232.7446364513394,87.78133630236925,258.75517289810244
157.71956978269725,232.66303954021942,86.80146102054299,258.1734936734674
159.31222634621227,232.64126834415686,85.90984906538796,257.4312084288738
160.88921775702133,235.92859143325703,85.57831497423861,257.1310373483297
161.84754301139156,239.13309225489232,85.7232489381544,257.6921284784966
164.63919603353904,239.80730266387224,86.29716945635943,258.9785953558493
166.9778265287781,240.51786323045718,86.40829957916255,259.25821885158564
168.49924202534427,241.16792797382374,86.91722639853019,259.3106894625088
168.41893204557255,239.50628053521706,86.12807829166738,257.0640990858159
168.84837487594908,238.53368124163308,83.0942048379456,254.20100909876513
171.73932119299627,238.53017120130403,81.62493427416373,252.52229919895447
175.45361936509698,239.94617756132368,81.498767129181,252.9594515179776
177.12823574358234,235.74589786415174,79.63390937221033,251.6857555412278
182.03029845300895,235.06532374521828,78.7145495783571,251.58914010721966
185.9447490246476,236.21856274898917,78.0044838842986,252.2608115137404
189.26383401087153,236.87472067076334,77.06254193919445,250.46912555300457
194.14211299471637,235.12147619025987,77.13417000666101,251.14523121323026
198.5417535298845,238.40725140269188,76.79423952226227,249.9777945578975
202.9841549443082,237.3090660438556,76.51374577544613,249.36959984588253
205.69350557572147,236.69049321461716,76.10676326261955,248.37450673482817
209.69880668852574,235.3447461147787,76.51889052919856,248.07314204778635
211.23545287088507,233.463530352802,75.95676759807361,247.29455794673976
212.15875624845285,232.22427422844117,75.70671846012556,246.3995350392114
212.2340488544594,231.14699943624507,76.18107221295625,245.97876724079111
212.99267192644163,230.69422171400868,75.98584755336671,245.2346644821389
212.44466309676795,230.2470450171474,76.43409909943281,243.58531670398645
212.97429848950878,226.50152743787285,75.70569989598246,241.16216729222305
210.26537064679607,225.9287569619966,74.76778165562659,238.97640941585055
210.622556055679,226.67528259049516,74.8830006816107,239.78597046354096
208.36391195410454,228.56426446210594,75.0663655449159,239.34302869297562
206.56801111999934,227.1488127797724,75.13839182250132,237.17698381545517
202.52567361481073,227.96328272343231,75.28910687194106,234.73755808829162
198.00053958350213,229.82437732754,74.59096184862074,232.44389671210752
194.91310807672008,231.7973273249579,74.94935757702858,232.2570299203967
190.5607089967565,232.81809282597857,74.73484421351826,232.0063314378866
186.4523540787609,231.07212333465827,75.118668307322,232.51493301818343
183.2843009793675,231.93166708221185,75.06537020923376,232.75666095276384
179.526143840366,233.01751524425657,75.67152823723674,233.07611453101813
173.8750747859076,232.7902021648767,76.61673275240355,231.6569613929029
167.1409498949692,233.01972588040232,78.64015831553036,229.95786269232036
161.20966963294075,231.93736393072305,82.08121005052477,229.71444450183515
151.97948554970125,226.17048905981218,84.30787460372248,228.59792568896938
146.14594513636484,233.39263791445836,86.60691343820781,228.19861088983325
139.16183535126723,233.70910316739742,89.15069453184054,228.5594547980177
135.2989364675173,234.81790218583666,89.26174620559037,227.83209113613918
130.45179554350017,234.01880333520586,87.04050070987469,225.67027907177575
123.2938348272648,234.59367197680382,87.5523449939079,226.90823710107983
118.69179204736142,237.0749296210091,87.62453358105843,225.81089515251307
115.59399021869831,238.94972130452118,87.6401445626034,225.58621412923887
110.70600247352374,240.195319903111,88.44816350998377,225.9857029672155
106.89819620019821,241.21330758611876,88.06225017772859,225.14833599963748
102.24141586280183,240.804540605718,86.52852081345884,225.21519857372027
99.44546458514543,240.5355566614636,85.43121438439664,224.51134517316652
96.31956384547368,239.30656077054974,83.07156566842764,223.56351420108803
94.97228983173872,238.84005868582986,80.4612430904288,221.63952374162153
94.42039187687699,237.7915322944785,78.72489007437102,221.39911314541806
93.48253959240057,237.2289716461868,77.83026993629261,221.0939365904389
92.63483477535522,235.5950874077243,76.91734216803955,220.49286961814516
91.75947870035213,234.53778607431295,76.64876720867073,219.93559728496786
90.76480773100567,234.52561397791564,76.12944215517616,219.49125251291872
89.80445145114837,235.31401128744662,75.72727873832827,219.89114246416926
88.49908470203894,235.77585271652575,74.80755569357837,218.9358433950735
90.12513585360799,239.30727897031935,75.07010182794028,218.43359879764256
88.01387294557978,234.2670412003282,74.62105781977793,217.46848107590608
90.13628216567638,241.13685283650037,74.58632238739725,214.76108436606177
93.16357288725354,244.5161836265448,74.26397971377416,213.8826718094104
94.25823467199201,245.3156408404371,73.82178749195347,213.30762212771953
96.03937913983347,244.68996088450854,73.71054836095807,213.12020030129543
99.72196751936767,245.87712068614928,73.03232228548343,211.66140804176393
101.59552069745597,243.04556702862374,71.55261094883807,209.4842443607213
103.20685139008887,245.60314609955674,71.00920981747852,207.97174735166774
105.49986534831442,241.32281120917023,70.16433180337118,206.2260206480658
105.97772476382664,241.00364896509822,69.64220672234673,205.15786320261606
107.16342739943184,240.21383096103966,69.37987127535507,205.27173993338943
109.80275829979674,242.42347838964872,68.36964209181278,204.7180456621088
109.53632910176083,241.30821966383104,67.63675341757211,204.45613147311914
107.815371877222,241.15454650117456,67.07988856977474,203.78563356015087
105.62135072239914,240.21597167689356,66.70132931692045,203.50384766183788
103.44277232134613,240.51102902034808,66.663344517464,203.65177008430388
100.98928763608602,239.4013369882114,66.41485734501546,203.37060483217095
97.34901899135347,239.7239250571734,67.1749478571368,202.87642967080944
94.44540348195281,237.92144907177766,69.2827770204694,201.8485081064447
91.99714968531296,240.5800086768119,71.22414545359283,201.92927707996995
89.52788793947816,240.13077511266394,73.73530078119992,201.27134772389087
86.99993007089205,234.4500139807131,75.89705147930967,199.13000133544878
81.93024480884765,233.9964990578726,77.27751087058596,198.14683342722358
80.69411361905017,227.2936915597869,78.98011992986842,199.61763397026996
82.27784080238517,224.40334441266012,78.81046829757341,199.37299867467976
84.52828648166482,230.58863040725652,78.9454411968266,199.94041496673697
84.32922119885328,231.95014068504938,80.40698728979345,200.40648132521375
82.62725069709525,232.40773399782105,79.51435846909075,198.3760603246704
84.27999509159791,230.7084963812137,76.42072270742918,195.2965082141351
87.5576068339432,234.15937511837183,75.05867549226984,193.4225217359126
87.8966568639092,240.80907468804116,76.5289518971816,193.2734521864177
89.50061653747694,241.96123581947535,77.15458967895236,194.56703031417427
92.32425097707139,244.08760558059672,77.90392724507596,197.26332643646282
95.58666186394446,247.89960887056063,78.68574609632984,199.69577737606625
98.51328335168385,252.67402685118907,77.8306110310073,200.16488575074686
101.42015979212242,253.745596255101,74.93543725169266,200.15303356401677
102.43225996544574,253.36501220014418,71.19633211988977,201.69093507236792
105.60563007506259,250.41264350586633,66.66874473268732,202.2474058593611
109.67248723908372,250.4438716776567,61.76440052183257,202.70936357828037
112.03690905736588,248.26062139905275,58.8324929204245,201.02105456517577
116.56239370359711,256.94800375199554,56.291106147493295,203.23131183194639
119.5755446265087,260.0270533511616,53.76871055167008,206.96041966486422
121.3330973012465,256.6459456381609,51.918949440475764,201.91422444633434
120.73964917626881,259.20182064720973,50.87980198925926,202.2283472309711
120.07474806435246,260.17790903627446,51.656808802935686,198.40962382198236
116.12759147234928,256.3925291274794,55.664769447879564,197.95282626652556
112.52158355959975,251.54743732215587,61.22642516595677,200.24011681076635
108.11140147383495,243.3686311901194,65.00632302889262,200.88547931897992
109.29280319127083,238.37264755270763,66.32888336355208,201.2758840938035
112.18589776887339,236.4049235091998,67.49380504819072,199.91891274722542
109.78091116215194,236.92696628549174,69.03833636710237,201.38868217511026
103.89621894710159,232.38250997066893,75.04435409798432,200.33043904303713
93.71301191680729,231.99909195762464,76.40991366638542,196.55790739334446
87.57591940070063,230.76771366100164,77.17982623766125,195.73971916237173
86.4799354653199,230.76999508339276,76.5911544599852,196.32603766524576
80.00857718635572,221.84631633231436,82.93182023666355,203.82689858537128
79.18674319501568,214.97777754026814,82.36711419590615,203.61335361086998
79.81405059205089,212.18184695938072,78.84022156980447,191.30592278045728
69.52051116795141,217.8261128863224,79.76970764456593,194.28606768438647
68.59759137951676,220.74281973707824,86.02021030737274,196.90175066256228
70.76581937236344,224.75170383140286,80.29825627480439,186.72547417313177
66.0931800131527,230.10226844185803,82.43656477838209,188.64958909284644
58.3870377171746,232.77986393610192,85.2228728078383,194.5301769129524
63.78902160439881,235.11993739916826,80.04286743573363,200.19561104150722
73.21647125065806,231.05173740479955,72.36161316274637,193.05735282711967
68.35921110096209,235.42428256241143,69.88948795432583,194.02564141814588
65.19745208812276,235.77426160350277,67.28386779641073,195.67864964455697
64.6080269944074,236.94442883317316,66.3365583158727,195.16680639615365
58.55928094762242,238.07656601689845,66.38662609303641,195.03601591542184
61.585324618166055,240.81234323374247,64.37964373241789,196.70960308329632
64.34165220337694,246.4657364130978,63.70848026121487,199.12229914646065
58.80346677943932,252.0323431861361,66.70751956612136,195.5778917527278
63.06466299469769,247.19085822293212,66.28534686216712,189.81039170843263
53.70688812204232,254.7740940154267,67.08964172466536,187.70025557266223
51.322635824997704,243.0676720280168,69.71132625039522,180.70892474279452
48.71237509225961,243.1332424875726,72.1972285752464,178.56713318891732
49.48046079686873,239.35921370557008,73.61509769337192,182.26335359471923
53.95363469636802,244.8657000448435,76.69682606624833,186.6978906817974
60.17375510611177,246.36033640659085,73.53331864519834,190.36798075127143
61.02039555571076,231.01920768340977,79.62910024600035,197.2708497698992
64.07160293361417,236.78478642470813,80.22834564644353,199.45435293183374
67.34799660999525,227.93867036297652,85.78908368430636,204.4673248013907
70.76635098496885,227.74652575090911,88.42289495389042,202.30803492396302
77.91477521289873,233.59382736274353,86.96277745506191,200.16561675888798
85.70461165525711,236.05055578979815,91.15672517581392,207.25417406493494
89.46416868621546,236.4980627970749,87.79428835999096,213.96816883944393
96.2488111770086,248.19335073671547,85.02370943309218,214.57045184688155
94.92092545664629,240.7870272877771,77.39633878397305,200.47892394007079
95.6256387954459,237.96169332836308,73.78635058293635,203.55720416358633
99.2068431724681,238.28170656584416,69.1677040359232,208.02691889956168
96.83500206183854,233.06326903842012,70.52942824936981,209.53758545831602
99.77125820168071,239.80030835543735,71.65215522749796,214.88491795709405
102.5601187035229,239.52696031272322,76.39523500506358,226.1130105268973
104.23626070499708,246.05974322345455,75.37504328727147,234.68965661949716
103.38767254093736,244.00456223975556,76.36439490835967,239.5129092118951
103.71300957713132,241.04917717777624,74.1316285508155,242.88870619132254
104.5346452033571,238.3939309288071,73.99763464211392,243.76578804472956
100.30582595167748,234.03233194098596,75.64582490328567,245.7836027195906
99.09802156829848,231.48908148213243,75.99148738098117,244.30839709432888
98.15192105713933,229.9800966537261,78.2305511962682,246.3455928253603
97.77632201324693,227.7066731663602,77.65405153014679,244.3749227102484
98.26628428004524,229.47241455905188,73.55864848092514,241.87719236627123
96.52574780892687,224.63031212639703,73.43529027081814,240.2036091456434
94.18796768774078,222.76399135380873,71.97663420459656,235.00357246816378
94.69412133771155,222.61794302789488,69.52133374059252,237.2290187293665
89.32465609294252,220.91299717628902,67.13502008950559,236.2767278153907
83.58885967591215,221.89393661348004,68.01878333372258,234.62203888241493
77.44644375236548,222.66423688567622,67.56240424331591,232.45997837708506
67.73951238435647,221.86010908716344,68.61945545589643,233.3969693256731
58.08561047828518,230.14938838600582,75.58033543991401,233.59624275923835
49.123044550816644,235.8348257386691,80.08768165031984,237.89248231172428
51.76744347086415,244.70443113556152,81.54845656413107,237.23237308043946
50.85899435272639,250.99012815479304,79.13342120665659,235.78207279197642
52.209349660163866,252.20997094544353,79.42068666600039,231.0408125036442
42.18760199732361,255.94942667192825,81.71265611277465,234.3694572030185
40.87330111713625,257.7389837510401,83.54883843955562,239.71008181432597
40.78077527832659,261.58854959982125,85.0455966601437,238.08907511676375
43.05581310772301,263.7849258329358,87.9283212943196,236.03976747475335
40.87636112779586,261.75860789243563,91.6846861916739,239.74450296512873
40.7237849912279,255.04414637416323,93.43667684371607,244.0764411383923
44.35056435659374,251.0126636619056,94.42512250751564,244.16253888712632
50.51157182852695,252.00638416006046,93.40535365739923,243.07457298847282
59.31504848298616,252.98118473157407,90.94476265316831,241.86563346653935
66.07222301188837,254.87036842991085,88.71752297036389,241.23997603080332
67.88234005306288,252.59846565260264,89.44256476692112,245.51675277682597
72.81293655379008,249.10168917143463,89.19739959749796,247.3944610125995
76.18128499835575,244.4762607623856,89.25086384117914,250.05992964710376
81.42910627828935,240.81115413645327,89.52676669146817,250.77564094584346
86.84815267284341,236.90076310301652,89.97981159767254,251.93370328615444
92.34980128429747,234.5001389810123,92.35853341773318,253.73452428406915
100.15443027761344,231.12026299689182,91.93067191547624,252.40473767809132
105.05829756465413,230.64112615818507,95.51221956795737,254.97726916800485
110.64871822191361,230.38658751456882,95.62007454250089,255.29921266617487
113.3318585909354,229.2529801755789,95.56714829664483,255.64693271524845
119.23622706164332,232.22865786695186,95.25603098413524,255.51747674656502
119.58930314351306,232.9555373850058,99.93281339070825,255.49560247608213
122.57930360243961,236.32723171263046,102.61211423066766,255.4234784692703
125.93274871829844,239.09783301187957,104.87842956535624,259.17530565592836
123.86884477346801,236.47357082937128,104.77277798236085,261.43957709125743
124.07647680509776,239.35569069340227,105.34133960269511,263.4058671483517
127.25069412120627,235.8719689565154,105.7084811423531,263.795063551813
126.93329501823646,236.92289397616682,103.83906792251145,262.34403138360386
129.3618802836508,241.95095755392884,106.79836467683904,261.81164690386106
133.8350878210071,242.20462648305624,108.97194471931388,263.1530028932625
135.06633893121398,239.74702110198936,108.92106359265016,264.33524246399
139.05124035545012,242.07059734465815,107.27621191605289,266.6899820684962
145.39782308203772,244.2028556624752,107.65512898240895,267.1339615266121
145.07432914122543,240.8713275351886,105.69121598512726,267.8925378007165
149.4296846513459,241.65776220992768,105.55466267973011,268.23745409576964
150.72837396620224,241.56977607971942,105.89368541720492,268.7025498913424
154.577667713142,241.88338287325752,104.53591823582536,269.0591009527037
156.34617871017952,242.29579639023387,103.07689917143783,269.05489159453225
158.37845210637357,240.26900716425882,102.33596077748724,270.39826496835735
157.26857878637992,240.42250064104167,101.43955751513076,271.14755242885417
159.79436305369228,240.26598372323136,102.43913644144357,273.7555081394748
158.3988049034587,234.50865877932978,101.19607305441073,272.87159845696544
157.95869297466615,234.488995211658,100.25708304480831,273.3761355532465
160.8620648641383,235.5389482216089,100.02321524242652,272.2516934005322
158.68729025794715,233.39967912674422,100.18801103684005,272.4632760238553
158.36825331778925,230.51964768162455,99.68637544449962,271.89399321096965
162.02779431564875,229.06787272492681,98.8085776284681,269.91308267514637
161.6950271377051,228.7698885917011,99.52983708201165,271.01277408612907
161.00078040074317,227.5159865134786,100.43664110281055,272.6870211136678
161.31914672367515,226.78903464714728,101.29441529288411,275.5289253346117
162.60524073842845,225.28438127167092,102.63567941181495,277.8552486871269
164.56756106738905,224.05400946849943,101.18076531639379,279.12000840675114
166.5193106253838,226.88156439450447,100.27250545821678,279.1850523633348
169.0810974157065,229.27965923603458,101.09583129163391,279.1041947115246
162.47439390640648,231.09672801265003,104.09830081023392,279.19375100594993
164.63733527447732,228.56553488742637,104.18959336706101,279.245089893116
165.15008272517247,229.57514740282076,102.77567073129569,280.379368280296
160.67544195445942,233.1463707379421,104.26596789772182,283.58610373895954
159.29599036517743,225.88565684756387,105.15774461144201,286.681994410341
164.038679416246,232.66911092990568,105.4683259819611,287.59537189018863
156.59251868918628,230.60468191255507,105.93193649858055,289.4161854912961
160.09558760622713,226.15127455278855,106.28206087153012,292.30688692957915
158.50711374880225,226.09285252620754,105.75600565669237,291.0375005139912
161.25917114773287,229.5728282563234,106.24450560492488,292.0870095029782
161.13780416593198,227.78551727169105,105.79619952946416,293.54523742927415
162.34321969068662,228.0952001595653,106.26042951511116,294.0066211652444
161.99051526498621,229.12636474080713,106.14967625713695,294.32393067463573
162.54626938107245,232.5420088034431,106.77876861090199,297.18032565483253
164.58310956743045,231.55212536634835,107.60700474209223,299.4335910641783
167.14729579330674,231.63874690513853,108.19841988799593,297.4737879280042
167.65697972485884,231.3110153827877,108.34134450536047,297.44822069926835
168.83765841429408,230.9908340213765,108.37866876711493,298.3859467033408
169.47122358036538,229.4994763047459,109.09383823965989,298.7311499295707
170.63554239512683,227.24436483905265,108.68774699685572,299.08213213830095
172.61108415746338,228.70151427398542,107.99478114796389,300.7803820965604
175.1104200447122,226.61543365284217,109.56007421721617,305.70236023337816
173.13722864152382,229.46225739933914,110.49919383999924,307.9503631310092
176.45518939035009,229.698288339655,111.2615877720342,310.7717582816275
175.23565447461198,228.21709731901578,114.13681483007295,312.2298068268122
176.71430852952943,227.13879626639223,114.93823474758176,313.2407790492468
177.26052949440628,226.41389853551865,116.84109311079683,318.1209333977127
173.71873468523165,226.1804667030013,118.0216675924273,322.0343302658724
172.06385650670057,221.50865542045096,119.29504699636445,326.3648913075356
171.6072130379199,225.63684061818674,119.3623866683008,327.8834842909703
167.51807193294007,221.542116613543,120.42805901497923,330.0333815190078
165.27221117463233,219.01832361426676,120.71104029721974,331.2692609745915
162.6939030264069,218.47591769228615,120.56919467960807,331.5578081701152
156.20825436315363,222.42113892893303,122.7802380998646,332.46692624369643
159.09874661593986,213.11480663653126,122.89598210991716,332.7156992269375
158.44838356597052,209.46075599464646,122.67943526063712,331.9836393778946
157.29516200926977,210.7640904275074,122.67203560060108,332.0808279340477
158.54812842137,210.51014899306142,122.80764330374436,332.56112291231466
163.85777932850863,216.7386693037896,120.34678875509212,329.63600367757704
168.29582675292522,223.1392502061687,119.2927153906339,327.96203913844386
171.40460106216042,226.68393628293842,118.42245681122604,327.65825048099816
174.41834248700795,229.28333988761608,117.06092855137473,326.6329662208616
181.69452125167805,237.3360825382968,116.7050431900033,326.51295455231264
181.90565292667657,239.7987451658154,117.46490874625626,328.2408885746192
185.05542057981225,238.93937217845192,118.78518545170364,329.3635041782524
188.8834694751638,231.89641552641737,119.84191725084432,329.27943457216526
187.93260253106098,229.59635620038316,122.0437610023312,328.75681152501494
194.56064672527427,226.20518466828628,122.44984302406084,328.66030937436494
196.09752802677352,217.97724200752603,120.47288217887484,324.7576131529167
199.68154848971798,212.53302239336892,119.6603100029859,322.8328199593559
198.18294906534362,203.38716690569788,118.80588531657838,320.49861540735424
198.4392647285557,198.18474063541288,118.5817061385917,319.88076286979924
193.6268222274316,193.91958778969277,118.67247248849615,319.20196211592696
194.85460474533429,190.28580024666599,119.05839915190955,317.16216415510553
194.0488555660375,180.63873056766366,118.09165044019065,315.4649705052977
193.7501162951594,178.99862651097038,115.55204402100935,313.46392861868424
196.04173367997507,180.8867615651261,113.12762272794049,311.11606427209153
193.9629649901067,181.5903495502098,113.22101215845845,311.60439611442416
198.04794634272673,189.4966030916718,112.81343958993713,310.5645330744689
199.4160509446122,194.35604008383598,113.60750382366618,311.86531241045304
198.7091479992933,206.5781843376211,113.43470082758529,309.55231052397653
201.04393408398425,217.6418992519383,113.38286547460964,308.9297024726859
194.3075613838181,227.7308752611739,114.38216116791065,306.81663082530844
190.60561170933465,234.25224649041004,115.12199801687757,305.4632804566799
189.12724105774916,229.0853982325886,114.33935943723606,304.68326847622905
184.00659675594244,228.0438585279914,113.89253768928701,303.40196800261094
176.54165403771594,225.12085729243898,112.71060671948999,302.5140837549658
176.0017148872409,225.55855314163222,112.77760660247137,302.2364703768918
169.2047214192914,221.20116626764602,112.84339529618288,301.20399070689547
165.51990735497824,213.0456452844419,111.24958348340289,298.9098080639287
160.33573101846446,211.9558426112102,111.96626379314924,299.2382781564859
160.9549302793858,203.86304372926264,111.27425199005651,297.58488666256846
153.99228426862555,197.57261890405968,110.2546587576708,294.6994277192244
154.25839142989008,197.31901915969794,106.92624082186047,293.13619263763536
156.21566147683825,198.86046646418995,106.50486479046413,291.6444235169326
162.34062234000407,198.35865188624268,106.53674238053875,292.1759457392334
162.34896991343226,191.51851342211225,104.97591881571358,289.62001661280675
160.1684086470336,189.7866743620455,106.28760287194841,291.3441927798153
162.83810460521673,190.18184627368507,107.30050587745717,289.5913245424736
163.21775435450806,194.7571319524209,110.127265949187,290.24129029437694
160.19261386352423,200.86916096048705,111.12853570068594,288.8712972196509
151.84122055853007,202.50301932955475,117.61757719348674,287.69971085260926
144.051580486629,207.12860300936504,123.53810489588264,286.7083701531449
138.46108506397002,208.35639968999106,129.7582192763568,286.4972225926741
135.51326579394956,210.9016318535315,134.467639554679,286.7571000624682
143.9734557402296,214.32955880997403,137.42512831446268,285.0266123605207
148.90957798350576,216.04518915743745,133.74288626931659,284.83363291559385
157.61349707871545,219.10668466861725,128.20101487577222,284.53290751823425
156.35652466608724,222.99084663716525,128.30785520884115,283.53203963582575
168.3498419053533,222.18101175300643,121.79399905062155,283.42081340804964
172.86920803361605,221.01120139163476,118.93269599331477,283.1345796386055
152.0097210843133,222.0117421053573,133.30322018488903,282.7612447931916
149.39686686581626,219.71654316153115,141.6264628015706,284.31538779803145
155.69110458082528,216.17700829810505,138.64260162936506,286.9503046928524
160.58680224779053,216.67352268428908,132.14740990871582,287.64526420173434
169.36679063540385,214.37998146387793,126.18038967645796,286.39091597849415
175.87635095298654,203.58166282981196,122.88960156082378,287.8215376216261
174.29521088558886,191.67558217978774,122.58258237921291,288.5492262654245
179.26397441571302,188.16091304527976,121.4200797330271,286.167065511003
179.9306575476854,187.61518100201653,121.38700643783233,282.5680388748732
188.51915055733053,189.93440531067807,120.96764981307328,283.49508098020635
192.8282765928996,184.65433657750742,120.02285965599762,287.5149962785789
188.99066440674284,196.04224090930546,124.85286918456123,286.3617462087328
192.21753596059705,189.83340190993687,125.44142344013406,289.286504285595
188.80173485173148,193.78759158554067,128.60224929067766,288.7311522781374
183.7162381290846,196.24955777571407,134.64921929847145,291.0629572024781
176.91343114960728,200.1167173574393,141.2479973199261,292.3340091327776
173.54276685373844,206.58441975320727,146.088263899945,289.98057455608546
167.9029157411922,213.84872691086002,147.63316387894372,288.15069070952995
167.11964661571392,217.49449831380193,150.16997800880654,286.32399165364615
163.49519185436333,215.9061118230319,151.27337971900775,288.6050126820612
161.10434594368553,218.1816377608619,150.4148737864571,288.3585262360887
161.50661672984586,221.89587349026596,148.94797869851138,286.54559432806184
164.33380229417185,220.5957726754239,144.7355021011094,288.4179517194647
166.65722562618035,218.79667346767332,141.24832340584243,290.20389427559087
167.7911795440352,219.99415985327997,138.88221000372647,288.2573467973463
172.59952466660886,216.06785268265398,132.29676975857916,289.40189229094204
179.52181560823067,220.12259863392592,129.00260291439804,287.58524706808566
176.6649123316987,225.69601582685124,129.36075761199325,284.67547322911
177.69745872117755,218.37427712548873,129.69562821194177,288.30369184277254
175.29174398229006,219.03916117154537,129.9242329826855,289.23637492253425
179.88306174786936,218.67986648481696,129.90700272496443,289.0194174209911
179.45260458718235,220.10801248048878,130.13296831586968,289.83414593745994
179.04006636279303,222.78940399398408,130.7962405654296,291.6850469925006
178.926791279015,225.25396852851327,130.4760988384544,293.28051509141096
176.85825201208996,229.4186998523296,131.38228137621067,294.2877223656533
178.7220922933816,227.4226265344545,128.74078245425247,296.5308455639035
172.15478956658717,225.37840533498093,132.04671359143506,298.05068444722565
165.4427300117843,225.43296799145014,137.669135923697,299.8565981967872
154.56470790802786,222.9875017387294,146.2110077679287,300.16958880769744
140.52374016649065,218.44490574602597,157.94839979397182,302.44942190638557
134.90495646893635,215.1928531110985,161.6189505875179,304.9725701449905
129.25215434285585,212.3763870525137,164.86828042561643,307.1970549965351
130.2117079273662,210.68124606908492,164.21711759253324,308.18902153370516
120.46806486820026,207.97467607292486,167.4723480468026,309.8978768580565
123.59659790277368,208.9036891142908,163.505382075312,311.1105294862621
125.29399222834846,210.9613214742099,160.92724381478746,312.59023546954893
126.39207359115532,209.88629829796474,155.88513382354873,312.0252549665705
133.36044771277352,208.9170040546949,148.31172786546855,311.88211737889145
133.91279562108568,209.96336064604273,142.15448077931302,309.5861571258833
131.0318242788744,211.1133680190046,141.92313733092303,310.0703831026158
125.72418213701997,208.75606042365683,143.8225402669757,309.2998298362801
121.51597125982573,208.8423791378211,146.3369234471454,310.6099194587328
118.59168582642991,208.097064823721,148.85285271237456,311.7796252353705
119.04960859458959,206.13738169019794,149.91790317214895,311.44563456882287
113.75967948895428,203.5650300837497,154.89113296545082,312.16516688328187
117.8664657182903,203.22509099363208,153.59064644427878,313.3584727978921
110.05566554013005,202.93475896708054,155.73611154669302,314.4786265970889
107.5960790411272,201.46318252494976,158.73261608766748,315.860378114163
108.70196237330781,199.36903898109034,160.82602520455626,318.0911456706318
107.86786968576294,200.38065309496264,161.994698860896,318.0718236928872
103.13934849614265,201.5887703056007,167.01283743154283,319.1691390762986
95.98408792290581,202.6004619546947,171.86040691786025,319.9610633952981
92.1852912103332,202.8744614461096,177.57170883909922,321.19425337731207
92.39277914377898,203.8334399039759,177.2504219370514,320.6881616959545
89.37128571803065,205.09102762453915,182.40925351511058,319.6922123290467
87.71049922455066,204.36473711494406,186.1282264044143,320.9627865122994
86.26697443004036,204.25423190114705,186.9622974778099,321.31288629536215
85.12885581311673,209.0228492526032,187.58332230931342,320.28614963932483
95.43824457008212,207.9535628086432,183.75165417038264,319.97672448036985
98.38260021294758,211.0220577880968,181.07796974012047,320.2067389159939
101.30128634140578,207.3975969079816,177.7515227761728,321.18863186763053
102.60772328243402,209.41526672589572,174.55838766364758,319.6810021927398
98.96019154357293,209.71414161482176,178.172359832776,318.58984421176274
105.16838327698744,209.79133148439502,175.821406053447,320.71201476558497
100.55266593649128,205.66631862937416,177.99400284381431,322.45831733109543
100.75438693237925,212.02341150950778,176.78691094969463,319.60893869973444
100.83686747705542,208.34554290938726,178.44677896190478,319.6115875210692
100.97125265440442,211.32563281086155,177.39596515017553,317.8317666048394
101.56010598695127,216.04652104851422,175.07171307492558,315.25107411390906
101.34501763518861,217.66649110902387,175.1127296222009,315.9983776452335
101.83215635013423,215.00838541216734,170.66292728996592,319.8159928475403
102.33668748000929,213.7740055116892,170.3278152255283,320.2524650508403
92.1566845777027,210.61779124961117,175.08528196764146,321.52454933671515
94.13606232683429,211.82290683684408,174.91455137172204,321.0178215802181
85.67677877112371,209.6201109719696,179.0806770768932,320.5855837201233
83.93311159105042,209.91906418595343,180.0241881948523,321.31348295621814
86.72839432134953,212.867922842006,177.22067107409782,321.9769228706755
84.57258328983647,213.29666326044924,180.87744694571768,319.778621721289
84.02530540620126,212.9503976413244,180.32667800595686,319.1996685845387
80.10263305360866,211.6256869371258,180.69912232051706,319.3081964382484
80.43842614420188,212.06649543083387,180.8941132877681,319.03595445083226
78.90243577687284,211.74789695057453,181.73226833883245,319.8076118605697
79.07714961877406,214.04224998805282,181.92135383862376,319.3618501215506
80.42636368410196,213.19631926652855,178.57131437984296,320.8671270919429
80.05190914624555,210.0758406599792,176.88864386571203,323.3518587191041
87.71641716374054,210.06913255901458,169.10308486197204,324.8397011905646
93.75413741701868,209.8943101479559,164.228144843697,324.06690948924444
97.55954526934143,210.54795971287055,160.23183109217652,322.76156348441515
100.68326571283338,210.73843177988306,155.98646540050512,323.59241134257763
110.26408162451634,214.76338149167134,149.08612508104545,320.9269723682198
111.80669398098104,217.72621193986134,146.05107126655355,322.01882856168356
113.28675608899101,221.51447919186836,146.4271286911586,321.4422330225133
114.85525687783371,223.56008701001952,147.7743800431607,320.3588909213672
113.71010236059993,223.35846010646327,148.6987833159095,320.32189814644846
114.86088548663986,224.0270672033347,148.3460085677359,321.8057288745806
118.60750046792538,227.1611705720682,148.91479032391487,325.3610084652386
120.20477396835174,230.94196025100123,148.00686441681214,325.5067655331538
121.89212512570894,235.10800054360794,149.04646874272274,324.3109764518466
123.40670203396522,232.66593282350013,147.51749803167894,323.320050856906
123.39044610640866,231.41183189838145,144.98433605866705,323.40051833214335
122.72742855518322,233.1308415349125,145.35730719627418,324.3658804067375
127.38208550200969,233.37467308595254,144.01009047059,321.4640937695012
126.21238341047048,229.21581052626897,142.31629152866842,324.0304761154308
127.68872349412995,227.37512755827345,142.63094534572448,322.78874634829685
125.79738584418537,219.37204354163248,141.96452396592613,323.1072923112663
130.24271404090842,209.67941663550084,139.38685585373005,323.1555710258733
127.59772153263835,201.59124704112958,140.72054204214518,321.75964458961585
128.88144792329118,196.75679090518312,140.58912441708952,322.43417209588375
125.6017498892129,195.51658931455745,142.44771482118358,321.7842041833851
130.86803547709727,191.94779989442983,140.37339559853984,321.61990314082783
132.8181058362568,186.12498101549807,140.68657275131454,321.18387585962887
136.51153906371488,183.28506031485935,140.25051196046087,320.09705466325005
134.6290363014162,181.95512257378456,141.39240957490196,318.5343959657121
133.06668020970113,181.1575501439485,143.14193865286336,318.0497678761655
131.37641549904816,181.83122803039285,146.11749981245052,316.1156201110893
136.2003041468861,184.3607695546966,142.50915122771215,314.5545839374818
140.94337864723326,187.9168567599332,139.91985281295536,308.77218247622733
133.49024421387594,192.7004358071732,144.56629501951375,301.0622631512786
137.57985247841137,192.30693320117922,141.0412532951304,297.97597734764156
143.18266628158233,196.67882168078472,136.90258125519475,293.8210065407743
151.69724424022888,214.63341581038796,132.0662964316516,283.00642277375533
146.4741586380245,227.50244042847112,135.38783384699786,274.43359570555776
154.23380950075313,234.94856606114143,130.8215350512281,267.97029951834213
157.44942951667548,245.80254780838789,125.13919638657089,258.29529500822423
162.14972228404446,258.13345804338417,122.51912842995797,251.5077421163567
163.87721755049654,264.70700145314817,123.19139619783502,246.33740090229745
164.24124704883468,273.5801195509462,123.91341044334627,241.3953639254513
161.73766593592828,274.4267024322129,125.61564102853409,240.56810392463666
161.8372693887392,273.58901878039666,125.44823343931846,238.43664749780044
160.98618835750852,273.1440660649074,126.15869628302983,236.5502467764352
159.1207577674292,270.1924110255717,126.61727963115717,237.62073214807538
163.53430352914378,271.336758006742,124.33010509991556,237.11456992401594
164.47668090577343,268.603051485881,124.09049194821873,238.42854058292556
165.89112877255585,267.69066569785247,122.74139357793518,239.73030190507632
165.4206309615766,264.08155254906916,122.06868070379996,242.56772986279918
166.70265633917708,261.56302859292646,119.8463657884427,246.42576166180328
166.53882960582501,260.15909882126317,119.89484445045935,250.9336944473174
166.85856137361014,256.80214503312277,120.11719732113906,255.0173530001607
169.097649010395,257.8486385626646,123.09806745772559,260.7035407457646
165.59600425695368,251.8157497936793,118.91855667163951,263.8629462134227
167.83873210421947,251.12428314455832,118.26848916070168,268.20870910150836
167.70168176380622,252.17133665949868,117.1069819313719,272.4371728724089
167.24146180833253,252.38401017393176,115.61018551419428,275.88072232791774
166.96253808818153,254.0454009103391,116.03308422402756,279.5003847027593
165.557712683825,253.7073334820583,114.19502995461562,283.1008970007272
164.50632304348744,251.70144541599814,115.27266275091577,287.948488562535
160.98382381776548,250.65822459977406,114.56473151485963,290.5258359567019
160.15192417742043,248.792848297374,116.26148977992477,294.784176452127
158.9236232457953,247.87504522655672,117.86243978770625,299.21951403907406
156.93131751152765,249.49180427971612,114.4333549671791,301.4001194679115
153.76846461251867,245.50778824285055,114.48586740582205,304.9459713658614
150.49725777403572,243.71467996933626,114.99208723513168,307.4202494363275
149.9592147365541,239.41149622261074,115.85021676712617,306.267705796966
147.67784708652897,242.1976880528713,117.1217533367077,305.4917088551949
145.85448373757237,245.50126075644727,120.63487407758964,304.6402397175742
144.41758175801323,246.06814748606212,122.4840808687392,304.448727000532
142.7847648832654,241.49462850982238,125.19478297760979,304.17016680848025
143.52865813647904,240.9811075554267,131.11104920555755,303.73462326805287
140.3036425616828,245.71865967447513,135.84910525749376,300.22076170573723
138.87787259385988,249.62499714647862,138.61702702907712,298.990301117199
135.25352396887686,251.56925725999636,145.1074845329494,296.822361944851
126.09734498759327,253.43026849633208,155.03654171426658,292.8779273628046
116.09670258764923,253.33845308070988,165.4822234868109,290.7120708893615
107.11682324540362,250.27540936449682,176.49190892911463,289.61788244288135
96.41903139635775,247.67241616371751,187.99320551783137,285.16322431318997
83.94079926240809,248.7995757441371,198.22707457088694,280.5730897226633
75.46934423779445,251.17563575871918,209.07031420995798,281.00114547474914
63.00323371928468,262.35878163513587,219.91885604775877,274.54500997191576
60.45816836944908,262.1804476040353,230.00739983336746,271.46405596380447
57.79757547991417,267.01125771809006,237.46835612024978,268.9043644466323
50.65867471779727,269.1279059361293,244.43066692182734,267.82713490508513
49.293635398044586,270.80647556848606,249.5334262253952,268.7861577497466
42.707926154539734,271.5315916784449,249.0849716655299,269.5095095142039
45.63578803971417,272.9419290832702,248.65783676236853,268.7713542358033
44.82877776108303,273.97117851351356,250.0865545852558,269.2187147503166
44.88171549366754,267.72702242692685,247.8515287294618,270.97716852505255
49.66211522900224,265.40762492077266,249.4331853134799,272.0627408811109
51.58721785516367,269.4177696219779,248.32626619396953,272.4274612443254
52.73712787613184,270.4672432131874,245.5423152926582,273.0682601556565
54.334334373668554,265.60351345931804,236.25427436789727,277.2567792337076
57.53858263726407,262.0308565908713,226.50324854383123,279.04583076357
60.61114273231385,259.8442331132874,220.25375823654417,280.7580669765503
63.943731700922385,266.2345424584714,215.5963927993271,284.23428422368215
71.11582458219534,260.1654109477699,208.24213623599994,290.32970056539773
73.65950652217785,262.36646483201343,199.18480165290993,293.8558154531607
79.39891899715761,263.200920569573,189.78501723029416,299.5266866928852
86.56522763160525,262.51310422906795,179.76972173874262,303.97739261608285
90.33146741366792,259.3276486730476,172.09765477227353,306.8245000171861
94.89973951880708,255.1816289662934,164.0385031401202,308.7984852314757
97.10549472407523,249.9890831593691,159.68015435067767,312.1890700093868
94.61914842751958,251.66475313209347,156.39949001019522,315.99678768112557
97.28914243195597,253.46164209186838,152.89641606382244,317.861322749857
99.99538114364829,252.4519454769158,150.04491276153155,320.12156070632466
98.26256844131339,250.97853989796937,148.70365340057634,321.21351346578
100.93250751265724,245.80355176260508,148.73938560945115,321.52631932635234
102.54744185940018,244.03537529116016,147.06579133002776,322.9186903356484
105.22480197269846,242.20143832835362,145.2371941503062,323.38716240579276
106.93412603400662,243.47435697626236,144.72076770737738,322.2400067506003
106.33555046659328,241.43504433045337,144.36268202579782,321.09072676878077
107.270509286248,234.66978838377406,144.60732737476962,322.7035750879206
105.4976726165578,229.1106626757907,146.0549172180563,328.0394168359186
100.70651936825621,231.0005301756897,148.43153523809696,331.83127607440184
104.9430621407739,234.1053856264375,149.23207029853032,330.72209007525
110.45820501196162,237.5694512853893,147.59735340381113,326.25385865969014
112.20653865793182,239.1694133835451,147.3247461704645,325.55283583056604
117.85496987495117,242.75663832809093,149.36461469345704,323.45937959381814
122.04170107928338,238.20515754128724,154.09765863244886,323.0099119682068
121.3664776943441,245.0949765571024,157.41105706248368,322.47111866313895
125.21424113198728,251.95613410932043,160.62214639813482,321.9848875430779
129.44310577172638,246.49758048301516,167.68834289990662,323.34401139725094
131.33572590759283,245.9850259814932,172.4040791906737,321.33127860341983
126.02150940119753,254.95819419426994,177.5674243128393,316.5552302638039
133.00318844238168,251.23072344250744,182.00891242187726,312.0290316306101
132.89115064162377,248.04206966933234,184.15852513276806,309.91171027071033
134.7796278859827,249.48652529032688,188.68668539014396,304.79513789590874
132.94072958214434,250.09055836609494,191.0140791657894,303.3059438146851
132.05724926795355,252.6656981254821,193.82809789963977,299.09188255762956
130.47349802176734,251.88704303527973,196.10259502091844,295.51314537475304
129.83658628773827,252.9307519110434,200.36634768819533,291.6594922716632
125.35297302207547,251.54484448619206,202.45906250077093,291.8255331955846
122.06710259048525,251.55303853631284,204.68748061004513,290.5524922633118
119.39923622371612,250.8649157128194,206.4442338513959,290.38888195326746
114.70249483061342,249.26084034982253,203.7749724969763,291.04435933941744
112.62859386698341,247.59458930360825,204.4199668070488,290.197662213096
107.15836371785677,249.11716666494516,203.18543931233333,291.33201188495343
105.56860165466047,250.07271867812275,201.94479742310094,289.54114711641074
100.8715248911179,258.60826835625164,201.09200270799857,289.30964736952797
97.64982408999143,261.5433713058046,200.05768214228277,287.59691217354697
94.74900749317831,263.5770988627451,198.48523086325275,287.94602200107227
90.29082204523317,265.53365481250734,196.67052265758053,288.9420287538916
83.88635351856078,269.7625932800619,197.80593676170656,288.563863732845
78.34054839850259,271.0815166490464,200.0775396776042,290.3600990261259
77.38168356981947,269.641792561767,200.60061601465793,291.1090540366223
78.47747985978363,271.41112699647465,201.21517577847962,289.1686517687695
76.71692650047754,275.8621474889055,202.21607986037304,285.66462103781396
73.98114874015823,272.3648377486795,202.36073108413666,285.6082151276409
70.99238420227948,268.9992266920799,202.73633144895666,286.12691282677764
69.96325252595159,271.0818387936378,203.1244898211437,281.7099186041306
70.9488328596855,277.06850622737596,201.26709868492588,279.3405266077481
71.08037316671613,273.99163374878043,202.06401562945837,278.9743130688454
68.21143902538262,274.5885617705567,204.5126993418129,276.52703905654283
65.50878520311483,272.94883905041536,205.37021645900472,276.63070324682553
61.83007854977248,273.90827951458516,205.31747351568941,277.08731059973593
57.76421537386784,275.24250558786065,204.95756168390494,276.7083481992787
50.94159328743447,276.4955542346683,204.12679267317793,274.49418205800714
41.81024235948689,274.8987000454977,202.47036611110434,272.23897686212956
26.132402467264285,275.1904928820899,206.54235448929956,272.54540583738265
18.313702568492488,271.17475630351873,205.7574520407494,271.1893667874938
6.580949600846736,266.4314221169231,206.2644618822909,271.4091284224038
-2.9874974692042144,265.3934854168019,207.0500376630178,272.1819012367086
-11.10758070119536,262.25696365205926,209.16685207621885,275.16313568416274
-11.630477899537055,259.3061076076718,199.78601073071474,277.08285314403145
-12.387250672465342,253.1479048413255,193.1629595968838,280.499844614224
-13.25849038343155,247.36458111589903,189.06413042506622,283.2842044674207
-9.387904358263398,242.90485370110665,181.35964050363617,285.5261080274742
-7.963771563422426,240.18764381537255,176.21053262879798,289.06581344347364
-2.86212685095569,235.06126495272824,167.68162064527075,292.551664430481
6.049170649614979,232.0525182169733,158.87495581991067,295.5277150308971
17.842749393851875,232.54276062093163,146.35450975721812,299.12492797688674
32.16012413095352,231.36156886361317,136.70547805645234,301.85242379621116
34.71975462731112,226.56066502859437,125.65475954420589,303.76306935687376
43.506863481950774,222.1591621995587,117.46713851461408,299.9587752102576
50.10660275669832,222.49531468865402,112.85402471121273,300.6842363453482
60.78584268746021,220.06035921586124,112.6655277598452,299.55658869718377
65.97692528364963,224.7981892885354,109.64188307527886,289.6722981807417
68.0744895767098,224.51507687102995,110.34696200868979,292.35113287903386
71.90380693101224,229.48327722160928,112.08298062039738,295.25512524428143
75.23799805329051,230.467937101701,118.87547484068459,298.0911643708167
80.06969176513523,231.88070947905382,125.29063966308891,301.59258494814236
81.94638246477925,231.78217513096206,132.18294918176963,301.84257112479463
80.26272426243672,234.74481894681378,143.42593697317344,301.33873124699744
80.0921258859201,238.8855183658324,153.69737054261293,300.5836995964602
83.86854353852087,241.55119920435902,157.25506990538014,300.7421450483132
80.52712369055875,245.60203620333368,159.57957219896062,299.97012192927014
90.00582775066417,249.39026474937447,164.2264121256248,302.5292239192198
97.25417275134967,255.12472906471532,169.91893110862878,302.55303210494435
101.37327452986426,267.25372050514363,174.01660401644335,298.507268462369
107.37269752978587,266.84140096641,169.84246504785014,300.34387043046127
116.18734420393459,266.81345041529335,158.8898074417402,301.81444438425706
125.91852554188716,267.32995508809626,149.02485687521005,304.31585886677624
147.18703482231015,263.6874371469038,135.92228655655157,306.4028356671299
160.8319698908028,255.62835970228738,125.41085880237875,304.33910579073773
169.04249689934477,257.1130150107909,116.85967783216987,306.9169143143557
176.39175412635188,252.9922850252772,112.50747685471812,311.1306643244456
185.31903068751586,250.9306541416208,100.84579482614018,305.29195099410214
189.9535381596167,253.51448419746941,91.43060068271976,300.8784412730299
