99.0,237.0,27,82
102.32354980767977,237.61724231032247,25.66166198132016,81.05489831392535
105.13431327629488,239.5863341824817,25.108982700339944,80.00302133230223
108.26752523579736,240.5860211607419,25.478056828209965,79.8035436160162
109.42364323972463,241.56162950833004,27.492862446331998,80.80105738958989
110.73589388755401,239.9791678868541,30.770155584266973,81.98326884054958
109.68450192191716,241.00198059111236,34.653335023353186,81.81342163027527
109.0736897017596,240.66638947534125,37.725484366012026,81.63619993115341
108.88535518691037,239.36883297887672,39.480800246296425,82.58124273365279
109.48607625891685,236.5871206791914,39.801452828845974,83.53719968165623
109.73809951124116,234.27646076396388,39.22552216892392,84.5281789359394
113.45331996462976,232.59038880072004,36.68949044183424,84.39124388293493
116.88804752636761,232.74763596772453,33.3811620273429,82.9856240606447
119.35980513029806,231.30970274180527,32.79670138491169,83.4179327732254
120.38394148857381,228.42843472316355,31.309189166407066,83.27290655464945
121.56657185176515,226.17773725813427,30.41002341072751,83.30988498080178
121.23974028204901,226.16279503461945,30.04655093004259,83.63221937900329
122.15583193647126,224.65245954000352,29.956951849713718,83.98586766315705
124.44016716089155,223.94905073920978,30.199316557123165,83.62953218857265
125.93688485895265,223.95096475386595,32.408746761586876,83.74669109773689
126.66296374491546,224.6088174406038,36.0039064945441,82.20434693031584
125.67172795063931,224.921286301056,40.05809439169012,80.64961489788803
125.43986688678945,224.2507473307967,42.17747142661643,80.22517464993
125.53276960291385,223.95737400005572,41.60937229319575,79.81433220008387
125.98167765793114,224.01870839312417,39.410149322809595,81.24165120691572
126.23622206217432,223.47674050951952,36.60571139322949,81.55352276514063
131.175738090692,224.7239866115315,32.48589564478792,80.51139262166356
135.44803549065588,226.1232598087484,29.62623736829763,79.15915054851882
138.38493575065203,225.96748271710703,27.657603474281885,78.96994179234841
139.7627934359835,224.81528213814386,26.536913128033007,80.00023406355604
142.50689369562025,224.5140142552471,25.676077721064193,80.45396611841207
147.20965632526415,222.54318662389932,25.043974702987306,79.41760929614667
147.9299666405261,223.20429719818492,25.81955585469002,79.71381160948957
148.47362598702145,223.20743148710784,27.351011575761767,80.53394378847966
148.79147167995495,223.77890135425213,30.056445678176026,80.43111941063637
145.44128926448062,224.6404980607633,32.936848961273164,79.64122983062185
141.06131474300784,224.25355516844007,35.30933157355463,79.38510157718237
134.1087851038822,228.77035886621928,37.17738828832934,77.60347782420209
132.8304490492456,228.57024452402635,36.8606778292432,77.05871444315827
130.76813453774975,226.30531792458822,36.89697372235207,77.80466261273764
130.8433588891486,226.12306579196158,34.37370702639034,77.90609009576434
131.06970134690002,226.15051717404157,31.369264298387456,77.07530842535436
132.15790953833294,226.85958003118137,29.577872939935666,77.84599496693414
130.8317139755265,224.7575778684361,30.13100564269702,79.19828420453405
129.97801670423786,225.01064649098308,28.500829994844597,78.7776266957682
127.80386559169584,227.42439664664747,27.127269426959877,78.56127140397068
128.68287156596037,228.40896638147242,28.603586702063648,78.61759885326609
127.41013732312265,228.27760559607893,31.541129772699993,79.48888670823278
127.92096482903558,228.7918223358818,36.89610745130383,78.04610081163487
124.66813621839133,228.2261966982939,41.8041694577486,77.95777811220127
118.18639887389837,225.71150968400624,46.030980328375136,79.98956302944845
116.37254849670568,221.46993207707106,47.1011554479949,84.74601841421725
117.41188185819861,223.82687823835653,47.4788791058684,85.3108736502401
118.72530439211256,226.02002744261364,44.314527934524875,84.18580571047585
119.31290676357165,226.84690010690804,40.76945014473169,83.13966536235579
120.56959788927627,227.3088536201492,39.43339028101778,81.36341763763127
125.65943428381424,226.1159594078993,36.81734664233247,82.20303296642791
128.71581235343072,226.76414197705532,32.71707219255263,82.11347019628002
131.95933686490326,226.3582937859057,30.22953488835755,82.13727900533704
135.07943211326938,227.89292903574648,28.45385244826595,82.55447395975703
138.53073242277108,228.51498362042486,27.386640012856276,80.09838969274405
136.94723908785423,228.66766270263685,27.255866672924334,80.51761038574192
137.65359491853445,229.08314355854276,28.93368540707173,79.84456188193795
137.71303542111505,226.25571046774542,31.796112385308952,79.54343441118888
136.9524610875062,226.4893570343734,34.50488312283917,79.66307059922194
138.16920164886943,225.69420579631245,35.91594545714395,80.39962856850794
137.98392492269093,226.70964863849792,36.6535338216103,80.56823629234012
138.08811817406368,226.9882570298607,37.09004477980235,81.10765342074733
141.58942411170125,225.76381495654584,36.967651410386544,81.30653756737705
145.74694809855998,227.07058023583062,34.83447294350502,77.57395793654186
147.03979535770128,226.91822078414938,33.77925022698028,75.48530525787311
151.99954638187626,229.73412387582235,30.806968027263128,74.83038200909748
152.9822662365765,233.22937426389,28.89668884032359,73.59366541264964
156.4556781747933,230.0107938703449,30.217397312522777,76.45058022806015
156.91530443415283,229.85276473876684,30.745547747905277,75.53714630371636
155.0927477465116,228.67251242262847,32.66736400404712,77.65055010591493
153.09246909545337,226.9972011307412,34.871626140147974,79.9981056730879
149.77157755779052,225.0819130224756,37.96349771645021,80.8223342333691
148.20573026354495,223.41210830377983,40.72492252955071,81.80003571177627
147.77565276031012,222.20941802514537,41.76873232117664,81.28328186963115
147.19725938454715,221.68805387836395,42.31484707563224,79.72511904991275
148.86410139757658,223.71081726281466,41.438819909924945,79.97962585034725
155.44073372541678,223.88034333723328,37.201433550142994,79.59545346225218
157.2276890665136,226.4656889825587,34.64836637380878,79.81282369503884
161.98007854798942,227.3585671807058,32.235231697966455,77.66755496964313
166.84175202507163,230.8195765152779,30.862333352200523,78.25226542647546
168.37424401411695,231.59999343730655,31.13711683016451,77.48205047890252
169.24472849140756,229.3863432631153,32.37983623007551,77.77716393763657
167.27163344496842,228.7321673581119,33.40627229463346,77.69466186580749
166.00384608550874,228.00406939944747,35.14265267761532,78.80695519524565
165.67019688196166,226.29000380908667,37.0488121686939,78.93551057030322
167.36715300980265,226.51838872150776,38.24279053801191,76.37472158042196
170.38049360568914,228.1787352906669,37.69740207084831,74.11854260225994
173.69612752368715,230.26883057228468,35.41887166161005,72.84194700972753
179.47198606459278,233.0994789646454,31.541867714564457,71.34839009317014
183.419646208401,236.53974287952275,28.6602345607371,70.67934907982169
185.23684063232466,233.95535621005672,26.986630624999133,70.68250352226934
187.9156325342439,232.05235012543764,28.402346992059073,72.05524237607784
189.08409797348136,229.68596244566464,29.844392554013844,73.66898392214728
187.9203777746878,228.08409023091545,31.453876408632198,75.80064583211441
189.40482591622884,227.43475013498463,33.41939785015951,76.31537521831198
188.4809770531367,224.6333362549439,37.083059321460944,76.28307114245591
187.73896833411723,225.18142474940143,39.624953346413974,75.24707481760339
187.32094766515723,225.82245731955928,39.23012920581832,74.39015005814707
188.10272673338565,226.5192751324774,35.73395388186152,74.00679885613894
190.68747176308207,226.8464835842625,33.031794755085855,73.22938085393594
192.62907184022717,228.54654670423776,29.40295861446752,73.64353989230571
195.45714078682812,229.77632498895974,27.167001995679684,73.36885881114299
195.82510176756398,228.6209864518206,27.250065019559543,74.10998632487441
194.47130384115212,228.8258175883202,27.75169773761764,75.81105708410178
192.20155277711186,228.6474762747494,27.90405386960441,76.32220443292309
190.4091126679341,229.47136636724773,28.72475867292088,77.51358135241861
190.55841042757245,229.36378362802316,29.257294135089467,76.94929736797715
189.19637594901755,231.24050581982235,29.382333551183635,76.15775178808968
190.23738111535505,233.4010552492577,28.088470191164888,74.79528635207058
191.06929028113123,236.02408231509523,25.769424198479705,72.88718388055173
192.1358541813776,238.2206716354173,24.160390025916698,71.6717396149076
191.7053228997744,240.0465762431915,22.926802320568434,69.99901059955445
192.3913088758419,240.53177319454707,22.582952316675573,69.72243383551523
192.68620637068466,240.6781909010682,23.35639280062287,70.84723147911359
192.04127629698993,240.41731636988047,24.789853411879523,72.15874494578593
191.09528873308005,239.82691554713807,27.399403612941462,73.40319100045045
189.1135308126865,238.24927240329814,30.433003071892642,74.04408825004435
187.8837304413468,236.75291871990638,32.916605889767304,73.62750911780442
189.52049254575095,236.33175646749152,34.72592164677934,73.173156986892
189.3514449462552,236.06503762330027,34.0822205811224,74.10263654539165
193.46242974759195,235.02165398787858,32.59441235540201,75.47935132600065
140.01321990424955,238.78245068660567,36.37892518173528,82.45173070686681
141.5349915282311,231.19669400155544,36.93197006853777,88.14897039532664
143.87484494710685,225.63720751175092,35.86368290852067,88.47782801849036
148.02935120633555,223.70142040485445,35.19477659123513,87.96704749595516
150.27473124492255,223.04066089835214,34.714270420311166,87.06432334489729
151.18819139155704,218.62238249207053,35.42389492684685,87.77241641234329
151.01665303337526,222.31279198014755,34.73132711196041,87.53980605435333
150.28387734666796,229.551554391472,35.13437848537504,82.72471104127477
153.1934277843434,236.22267962909135,37.34411672135226,80.29185387658295
203.09574900079147,231.60928413821574,33.13581828259676,75.7862077245451
211.06877573731663,232.26779657697818,28.192557167944848,73.66325938510613
214.35569016649018,232.33440111070018,25.134643226589972,71.89119533719335
215.41394970244536,231.78204298990866,23.60679297792177,70.53755281412799
216.24112095105525,231.59303572526264,23.503491130116046,70.3370456149044
217.40974796033632,231.00709424621374,24.118522878155492,70.93994358765067
218.77899086701544,228.694834282606,26.62671064878163,72.40232362228798
217.20073242126827,225.732983430431,28.814553834221286,72.98949273386457
220.29583709977652,229.48083671373917,28.700470575837606,70.80649979029508
223.8229530036086,233.28361089282947,27.934782469345308,69.77301869285667
231.73955367632144,232.10370353337066,24.48448517665402,69.04068558462583
233.75340293734547,235.0495915188809,22.67517044366844,67.76713471126166
235.4933810883714,237.81640059698114,21.650032867202555,66.32319245838146
240.24550379160425,236.72164825838644,21.72702525370555,66.1384295574459
240.3891868711909,235.72831846575548,22.426689123829135,66.47257754602812
242.14725583654945,235.1252318004097,23.00652897631518,66.3247317116806
243.06455648218864,237.99072592524982,23.82295917917741,65.33597673836753
247.4696686565688,238.13459082850352,25.02333968881548,66.39439256174293
250.1594478378643,236.49315861594766,26.93864216606827,65.81673757767499
249.3626833711135,236.15319052605662,27.429525225546456,67.06239336194929
250.64960115577182,237.67133411396514,26.675178181620428,67.45033103964786
250.86791209297192,238.8631958054057,25.786102693938986,67.18323058157144
252.61686441909785,241.5863705604341,25.119603681335576,66.18939571995215
254.90667925089986,239.65750630714052,25.52202968179401,66.59048970505489
261.41663631227385,236.92199854877953,24.694391560022588,67.06029977744093
262.17436456097386,234.68802275384837,25.639872562622575,68.71654482433448
263.28783096372473,234.08844474538301,27.084906309855228,69.17706863911678
263.2594371291736,232.838972301067,28.692276864699664,69.0505252464988
260.19346895728296,233.60060592002588,31.828226270004393,69.22238740311226
259.49170425247337,236.20571018195463,33.98271698333455,68.83391044663762
244.67259961559296,241.7657899892667,35.17262303443906,70.49936484568538
238.63105949004898,238.59070377579408,34.79264481384732,72.88074149626338
240.37859043576125,238.33759369844645,33.351339636289985,73.77203245173992
258.98843515992485,236.19679742402795,33.88511393308002,73.20573986874096
272.1922795420143,234.94303911455467,37.07976586714321,71.97956813319536
271.829082155499,234.70488543914908,36.87918920462704,71.47717675353776
273.31916789816233,234.3097730723157,42.93878212359721,71.2643802469702
274.2142530812937,233.8314034127564,45.01865265088916,70.50455157292473
275.7606600121682,232.16414362252556,45.41831620613232,70.5791834580739
275.09849286356115,232.13093158409563,42.40932225627617,70.9241872468478
277.2197805416178,232.3423720393845,38.23385505445965,70.04042987142637
279.2702197783938,233.95201187341408,34.283229876806146,68.94573821606247
282.8477365341833,235.2300868464815,30.665595657219313,68.10719386074794
285.7656811931917,235.06312023623036,27.932520059905695,68.10264136347675
285.9994134547797,234.44470277650294,25.760343622667214,67.40339535031447
288.3396746494255,234.77362119662453,24.779711370094333,68.89608646417281
287.7877396964595,237.09555325797962,25.22293674477634,70.02129582779075
286.2760630613532,236.6109300189072,26.596189306981074,70.7319668664825
283.3363525023457,237.80763529784332,29.230340649605523,71.40065958009458
283.03087021275593,235.63312260338213,31.016689750269393,72.09973684889978
283.01662634931523,236.83011257478947,32.03811265781487,71.27716803889763
282.6710277941655,238.19688851409305,33.76431343022362,69.6605442608764
283.3741160329859,239.62122973540255,32.06068211859854,67.97162133974174
286.41083751768815,238.79942815291687,30.29743507204563,67.52855458283811
287.84847364342033,239.01151953649907,28.574994851831264,66.42218187426751
286.07355418072706,239.23364913709884,27.398408606319308,66.24679779513826
288.0387108754485,238.9080288814136,27.24617138875145,66.71989194420402
284.3674501691201,238.413824820871,27.65209306996291,67.62149281431266
282.48049691901747,237.53563332073975,28.594090390480652,67.95345259680172
280.631748811708,237.2124415904544,29.33487578966988,68.15289086694277
280.8079252896755,238.15249057588136,31.00005518236778,67.57679375058103
280.80588022433403,236.37497772078763,32.15316264703512,68.81648132600284
282.979092690708,239.82052807400024,32.139303021904354,65.78760901313234
284.64003637874816,237.5471400548065,31.717791012034912,65.86761869409791
286.5263583337725,233.91331984272068,31.588015143978396,66.80588289756643
231.38649902982849,241.92492093690586,30.47238615665163,70.72021122677421
230.80881378519277,242.24015200098256,29.061976006274595,70.46215510448019
232.09999221135314,242.13687074717623,28.153569349266398,70.76478694803036
230.67400914883802,243.52159649949743,28.524456372734136,69.97482763088793
231.11587206110903,244.56551210418786,28.903944659520214,69.09595027892897
231.94832333689703,244.9579809745194,28.793958489780124,68.6511462052581
232.5532116449392,245.00163169990876,28.842757313148944,68.21948440291686
234.24192604891545,241.79158405906304,28.50407057062617,68.24988547074112
234.55708610332994,241.4641118383777,26.771852268437804,68.26336567871334
233.37401752795677,239.97512835104266,25.637348550043477,68.78008997760216
229.47756699640058,241.62177134126222,26.43572751842928,68.79812907040524
229.97234495425735,240.09068751988912,27.815251192559522,68.55916451100305
229.4429148853885,238.8955269642958,29.555874025609715,68.78098281457247
226.25817709328675,240.0152888965622,32.11001147504761,68.7728890037506
232.21800465175627,234.68186002231585,33.200350864944475,68.86543644950895
228.27673933114275,234.4031042690868,33.61843448468714,68.81349666202168
289.38570235050275,231.42218526902144,35.60418276237342,67.2164662539493
293.59491323005415,233.18166282668827,33.35762074448154,64.0053572079516
297.65080587429907,236.89535842918974,30.49260059271051,60.731179503925176
301.7122598513654,239.14978157989012,26.828722789945047,60.16467023865727
302.24800757390597,236.61094023814366,24.42026750599672,62.12391420144707
304.2714220700624,234.1934489408263,22.61121622364474,63.294742743347385
305.09745003050097,232.3033057648415,22.360741113314504,65.51735087266074
304.52043236967455,232.6287497923826,24.23483869082669,66.97992717304732
301.64771492018997,230.96158999649163,26.35943923920989,67.71736871307141
300.432372036397,229.80875058136058,28.05054675972551,68.63655767516944
300.9264286502251,226.91536326006965,29.76236944515527,68.97954569665757
299.9140699290821,228.38796299643627,31.288841648183542,67.34008658036967
301.0227488812393,227.2019859251576,31.962368143283072,65.71449738796606
300.0622281705708,232.94172444921603,31.081575458174804,63.96832722461481
299.98860387012013,232.22024025978575,30.605960289544875,64.77115888472537
298.4807055873819,235.65410546211544,28.695472064982276,63.19825880233161
299.8425122584932,237.61359830279494,26.373256427837898,61.92667302331637
300.3027493492971,235.95179958723196,25.596733662245725,62.724818794286094
300.45675377248824,233.71938110668458,25.913358604925882,63.81300780616208
299.573922308022,231.7993566232619,26.453771289717693,64.3108784282809
296.52383695778514,229.7986125269028,27.356142307574224,65.12105192373346
295.25136556460245,227.95601001558316,27.86656971308023,65.22367637996646
294.86866107082756,227.9923354514845,28.42842645453632,64.85408947300755
294.6092418513134,229.8646261859048,27.841246827158365,63.249888863541955
297.3716238453096,231.13831485744527,26.89714079815029,61.775128097609446
300.6316458294677,231.93965705176493,24.624350247802866,60.730060896470164
301.4987851280758,231.99685804031816,23.12855126484456,60.45585362151211
302.7393661410118,232.92502289541434,22.418354815144355,59.884588608585396
306.1020365182563,230.4854203540894,23.26062575499139,62.058624013500896
306.4686867269566,229.82180326289438,25.751583760442223,63.80468143807841
305.6916231364166,228.73247965147087,27.66690173742073,64.63368876834731
302.5525379430123,226.85642876233652,29.78654856465908,65.69458266087383
302.32621292612356,226.2199378149084,31.670595082811495,66.19571396979256
303.0647942958884,226.27062400552285,32.34052706984424,65.8783839469621
303.32845839253366,227.38367618392041,31.81206972616312,64.55285332063573
305.93232714861085,228.49331976609017,29.409187560688416,63.29018541899155
309.908811679512,231.51895137737569,26.895992058456486,62.21492012122516
314.2983838315396,231.36203281770963,25.162761450690333,61.84124198176826
315.8774355018081,231.70332590532297,23.91856802226272,61.370997115135324
314.8900840075462,230.98265519203835,23.920477431684983,62.28546781416548
312.93543363182977,230.5811848254935,25.04173802198495,62.21853550038018
312.7021204590718,229.92745100721868,26.667269396797774,63.64180208712514
313.3182516499687,228.07081512358133,27.453256526722733,64.22812072939983
315.3752423630537,226.96646717168613,27.757106521451156,63.71771568104177
314.8425247151279,225.58666611510512,28.438218697185597,62.78632353150852
312.60044441468773,227.97785179208537,27.36154250607372,61.97222915508705
317.48155799158417,230.04371478431176,24.963069624741863,60.371005489970244
321.8309639733553,228.65812621682227,23.2604277051448,60.09399536908987
323.2222981057349,229.50302455511456,23.111365397416833,60.72350411242711
323.5981830946251,227.30874700353814,23.645789267292837,61.74151478198624
324.8055120820999,226.0931270607707,24.182593084335377,62.563196562052326
323.6861725985292,225.6169811405829,26.730354082726706,63.120560423912295
323.5938746026635,225.45145236932842,30.188906373286294,62.883273850210315
323.22009485540786,225.46591006009893,33.21446574572728,63.13624933780993
320.8056184690251,225.69539157194475,34.00049554485998,61.84543816958707
322.1616024210189,226.4397838816786,32.252761039309824,60.43892894074433
323.06444156209744,226.5327926764229,30.09396386066836,60.32912900262293
325.9827721709427,228.23551634801976,27.01374185196218,59.164831561773
328.35845882754916,229.70451943279184,24.584039070975916,58.005649244767895
327.7132300983696,227.84953498469628,23.734817574256937,58.258632667326175
325.97906061170625,226.7752562896317,24.221314506568,59.844400140463165
324.17240080845284,225.33692541775423,25.35462312674672,60.418464838319636
323.1846499843556,225.41531185505258,25.800141254433363,60.347598946144835
321.9016336015753,229.73575278238022,26.20958832663448,57.196081715513024
323.9739447803248,229.12856862864834,26.679406887104307,57.19485859231268
321.94316252443775,233.32479235445996,26.048832727003376,54.77543360162694
325.25063531638153,235.40719956937792,24.721683163623652,53.14981900089259
325.71121396323946,234.4188414333797,23.40929051834535,54.33934960394375
326.3488890719553,233.55361108370113,22.21684130189025,53.84152356013682
325.1956868044446,231.78767558285108,21.866004015622487,55.47826821906348
323.2328521550812,227.95376129954488,23.017030370013305,58.66381223977741
321.84230741349955,226.29014418751626,25.608971903957936,60.50957063375654
320.4615906906669,227.28943182700135,27.548612747084107,60.347009148731665
317.9624866633435,227.30587391261682,29.324546021457504,59.80374900093822
315.8392499427889,226.17815495663618,30.361913017254174,60.533826805477645
313.6561226128342,230.01754412657232,30.307940626382276,57.64765100466787
319.33681722993776,232.91532478441138,29.186709473229985,55.625664518091284
322.98105137328224,235.19730021516352,27.75299277345503,53.02016397396986
327.8194231149219,232.36517581494945,26.527177024550774,54.18555718357766
328.5227888499445,229.7310383709497,27.174125974427405,56.692891519819355
328.9906170631477,228.04076781843926,26.53696197966172,58.18099182894177
329.17879350166055,226.7240680840591,26.838892794042188,59.51771466195993
328.22420918521885,226.2588839196609,26.85006643180836,59.96856028567824
328.4045838988466,226.28976249516674,26.7566204713497,59.34057999013528
327.5406062204993,226.71317141611547,26.78052004191158,58.90704644999559
326.9954372064094,227.65903885075105,25.578209754661692,57.71077666861509
329.96326007223814,228.5024924287584,24.759492123590114,56.172673223537885
333.00458357051525,229.7665345074289,23.44890933602032,54.68459761111873
337.5389268364634,228.551526213398,21.22151613908492,54.38905877925867
339.2332622533227,227.0775468305532,20.67906722919436,54.68128634377642
339.0835280470972,225.58941124191588,21.287190426801622,56.61730483550419
337.25491152165955,221.55648267218075,22.98925379994265,58.81127476794319
338.1600583892368,220.35889529323563,24.683034161467855,60.75248529243498
339.2306195021273,219.20604583000127,26.19376740443683,61.55304200698962
338.434175030899,218.94669126700376,27.718007054901264,61.11375857927372
337.1917875864515,217.30357304072393,28.4284899516087,61.40498465585681
338.9701512990145,218.9322501613102,27.169598830193664,59.234178266246744
341.520255182037,219.07222438965374,26.48266010711751,58.79083869627843
344.60309082071154,219.90979516784856,25.94897735515894,57.90848278442009
345.81414138934707,218.51592681891495,24.65405822472384,58.22382263170135
346.8741184009591,217.99414611389867,23.69204792708571,58.4446301354839
347.3638147608022,217.6499113737742,23.517449518922902,59.0532198549907
345.1052166864595,217.3698519614072,23.491264930303615,59.35358831351372
343.4766741944242,217.39049776634928,22.93852020246012,59.17153437452798
342.8170952547134,217.52566112685324,23.842288067233312,59.39260169648885
340.0612610257281,217.40085995992868,24.18023521172749,58.95072148639264
338.79954203601375,219.5994102295885,23.001692600335808,57.070558202932354
339.48393279691146,219.20249379510312,22.120719306079415,57.16297505627813
341.4596805763649,222.83612483075353,20.6779670333053,56.06000436681322
343.95695982702927,222.28051694460007,19.204435143304778,55.3436902318936
343.54839708469774,224.4689347166566,18.182556111366182,54.778072949499304
340.4451680182995,224.42578743074887,19.184515953147034,55.15413192561162
338.0544623987181,222.96656685418222,21.31484992180203,56.52110518323714
335.8534382588874,223.7111390229731,24.08555054521344,57.37990701264757
332.0160700665832,223.04473560786414,26.358782413220325,59.969153051849844
331.2141941911781,211.49167395190062,27.18778440817121,65.94629381983155
331.81100448651125,204.7007962097364,26.188576048950125,66.3410833617772
334.5099262237814,188.34657598039314,25.65998001093326,68.12978505093245
332.5509257966968,207.8794666645283,25.473290313344673,72.6666495566856
333.6151680527978,168.66646072980305,25.30517872594733,76.96283964879234
333.94339920870533,158.99452363528246,24.889576399483893,76.83012082025542
329.8660912870043,159.05181154046818,25.610857892299986,72.83236629894643
328.10509279120197,164.44182860436428,27.06701320909996,70.68795228834179
327.0377724100229,163.7292174695048,25.73041678884085,65.39646923579511
327.1908029225154,161.4171735732238,25.879586476746546,62.99173317581803
326.51326814382384,168.3060596327112,25.205023465770275,63.395891598835405
327.6305943957611,164.79728959224184,24.671725942364557,58.23824552254756
328.394795216077,162.69762264558435,24.889509604467037,57.12388923031568
327.6610300479068,164.9324614993166,25.057433617565323,58.585180761132435
325.5990129310791,153.75189281436428,23.83527644497081,64.14028785759957
324.2621650185139,158.46458291402357,25.166519267171434,63.80559064167943
326.22994003085626,158.51497993813462,26.278927616510195,64.54430465009798
327.4964949837663,163.78043882912868,26.296827842526035,63.8205768095161
328.4220261553539,179.67497557199582,26.308512691733636,63.16948855327401
363.3464217031081,234.96962447826087,23.576725990756493,56.72176178566579
368.4053961835302,233.97042823273952,21.58560808459984,51.00756882748969
371.2120578275829,235.7369345950165,20.364450934189623,47.64644636172481
371.2419534087175,233.0776651141843,20.790148663522015,47.59694333120174
373.2141624691749,232.3367975828744,20.942517041630687,47.63478496120433
372.6445905234453,232.317588484026,22.468135542464914,47.20011966280738
374.36560935198486,231.97573029031312,21.626821151987325,46.85723998089717
376.78453823910246,232.88531675087268,20.426261961736483,46.323238568567135
377.9916946018323,225.515894203775,19.766114885690897,50.60447257877815
378.75586265783534,221.70057495908642,20.146485438723907,53.596088241006825
381.24108188257236,221.4078695832574,20.173117301749837,55.13468502782115
382.40296541390103,223.0716479032575,20.08705165510808,54.62789865149277
383.1215554810047,222.16660838580043,20.054671935939883,54.49158181238349
384.5466704166458,220.2188758027115,20.041920702352968,54.98281113871762
387.4915405619737,220.45802247752283,19.27397606599398,54.89244198343088
388.49114084883826,220.16485332919964,18.802668558671126,53.778188239061635
388.4907930781488,218.90419938081482,18.434467615675068,53.87083097469848
389.8008313833945,218.88974180071142,18.30605970635559,54.96966190638969
389.29041297280816,217.85870503346456,18.46089921307505,55.74944784322716
389.63534692809264,217.93607919900936,19.55608074098265,57.10293925823128
390.7903022154669,218.58751248220653,21.251892212132574,58.206383726993195
390.0624302318545,218.81596901554727,22.79839545670116,58.24356550894454
387.96376216363285,219.40942197179345,24.564670802128838,57.41145695973343
387.35296430472107,218.41212967762783,25.146618082452445,55.9054617140803
388.45528208685863,219.90757746618718,25.604915867786673,54.88717661059438
391.44361402287615,219.56947631699063,24.664140667626576,54.53447876250312
392.4397464697649,219.00300863121652,24.140595256270984,54.74404377272323
392.4130213971257,217.71886107304547,24.0306085119009,54.81191164297155
392.3132035272692,217.0672411701022,23.63409862173114,55.3613214928034
393.9922273089993,216.38243295979748,22.32484866569275,55.64190287923317
393.58372351413846,214.87327901365188,21.760020317914496,56.0125362109775
394.5338108155018,213.95637382196637,20.91953809800036,56.03886673595008
394.7367757342084,216.3798989272587,20.097379012540305,54.66622753610761
395.35669976896514,217.0959238417252,20.0310386334564,54.82180893276053
395.85415150991884,215.1843507278765,20.114366963072477,55.153179647762585
397.16313724707067,218.46464133632364,19.577251812010985,53.91605424141524
399.1984100258869,215.85640802079155,19.74060823191752,53.923673826580966
402.2572882185307,216.91829665728363,19.548526285106583,53.35926850183901
402.55994742941283,218.9952424587804,19.563965919982923,52.07863739689229
403.54609532151375,216.98977232435794,19.27860556058574,50.65813540499505
404.4544149065273,213.74049330377784,19.822241659113427,52.713593470569315
402.32738917094497,210.31255019568786,20.80570902383273,55.35864899827271
405.0505080057662,210.27772684859426,21.10681632489339,56.676830848709905
407.6192127621717,210.59957717456675,20.61219856012931,55.56929352684309
411.8567571932676,214.0887580398733,19.864709795593726,50.397404574550265
417.8032756899611,225.03083258987118,18.803322582480234,45.30291306732798
415.600352959072,218.80521594615644,18.4145513450396,43.99760796364416
418.6337742553053,219.27406019679043,18.374426892221454,46.92786990182928
421.87524792615136,219.33323747119084,17.02264410131051,49.15756833154413
422.6937998542727,218.70782404913453,16.765362022411672,50.19587076159423
422.66364841742546,216.09241485397578,17.34077109727803,51.67218780913829
422.70570619507794,214.082228883677,17.230074731426186,50.009820491923314
421.76771062775924,211.96541054564398,17.975557443211947,49.0873139795128
423.06135909489564,213.018647004973,18.651047374173558,51.394613643862584
422.0817126228236,209.792941333698,18.638202867145722,51.37323140731102
421.9567699848717,211.71632960690334,18.326320564924625,50.49099343511911
424.82650503841535,212.74238552901585,17.75605516975135,49.86946935944876
427.52550145624974,213.25509436691632,16.674560136816872,48.071743334038466
428.34436891825925,213.94272336880508,16.80975917275885,48.40951328436249
428.78971570894726,214.59285245655965,16.824842568921902,48.414690289517424
428.6089073925289,213.82191323146114,17.396908420508524,50.10085584908943
430.10223959800527,213.0541379582292,17.69929125076679,51.21454665434236
429.82217400394524,210.77648279484617,18.970909255293115,52.495473436186565
427.77173983634157,210.79527675796373,20.456070193039515,52.72235084198272
427.7387985608029,209.56689653816926,20.984187241187218,53.623843947587275
427.69970484389006,210.22833289643035,21.386990153528522,53.798697671494764
426.25833315746644,208.2298809201032,21.72288904395384,53.547280090945975
425.41423436238256,207.82907823791865,21.517409876309085,52.145760455315056
426.63482944699075,206.30460806143918,20.998293071350517,51.47254809831303
424.7837018590159,203.48514626959872,20.985017851792474,52.31191113511899
421.48466393968545,199.79501306511082,21.164194154320505,52.79413677261037
416.79562002223554,197.3738146505081,21.2521055976188,53.48595987134709
416.39417498041223,197.0795587493942,20.650134231070076,53.42595787962958
414.57266399984957,196.79145878806847,20.76776556719537,53.7670656391951
413.56385270841463,195.3710710956544,20.514681973307475,53.43036604843729
412.33779178171756,197.6662975313306,19.928763665568823,52.354302215170804
413.59841561496125,198.40691328381703,19.45936536431583,52.12601565648701
414.6648176020326,200.66514454140628,19.122917591345,52.5548809000976
414.1952522336255,200.15184915406925,19.098226917026274,52.5307056835607
413.7725554959133,201.9819065322589,19.408174225458485,53.172135116634564
416.225340996021,201.1687465754511,19.973581008446363,53.91341474704703
415.3956909328757,201.131130737552,20.71140286325247,55.67927447460302
414.43977908578194,201.73729711222782,22.79252282208846,55.80672444009514
416.2654994001447,200.95314945850913,24.94428959082398,55.81273337057942
418.8753224590595,201.3308837924459,27.6972539466272,56.707502739815226
417.03723544076433,205.9647168739217,31.157088871889357,55.03962905733235
417.0855684987515,205.55153941376523,30.499753810602495,55.50728036436411
420.0848461502302,209.64327425844235,29.04442665705914,54.138477423056706
423.3557393853905,210.93201203678038,27.210800587129164,52.44262418083376
423.37069837862765,206.52132266355784,26.86935916315484,54.90763390872419
419.64205849133333,206.52760374616219,25.42681288793881,58.913138149765444
423.6685230499273,204.41265743090608,23.923688458250925,59.850977557621434
422.91903651941476,206.66392486263513,21.35918495677597,57.80230011603834
425.3424376615974,208.97359302456474,20.66725938139505,54.94681877264789
427.2387273192515,208.37982862116698,19.743164563157194,53.271844527685595
426.84062537856425,205.05456756144972,18.86344986543004,54.44081452309665
428.1620671929674,210.97939129527717,18.048920118459694,50.56937750466051
430.51647638422406,212.622648235295,16.57092143809489,46.77172470860923
431.0479462611273,212.11473842866477,15.942613031944525,44.22968299374471
432.3496896158456,214.54854650874958,15.343345377683816,42.25151690681726
433.3356871780016,212.9014491382119,15.625752414016336,43.857120644474655
434.1743273529385,215.28703020253573,15.32862953484559,43.96110347432304
434.35330792939635,214.42091277469487,15.58327061581669,44.7245959593993
431.3450927580984,211.55005577427042,17.74086001602969,47.82599013602946
430.5461408370002,213.15629464880323,18.93741192951517,48.39303814379983
430.91345046612264,213.61208212971837,19.297488716192277,48.147265183922606
431.10402935158237,214.12488264544885,19.78771461226496,47.89656649621167
430.8374971888704,215.07476072291627,19.803887458196723,47.512633705534626
431.9956275647573,215.85955351025902,19.676072751344808,47.18120731053663
433.3742350502908,214.97354014232278,19.19960424023874,46.76198038429976
433.9534662772429,211.01783452578027,19.25478009199854,48.293325699415995
429.19041522277377,207.88653248555192,19.15395196412046,51.1517244576071
428.74855793901764,206.71315015539608,18.96770498378107,51.47724888354381
428.93149650913534,207.25483980619498,18.58299849784255,50.21094721866471
425.6657684924963,209.64761320515882,19.53497149889413,49.768494292807354
424.8787191050823,210.503881356408,19.368881675089295,49.20076389851212
422.2393357110103,210.48687675224494,18.68980849741294,48.07205338027572
423.1600604291949,210.79387877364653,17.637497854989082,45.92890505036322
422.98883228278976,209.7101612125584,17.16343345688144,45.02061080242226
421.7729538984999,206.89392445899807,16.923177896359537,46.07179311081244
421.1502198912381,207.2465629260252,17.321119360590213,47.613525454101904
418.52967010593835,205.9856849268042,17.948586729041256,47.95334328115723
417.65231700304963,206.84513677923638,18.94883736841247,48.09170886340225
417.64137138095856,207.18584596918475,19.88271591728207,48.6802337208102
418.2638187986174,207.8697145478779,20.547428015558168,47.32944907807232
418.43780154470875,209.43926196898906,22.69538842669576,47.33508385010781
420.0546755226797,212.1965008878145,23.609864347707052,46.35768486987884
425.0058926219124,213.18254140646138,22.68026950471041,46.13125507770226
428.3573489355459,211.83950989093924,21.003327336427784,46.75637450523091
430.6714705317899,213.793478602383,19.741386634174052,47.05613971906211
432.03915825648903,212.0883142040796,18.761687454307054,48.336967172895456
436.55732354427903,212.79481529414727,18.067230047672403,47.93597365975233
437.57799958957094,210.7014558748075,18.444777493221416,49.19324913905692
440.09234077669777,208.54865296732265,19.091922145334937,49.36843808390941
441.31804910228567,212.51964426285468,18.965319336932524,47.946810717454696
442.47118977862516,211.13509984587574,19.61374989831614,47.80295094301416
441.1910987260404,212.66847418335595,19.615750240790202,47.973567990709995
441.0344087488388,212.38805023957914,18.471702216677897,46.82877317806826
440.7414905614494,211.86529738484785,17.850003801417667,46.666057451983974
438.61424528103146,209.73027419590963,16.948610573190983,46.123611459254946
435.384265905744,206.06146411387815,16.56396483157851,46.78831902566169
431.22072892939394,202.72043904063332,16.914216884864484,46.819330048616195
426.38141345398066,203.04496054681724,17.287038814694952,47.83523454601395
423.28733027542467,201.92813985420716,18.119072664482722,48.75428547713254
421.1845291603494,201.24738456291414,18.682569792094164,48.46455094253112
417.5092750758194,204.51764743780967,20.230435138888538,47.737684860708754
415.951822503502,204.79978006768025,20.33352998078894,47.632632857803586
413.1572178389289,206.8950634679659,19.871103567747713,46.331241472271316
411.1670788425619,208.39296490267537,19.855608245051954,46.18065344660235
411.0923051373304,211.06539727813535,19.414930435788378,45.370563475955876
409.7586792596367,212.43888694244885,18.94881274537496,44.31007706725072
408.9462112707566,212.63105506868985,17.813082829580633,43.924359894358574
406.96529102710724,210.61755457052342,17.303136817855773,45.16274089557425
406.14006850773984,211.1532716613973,17.475752877098444,45.78643610835777
406.689868390777,210.76747005814042,17.957993626160786,46.24070990813324
406.04552504278547,212.87752970928145,18.841185632202496,47.339377226944904
406.08386715226857,212.18462731247007,18.698140939603462,47.18184705963016
407.3326675895218,216.00423676812792,18.09104299478448,45.59336362194729
408.7682236575892,214.10084907487504,17.111425609626277,47.153114472320254
408.9270630694623,213.0128650693845,16.91644270873172,47.02768325234428
407.7689325174575,212.25771196125106,16.98997462572962,48.98466763023226
407.8239353632527,213.5923016265127,16.859201722225112,48.79469057021679
406.90740856108056,212.4275528208459,17.225672074616256,49.15836786905041
404.8071144793732,212.75933596703146,18.41333604369499,49.58655267531206
404.0481978991524,211.47626770829007,20.11143653812097,51.32564756681829
404.57051789466107,216.2914623956762,21.696572548080173,50.775275281889805
407.88424712574437,213.97952402162187,20.597022411108888,49.48374675656093
411.2674444458946,216.07946723268367,19.311615319636573,47.44227708248424
413.1456927234488,218.3352337069028,18.506824697145404,44.46837230787408
415.1126146619258,219.4864622621102,19.144559799683567,42.6967074337874
415.90194975204844,219.0217259394687,20.112703584281988,42.385075953093846
414.11210180319983,218.10866732691645,20.453248481002632,43.12491235544445
414.87273063917763,217.72796194013347,20.391967005336177,43.902535592389285
415.14185617385465,214.46256194395443,20.152452508247755,43.33487824832163
415.81696877014264,213.125197728156,19.968288717038956,43.81794103050443
414.9587543580474,211.8976638007752,19.68261182833885,44.85010391700426
414.02295343721806,209.5317752789071,19.429022935134203,44.81772843388498
415.37277420937943,207.7912653014281,20.05311185956141,45.08700980241723
416.273920631752,205.96212504503336,20.209513472824103,45.6554847121794
413.1388243780901,203.03089077620731,20.508346727218232,44.92852148713615
413.3640802499454,201.0379473215381,20.138599754015466,43.899203013173796
412.38969564190256,202.2960012083401,18.690648083870613,42.5343403567573
415.1902709204932,199.26898743245798,17.58897872786122,42.964512317701235
414.02504828079026,198.15668498301272,17.661489436954604,42.731994413857336
410.51927110814944,195.86483058296176,16.914552266122982,42.05177956893975
409.4940221615987,198.13794122451048,17.231895862349486,40.999248776564954
404.5057144203262,200.85666986671413,17.754104606613126,39.1353235966499
400.32476865546437,205.01416914786932,17.537146343856463,39.6101809913707
397.3220214725674,207.0536072422846,18.10448458172063,40.90697618925893
392.3229719644356,207.59547629939837,18.552969645347467,43.9810978772775
387.8568951575489,209.84669407431912,18.307152372890485,46.02550680985787
385.57881094138537,207.0094998757761,19.35086963334252,48.332738224522
382.43574817166416,205.27580992437805,20.101274347589673,47.823845544310295
382.08633080766583,204.57458225580913,20.123412298242606,47.38616721445595
382.9120138105894,205.74504653226754,20.31170693692674,46.29243104435162
383.51497136276697,205.95891534163263,19.848559166555905,46.71634747835586
384.540498250968,203.08689214834175,18.72754384230226,45.58569904071884
386.24864992823535,207.24348872551025,17.975348764134818,45.59837258560057
388.0282847866733,205.96131012264945,17.755190375383897,44.63987212530655
385.72662668278747,210.07453878623267,19.134774588526643,41.355522952437035
388.8935287861926,207.2138992956837,19.38842613122813,40.74349657464826
389.231230042005,206.43127075135834,19.086200194310273,39.10788696408018
389.7455006149841,207.79973044819107,17.71261968067634,39.00941819297331
393.68353470079643,207.2101292479798,16.932109675555544,37.433020617809944
396.35121878808934,207.73945470871516,16.29898149120418,36.3029356753431
400.5956791425969,206.8907428283675,15.423174185509284,36.41687097168294
404.05780577539235,205.175065408448,14.828823568844157,36.971272686521985
404.3663799194429,203.12841355710452,15.598851794414994,39.21769070805658
405.73756244509116,204.13000638191713,16.446040576126258,39.74853215804076
410.8195861289554,204.24612532430606,16.584834394921295,38.08631685627067
410.1655983063843,210.8058327043954,17.398890667504766,36.8731292079084
408.7778501542796,215.8421506387507,18.2903842861674,35.21063433040879
411.17298050348995,213.91189724533172,19.25330504526613,32.890972965391235
415.2087380990605,214.20280952384124,18.49951598937897,31.723119355637834
418.2105357820233,217.7554831119,18.182131255777584,32.110112267410976
414.27892046499693,216.8242691081662,18.045209301939707,32.57174529196841
413.8230328857293,215.53240495771462,18.66094869387353,32.69921291171921
412.6347251098599,217.5819864720985,19.584149328620008,31.74986830336158
413.48687686659844,213.52664450559496,18.967606740435908,33.31711046390773
412.57484834590883,212.12175678551046,18.50485958259637,35.43038321852986
416.431906179865,215.20265689476463,18.593165484508262,36.02539604933796
421.3135078619144,206.16032303147867,18.264692650194636,37.60368560208174
422.1976377218209,203.42733498024683,17.333552986533945,36.779309836869615
426.74729135635874,198.14812389621386,16.493957936696557,37.1941620586465
438.27841631894375,199.5690801373943,16.164557132620317,37.20250744982074
438.84893516010817,202.75334228992557,16.617025309666424,36.261687002180096
441.9910345691968,203.2674011976694,15.165101882114158,38.41215042448546
447.6969955620495,211.49652188907146,15.50819240861585,36.44090855340003
449.15049632978383,212.37700562160708,16.09412605381129,36.49475279487178
451.9487500681189,211.79689136890062,16.471396348137244,37.16414420311672
456.94988754855433,215.91987856895636,17.964612415098355,38.01008874831774
457.9208866901533,204.39951529951333,18.41998351666611,38.93487900790694
459.6546293789367,210.2122014062025,19.491614044860945,40.844174763278616
473.67542453291213,221.8856902520441,20.047939386324224,38.219822804017284
476.9475711231316,213.09088162019682,19.12696773908835,37.02091162532902
479.2571643249629,213.31807923976245,19.506484338355484,36.66234158151023
479.7041017150213,211.03590305437874,19.492484741344136,37.38743766565659
481.4754524560397,208.76602356490972,19.604392939483052,37.933933399965746
483.0364363212085,217.7673128794038,19.01459836588373,36.586719761211924
485.35394427088903,214.20837070251315,19.76543146554615,37.54971214721977
485.90343934153344,217.7046787795539,19.696249368690943,37.43527745065787
485.9246878683764,209.5661414227348,18.730465877016776,39.991801627186646
486.5348885042565,204.69564332078073,18.712060454865906,39.86704465726666
484.94848540097826,210.59329962938048,17.971338219039602,39.38447618069215
486.5282819410328,212.4661839154085,17.711311789321186,38.09220644896815
485.5696702935497,212.56231062109464,18.16219597295922,38.55756106982246
485.4859594335611,209.5724121527067,18.632748796452,36.37264700806317
486.14181505996567,219.06903589559215,18.85099817596707,35.10424540852273
488.55238984464677,213.36267201199735,18.605753452796275,35.52447287053655
492.23240234896446,200.26865816733027,18.569230031075023,38.499793040339455
492.3097530067791,187.8931406913658,18.309708463980936,40.48276158601839
493.06227318011526,187.0153003694709,17.968280483031172,40.10459976154645
491.9322822575641,184.16004584308456,17.488623045906902,39.69032243736602
494.54753122650214,192.330933854921,16.595588486937157,39.0515188258025
496.3311473487291,187.3082363275345,16.507344889944157,38.44268567012632
498.5534045545325,178.8315102628035,17.221910983708376,38.305546368924254
501.75982698833343,185.7341550913983,18.01142054725895,36.74028509308235
503.21019482883077,187.09316122728936,17.951161856010295,36.59310412012833
503.37529257145184,184.1443278158175,17.930780823893194,36.74765265693925
502.10245682048344,189.4653621279761,18.395206903466686,36.104477770415
503.7516531945183,185.25105214497253,19.1483125684829,35.87497090536742
501.06674953928535,187.58250576240266,19.488052435101206,35.995312571874365
500.39017151913623,186.7308172421533,19.93183042364161,35.84926334284181
502.74673401829557,190.11769902651665,19.58394742971749,36.435424090521394
502.1857702805934,192.5141426697018,18.529513821137527,35.82497088618234
506.2155442202801,186.0111599345002,18.477503783560877,35.3385199747496
504.29750861594613,192.34034127346916,18.300711833049196,35.67702924505386
504.22699644378065,189.33953732568926,18.00117679017312,35.264055841785535
504.3544229021137,193.1698680625421,18.126038839327343,35.251633503822035
504.848675586463,194.06040365491808,17.447477623460717,34.402714113503684
507.3591643621145,188.26077240590814,17.21684431043898,33.66079008808605
507.50841205399047,187.44352863636627,15.408598560476127,30.755459817111227
509.25474614793234,189.89771196378365,15.051855665561149,29.23061519596784
509.905745571828,191.44702523168357,14.998247015523715,28.552932874035182
512.4658991394718,190.91362543729355,14.134127319200735,26.66373118107694
513.5081258842093,190.13649752580673,13.960051332167248,25.445564213523262
515.3600628991404,189.4609181063729,13.884290095273846,23.861756011375284
515.8919691554238,189.4853967779734,13.55588255096871,22.546708275107914
519.2349706016864,189.7569282816763,13.837645466549121,23.20710596106146
520.2302734032548,187.78002295063945,14.218103095834126,23.300679501553137
521.6701395265432,190.03395061465676,14.54785876429657,23.871681595393525
523.734409511741,190.61392975426034,14.278579352982852,24.700485218041806
525.738064085622,190.89021911553237,13.892676760396629,24.790919495986042
525.2820477944448,190.12009988614875,14.791144279274457,24.91687420231186
526.1055547903218,189.6045724050127,15.064036903731399,25.380218288119124
526.4887033128579,191.05118342136763,14.541804189713913,24.444386086952264
526.9580353243127,189.7637942479122,14.099333098933155,24.92068420925378
527.4940012759213,190.3833573553742,13.380886303137924,24.750314097845376
527.4216516107577,192.79386007793659,14.456432801433625,24.22180438025967
528.4583448458749,192.85472374240928,15.123913945945475,24.210253137740025
527.8370549068985,192.4350238293622,15.396378162277102,24.66198816891233
528.7582535194156,197.18051007568556,16.388163676500916,24.588351186519517
531.3690974559884,193.95061172751977,16.3304162330429,24.64266082230421
530.3082647494789,193.11122355039345,15.745737041569551,25.16279917606856
529.6493520493925,193.5350423734368,15.841882754242334,25.15456277509908
532.4085412790901,192.3064030018974,15.387583579515116,25.81749947716224
533.04802391547,194.17416539592273,14.780081319450666,25.858555499658458
535.0053896414438,194.26561857010182,15.083329298655448,26.16921757171042
535.1571453598237,194.49312671591088,15.325563711504813,25.88718254229932
537.3649165511629,194.70124830483545,14.423609280486735,26.18736239911818
540.9529316533587,196.0134881587111,13.63702914933712,28.49102142427698
541.7335130770314,189.11935940481683,13.49270590160123,29.30602758929213
542.6022997377696,193.87101333053204,13.741826916062355,29.98896088776403
542.0662459820171,193.13844670666015,14.838333231278266,30.16485615943364
544.1468409914239,192.68998364602936,14.39233791461318,31.48097936321473
544.1627842153785,193.69821684221262,14.578568226957866,33.35622134487165
545.0796838744299,192.72529482788585,15.095598986980136,33.50966882811501
546.0735670050773,192.425632779538,15.127745445411865,34.13171326172478
547.498096679064,191.1278705446523,14.777679017360281,34.77643969682819
547.9882765112148,190.0475109931152,15.076387346222692,34.52617094589852
547.9093858216304,187.1271270092167,15.252464013477447,35.02662214123453
548.1563758413905,185.76222454663014,15.378578273273567,35.039881961427234
550.4149243779091,186.58824465242935,15.59152270414286,36.11061244074679
550.8795044668385,186.06986659344727,15.849000404701968,36.25840676671873
549.5231295940705,185.97481625231077,16.120397305999646,36.3387586086597
548.7336054711893,184.28474010308076,15.54206640137146,36.38436195692444
