340.0,358.0,18,55
338.407306131753,356.83767037168946,18.092019206220577,54.91201582400389
336.6987453554876,358.1339660155947,19.767548351524844,54.954815771545
332.31090875924815,359.6815301899338,22.335900377011566,54.825461958999576
329.3126315531785,359.78978443521294,24.627681839932016,54.62009238445689
328.710824654132,359.3081374973523,26.29002061361103,54.090329009201746
325.9016680139316,360.8529402021603,28.426629182097727,53.316839932593396
322.8726647761372,358.7358995637308,29.95707828463969,53.37210346042903
321.51060924156843,357.43688255268364,30.05628090651159,52.81585586631239
319.35875188422324,357.6022819302435,28.184778946397266,53.66750645201299
318.13501781927647,357.60479548170724,25.90016089465016,54.03512949556985
316.35609780854946,358.91041263247206,23.115685242276108,54.450949027048026
315.82346316679974,358.21760347513464,21.23382622987706,54.00935786906672
313.0730477058621,358.31710242097955,19.96483598476012,54.330516837728425
311.4534712469561,361.73895136302804,18.576242320540885,53.60795847999864
312.1037567683029,362.5673365951422,17.494009290542653,53.81430141909057
310.70079008063374,363.1130907331625,17.13273685533411,54.14158586765933
307.39740960796155,363.7542664970803,17.285533567280076,54.409008509745604
304.2935089216555,365.52983940435684,18.714694192821863,54.39781020495817
301.4369303923334,365.8974482566155,20.700571588380065,54.2371622025893
299.8653211693176,366.7593443373131,23.003503779528792,53.42634916717064
298.083892425324,369.0470866819942,25.898911316344183,52.5491982180429
297.5180402649174,369.51681211273757,28.351446935985592,52.13306278624364
296.8268563908733,369.89413805133285,29.626026598136228,51.62047633874053
296.52208941310823,370.04900971080247,30.56022180854919,51.88165587136386
295.9426104668289,370.8725419322124,30.175982069271868,51.73547643830959
295.14888190442525,371.3830695303652,29.495159164782333,51.65047165704294
295.4308523740839,372.0932855675036,26.936223108277588,53.069501863039676
295.2698737543008,373.46592992536546,24.11821147577332,53.42550098911285
295.90305011663776,375.3402530255323,21.6569277208261,53.361943900107235
296.0132323985276,375.7797588863801,18.885842942202697,53.117758838567966
296.73626824952873,377.67484987127244,17.01293713375501,53.58836483265048
295.6961337641539,379.0179482656737,15.725896534192247,54.08977485537136
295.6854837729932,378.22729830511565,15.831318220615135,54.80996027453433
296.32791448369403,378.282354373625,16.12488697499477,54.868579826968684
295.7336051093994,377.9698961463861,17.778883531201295,54.57426105195438
292.02281693552516,377.79570048607957,20.35053006937938,54.563780912606546
290.98626325345776,378.43973247935077,22.883888288006364,54.421346808876585
291.15630296628535,378.37180764209387,25.309510156296426,53.96260724999193
290.7376691410208,378.8487487337943,27.285663304872536,53.327954192567674
289.3022194754714,377.08039389571405,28.246589491439984,52.992303639235914
289.43353589440693,376.67017003677074,27.97193272778773,52.747748915716315
290.51000654396375,377.3510847181667,27.573446995080253,53.206094723822844
290.30224467867845,376.846802492257,25.652590720768078,53.27905126548602
290.6520618996004,376.25365588944607,22.449721415642948,52.81510643399851
290.9657221801837,376.72348275775727,19.85098056639037,52.01426190147764
291.42280429404934,377.36546366241066,17.646838311315385,51.708968305061475
291.29276298866455,376.6690601899733,16.70526076583496,52.33393772552207
290.69033903330546,375.463090849152,16.020994296670327,52.64892206146153
291.09983626846144,375.8167013408796,16.01765839569428,53.46959414441272
290.61118597082367,375.7887867231891,16.11869251147767,53.571810098543644
289.29509386846746,374.6524716814373,17.32392053943231,53.488834102945646
287.4103013364821,376.4998481035042,20.027953845590456,53.22599654201512
285.1635774567442,376.600034918876,22.921426019128795,52.78435093861516
281.9846738007518,377.73880358850323,25.900220269590164,52.14073999096232
282.58913009113144,378.2430504298403,28.119881297229366,51.838789277038096
280.9076345492582,379.112569427142,30.19731940246021,51.503956604700434
281.1825388198225,380.30483974262575,30.79896960156583,51.066239093850044
280.8759747483791,381.42455058551656,30.5151708645699,50.86333169029501
281.20734737792753,381.1928703925132,28.49569037598085,51.42868182239545
280.35809310511894,382.9300760756746,26.327331856168318,52.228287790056996
279.23184242863545,384.4631823644435,23.469252764799396,52.75031678966762
279.5636522074736,385.8588453504075,20.727782865326258,52.377783542349064
279.4480728583157,385.9892303722085,18.32646475700142,52.46038202902052
277.0589993169282,388.2716954325838,17.27049013567485,53.10178125397307
275.78166852941746,388.40373063405184,16.6842520524932,53.23343228658379
275.38546891301814,386.68559537304355,16.77741727650278,53.553537647467564
273.66314516214175,385.54255559220644,16.866534993099272,53.53051991910273
270.7226927933256,384.30474011410007,18.45675979909095,53.347123775706066
268.0082170941256,382.9429921580577,21.07104444944408,53.55870257353313
264.1893765247203,380.90129110210944,23.504242556028235,53.49304157507804
265.52621513104157,380.33751262275666,25.371474156862234,53.07991860214291
266.41932541227703,378.6549583744942,26.98761260318036,52.733235106480436
265.35095480971444,376.11535689663685,27.58794633760232,53.04228120184352
265.04791834380364,374.44246085643726,27.546939801650485,53.05160172462551
263.95126185437545,372.9148591227076,27.128512668202205,52.90775428876447
264.23975294033454,372.0727519552056,25.177629129096594,53.14178857005754
263.31547215893147,370.8517028797929,23.24050038428553,52.967599489437546
264.192773902208,370.96728113963985,20.45576078933402,52.17881052345471
264.9587692009725,371.03673882979035,18.425402882234664,51.9117670913959
264.9630609003581,371.1233495619747,17.063227564518268,52.16708871784752
265.51390045563323,371.5968523065445,16.7212988201788,52.808187476754696
265.5996270125609,371.9348529639432,16.040659915307845,53.206160771332414
264.86498777903364,374.06761571733904,16.117070340370184,53.44527393641569
263.68965722703473,374.20823373529646,16.60835644436806,53.454397397571164
260.94852180043483,372.3924770325529,17.913503274130363,53.45302200911299
258.3053937297241,370.66331220002417,19.916312149926807,53.163869374365774
255.80335121606194,369.6743962250468,22.068819418462056,52.58249722275793
252.41203783986873,368.6772708550119,24.847356815379698,51.79989249407778
250.96675052384535,368.861455867747,27.204728322426483,51.043430427591986
249.68076580868157,370.465453318984,28.56292211798842,50.918168679414876
248.05936007960133,368.91315713871484,29.407891168922355,51.33605449698443
248.7414367926501,369.4774792282885,28.726812693996685,51.776441079555894
248.4557916356828,368.27366582447377,27.808829936642205,52.22044484031033
248.28064771617633,367.0447939493291,26.420821266866078,52.60808971364641
246.48636720913245,365.93631924222757,24.063581499703865,52.5392267499199
246.1227298266664,366.15692823740363,21.55625238280003,52.68229831034898
247.77984753861693,365.0316068322227,19.66984288663332,52.23302046641396
247.7962848488962,364.47592846491455,18.181539188926358,52.64730994028815
247.67001902497825,363.4373079289907,17.312244664887253,52.511462022877964
248.41631884289416,363.63896023185293,16.851978403078864,53.373355171059714
247.75175124500183,363.7186275266091,16.41414582542601,53.40219196826612
246.51579857413546,364.26851890816,16.687061298994706,53.39524367782069
243.3781644790142,361.5806959228026,18.376269918924713,53.039551147558896
241.28992132593072,360.88319393639074,20.390601073724476,53.147140569601376
240.47748209089232,362.9652148089388,21.513312795754434,53.36084540653643
239.53189313034102,363.0972939439071,22.650737054747665,53.25044995398268
237.64812796721736,362.49197205703183,22.728463303846528,53.1829870382801
237.0628314435203,362.36382229416853,22.46006098991248,53.38820013822546
237.57952218656118,363.6444998084415,22.332273375901067,53.987367570616996
237.54678316865295,364.0304024380328,21.070892891209695,53.947801080965675
237.7846795553519,360.7785777594939,19.837379170546242,53.90953454448882
239.09988252587974,361.24062422952096,18.845919762693672,53.00985566693464
240.71068981733458,360.1403345456828,18.13254492587771,52.37553513226723
246.49090541489775,357.8478428935893,17.494354941688844,52.401329593680785
249.33350019987114,352.53654683788767,16.86296786197645,52.10625813086532
251.0730294262991,349.1265054993638,16.15058726556589,51.653376330373874
250.7440668862904,349.004738812764,15.969828263552042,51.177045811972036
249.71155738543388,350.5329237502085,16.007793432257223,52.12285794391895
249.59635822394426,350.62975632954965,16.05452171129115,52.401253942463214
249.2510486657168,349.2840393441773,16.95499495372262,52.46617729309067
250.22737363229976,348.60275860798026,18.3198651621583,52.24667699790661
251.20255264790808,350.5178482344442,19.90065031941821,51.77382806724434
251.21807466258028,351.5569777047942,21.513588223667583,51.650342075763206
253.34693303262958,351.3101148101839,22.95812673259241,51.07476244506185
254.75022626838904,351.85330099980007,23.632405739589075,50.815645314852944
255.59872475671236,351.5937430456991,23.829146555911244,50.70468004629707
257.225853188181,350.9803923902207,23.985320601177044,50.62924207502733
258.9714666372736,350.8777823812392,24.015471266468445,50.601078914279526
258.3778026700545,351.11852588467144,24.08571851242999,50.658639148625895
257.73094659351995,351.81846955706885,23.644948853975762,51.381966525510734
259.0025930214354,352.34022507149473,22.306276359472875,51.85209685408084
259.3091637116295,351.1471545589151,21.123173431233184,51.591951868497944
260.8467226817029,352.5892356298355,19.450139841672303,51.18969280282893
261.86866557576906,353.73901857618665,18.206318140454073,51.18933650485329
263.0664160051173,351.4166830675987,17.276774923359213,51.06003596441204
262.66882189584356,349.97630567163446,16.603854011047254,51.323816879387365
262.37574496169947,348.6234677230734,16.166387273866697,51.57598630678289
262.6404714170142,347.94629929008835,15.938554846635661,51.778498221581145
262.34295158234283,347.3201549161645,16.208368685900293,52.06165549970224
262.2550588687683,346.09745963027876,16.737471373791507,51.787044850770634
261.72423648619673,346.7605787580827,17.76258659791899,52.04294465668619
258.05394938323815,346.80923048427,19.153804724734645,51.9609305109521
256.520434900483,347.96806532196393,20.02694025762775,51.79937350646274
255.82045540455036,347.4882064134001,20.504978473125867,52.10595411655912
257.54709647851183,346.65580671648866,20.272826696296693,52.15091098108521
259.24126205879946,347.8549764547051,20.08820036970573,52.019813936292934
258.8591065486713,349.81298599712034,19.847491248360484,52.2287185575171
258.2882117610824,353.316852003263,19.30707562334305,52.64093893780985
256.5871373146711,356.10078608184875,18.628444486868702,51.86158396423215
255.12432069677388,355.9911365621615,17.836975671881945,51.4712638629817
251.12058494530982,357.2230635884563,17.135020294927266,50.675760030118646
247.50171283953364,357.7287987880728,16.952827372690525,50.268919147487146
245.9653912537747,359.5945790803247,16.49303035866152,50.290623943842746
243.68755810636708,358.4349252684623,16.09148229800803,49.88603935565351
242.76876001616498,358.0173547056662,15.787095446185663,50.23228887968325
242.49402058012942,357.2490644656392,15.768047096577135,50.80756564879967
241.90910159467987,357.2986262360789,16.293765804780882,52.07393588233431
240.42672833028428,355.8010197108852,16.868985966384546,52.4777030098702
239.45132303134838,356.25518877745935,17.983599664842302,53.12768396851881
236.56786175563485,358.1435300502837,19.658450683066217,53.80928389357323
233.95341674161494,358.3957984365516,21.986034558762295,54.05200053900616
231.56467273902962,359.9857126008099,24.12477439498766,54.387308929239595
229.85313224316496,360.2894622960033,25.691715249998182,54.80471188260279
228.90659804377322,357.74861864077957,27.119146441750438,55.82667629265957
228.34737645341147,358.53884367833047,27.953440452552083,56.59890260915941
227.70681403862037,359.88880518996666,28.83492233779831,57.68923227143387
226.23088069438663,357.6935005912229,28.694488611226756,58.49436173259326
225.29833068358448,356.72222679315723,28.248507700213846,59.86291946056057
223.270922180068,354.7819441052674,27.673594482637412,61.31315646719954
222.30831471606555,353.8355670449735,26.217965294431373,62.00516595888105
221.20994852095407,351.1180573559718,25.040872611412162,62.75271585446264
220.9021119319059,348.8609738237347,23.84143653657886,63.28221800194469
219.92170541494465,344.2765071667762,22.409351010930987,63.50780719965077
218.88435831353428,343.03781933411284,21.561330980353333,64.19123755247747
217.39134335792656,343.862735767583,20.65255498336564,64.83304592088874
215.61878696604842,343.86555113153696,20.719533611848465,66.43303653087143
212.45079262396862,342.99880460768014,21.181971880968977,67.60235111178818
213.82870778703278,342.46232024573266,22.97442036343444,68.88012330247997
211.0978578687076,341.16508288159196,26.86258809559262,69.81596765966768
205.61471612037406,342.0082220921537,31.17980848190816,70.61154653834888
202.75958789158045,345.26556366997227,34.82516930961251,71.72723447646169
203.11739406819402,345.9748679364694,38.326811595057286,71.6641099522565
201.40821367491216,345.98800864872055,41.86109340212882,72.90441483146516
200.16969997809463,344.951470389333,40.932038642443565,73.95269581801367
199.40201670589482,345.24145513139376,41.18082986946037,75.49365223721247
198.34517780289687,345.89765761483955,40.45507591276093,77.56270173809429
195.97715742274852,348.2418177357381,35.52090488106549,78.40126748262543
194.77133372399317,348.8993313374759,31.539470613537127,79.4784674520013
192.77080430140913,346.6305109228902,28.387621133509853,79.16605640128992
192.06205772825643,346.2255047054489,26.83431960208086,80.81034312816475
189.39024854204675,348.67264816420874,26.78963231043776,82.3505654879888
186.63039201257445,349.8004771591543,26.25262845043705,83.43407986137888
185.20251926007293,349.4490556078144,26.496939018916624,84.11867345233995
182.63328998884916,349.91072549027524,28.246130593590728,85.86218854581668
177.94374476962676,351.9501614989668,30.978339928519897,87.49863330089451
174.7394861738112,354.829173932636,34.20321759378385,89.73419974214983
169.18012228220837,353.0889637930308,38.41456622659887,90.7639059100321
166.2251874316615,353.6042867189071,43.353030898395716,91.22672929656082
163.62918036848416,355.39134850053017,48.45880234896917,91.3228938192521
161.192669358451,353.4215087087836,52.82846743544172,93.81823746524523
164.56284697914992,352.0835998496458,56.19406922529387,98.4970459061771
161.4086910722125,353.5041144584171,58.28384466221565,102.93152938394704
158.1928314240717,351.1011669692957,57.68010253271598,105.52221440125237
156.6146581979614,352.2931005918218,55.463280039624074,106.61054564252828
157.42783969563274,356.0344538527252,53.31872856771889,107.49429419884643
157.96432004009546,361.08185078876454,47.79990606238724,108.08284993614282
152.35854384102723,361.1196417866619,47.36970431013306,110.28668688566066
149.74188580744516,358.0419248801345,45.941582389015906,113.1818973100435
147.72644347188452,362.1259655469338,44.645196552324734,114.28575811511672
144.51028935923173,364.4502241068754,43.66310658427089,116.65967141515544
144.57987162367115,364.67306472753944,43.46525675265768,117.54910369921794
144.1734632438791,362.35540308908327,44.26952859036683,119.03128976909909
138.2335468347568,361.02161303008506,49.700478351970816,122.76030177186107
131.83620219742843,362.83093582785745,57.189106835611874,123.46862150834761
126.55086202552428,355.36138006289985,63.17708454270142,123.79487903435657
119.42148843524046,354.57601280717574,70.14457195764408,121.79874953213292
118.04972808211313,353.46648380045684,76.11770692171123,122.09327751627377
121.26264175135131,350.6249312073213,81.47868378245363,121.87821986074803
119.91749490835448,340.2736717022675,84.71768352313477,125.57143100952754
126.1996108031418,339.7680178901534,83.30112629410704,126.58273863375575
133.0078176802179,340.16934046286497,76.80992616300172,128.27527171098876
137.69673770263057,340.2098580248194,65.73796380372323,130.66368849137675
150.32139704171382,335.1757263736884,58.329556990791104,134.20964344402944
163.52960004363274,330.4753548459321,54.07434483460955,137.32379592337023
174.39950473883877,325.4862247873833,49.48950370591619,139.9188468119521
183.33393832312393,324.9380189710696,46.36886651781464,143.22088588598575
193.46223578782892,329.049057316969,46.00118760402968,147.4002068992651
199.25452649918523,334.3575428906161,49.54807590787954,149.3269979590021
194.62358156991138,336.0030375489888,58.32876459455224,153.06069736295984
192.582505025827,335.5370566806408,68.8566879463929,155.08848429496848
190.92337388565127,338.6057481780805,79.11010037322869,154.56615256962021
190.6369274876355,341.79037371701975,88.08271240754149,157.11792199955426
188.45742649579432,342.22861436193926,96.24063406895823,160.36332791674647
194.57917275636765,346.34726588912315,97.3107401806241,162.41832222565992
200.7821479682098,350.8805295481536,99.77502901475228,165.12852830603657
203.6068341309324,351.63790875991805,97.5740819822758,166.91784703094515
209.91944282272812,353.3178990378348,89.71418442290312,172.74860133839286
217.59181027929827,356.8165233688352,82.32623661913783,175.69068373107956
224.54950432400858,359.1424614014928,75.84035292424846,179.13451079076432
232.04573375723106,362.33816280948906,69.51061378436603,180.58502692008432
238.27513587766748,358.36007275192713,62.203848117711935,185.23731299223945
240.52706957006473,351.7965956133505,57.714110371589285,188.15818206431464
239.18881341000093,346.89504132828006,57.33791883429498,196.12776402312738
231.77664078077353,332.6244438539835,58.63086150485917,199.6614211299236
224.92040172510463,321.1674503169335,63.11055153025948,203.64379809660167
215.3346530319819,310.2388645572345,70.55304501025495,205.4901969109216
208.93929912995668,296.6643348179989,78.37012000180539,206.19455424095526
209.64576051994618,286.9893476279645,88.14475825698261,204.8213230546179
203.1398359893989,280.9133988661565,96.32756679073344,202.42433141807754
209.65812294394354,285.08149263273594,103.11594405351917,199.51691585757501
211.68821691855305,281.6113959108389,101.61685229570642,202.3393114498066
221.6024826662433,272.84139310310843,97.72313525345088,203.4098956785487
230.82611163249018,278.7305330037971,90.64666589517589,203.51113247873388
235.75131409373574,286.55225700131314,82.34948362893476,200.24347794073316
243.0350451831441,287.24402067976894,73.39231197746182,197.53756288850906
249.88433178127886,279.3169120269021,67.54292091009852,197.27288370986764
262.749470293522,281.6201693816095,62.98433578014357,196.73826841451532
266.1262428702863,287.3588051474412,59.74775840005235,197.93122393363325
268.0959012178666,291.0124688986856,59.65786797442307,199.23375971239446
271.4872822452866,294.57424120959655,61.02635103677055,199.58561792260377
262.19910753686673,292.4653775939339,70.05994532665717,200.20343060314786
254.8721742031698,297.7264892547475,80.84271824405101,198.4273620666769
247.45782450999457,300.7894879528752,91.59536782571399,195.60776115479638
235.04443303680654,293.34068230201,101.85562245177755,194.8857435502769
235.2924326967141,291.42638848344006,108.93475740930621,192.3788819686668
231.27012329714768,291.4413890979432,114.97986448968899,190.45984265372294
226.92938904939817,285.2421155023039,118.39973630550055,192.67125605593912
226.40925681051294,279.99694179655575,114.08074785358349,196.07523872134166
225.77096535549464,280.3128293667637,109.01730390815135,201.1481144598319
230.61353833453694,278.9310245639238,99.34955296959802,200.06296918269928
237.77099240802198,276.49424890426565,89.45468876794041,198.64373485748428
252.43445523494591,282.84499179401126,78.76033147346752,197.15202691002435
259.845568526693,276.341971687607,69.94884707747335,197.70933665408288
268.58731343134747,269.44834167136844,61.60140463144573,197.36781250687253
273.4646641554296,265.3290518130382,56.935875546562656,200.7620929071267
277.54276099201604,257.3677741028663,55.59071702963985,199.4798753782518
288.1674306397548,252.23300544487458,56.84827470681857,199.39583603407897
283.7477846619178,246.11315061735843,63.551671887101854,198.55201907778311
276.9621095056252,247.86715355470102,72.72012913328079,200.50080031247296
273.7060170492666,255.23893164969945,81.28156941709176,198.99137498185107
273.6233587753568,257.6327338360444,89.51603879694272,197.26938340212996
280.5277333947411,257.51021060619655,95.52442823004904,195.93471794776318
286.56894631479565,262.39562201478395,96.58073530009617,198.5870518688696
287.2706756697288,263.8935396630279,93.2130431917924,201.1741633497254
289.56847389241346,262.4098706560969,87.1153715511106,201.3801488245249
296.18233666354445,263.51139079268955,78.23432569634856,199.36650064118345
298.4171581666924,259.50141915760594,71.57345954552147,194.7856748683819
292.9702157613944,262.9944757021633,64.36807067447678,192.67108277536096
286.8660940097669,264.17643440144195,60.6931354667943,192.0628416463349
283.2161518901607,266.0852620052935,57.803749686475506,191.7588583136318
278.5678131628337,268.11400180323335,56.93319081300443,193.31279839548645
273.98325257540796,267.1741754031613,59.16520871637158,193.1926953362555
269.3836478095967,259.57969824375823,62.58466360932225,190.63811938162416
263.05663750517624,257.71952076484285,68.72388319277248,190.97587546250185
245.65445818579275,257.52814091971135,79.9057747905239,190.04601308245233
233.92136326229908,269.3929945060039,90.30238455938621,185.61134985517972
226.80541324547187,266.20005541873627,100.26426506179064,186.37552392815246
231.02444092514168,269.318013503982,105.13175169463852,183.58992514047355
227.5853758489818,269.92555953046065,110.3539370227395,184.50172517736002
229.89924186209333,269.76831398265267,109.59961808245396,185.68572310891335
236.4963101222019,268.0939913548925,106.72200988254934,187.1522882863087
235.63702039175377,269.61413888934237,98.95267430438312,191.3206113814715
239.4357361715916,272.1142917809825,89.5470152056449,190.30657268803503
235.1915731367593,263.68769973964476,80.27166940030949,188.8374301105542
236.8905595104481,265.6149433166371,69.8547757544944,186.40866317141328
233.79989317704494,262.6989404204264,60.37424318692575,181.8770215028972
240.35119307088988,268.96198456516066,57.61292147540776,181.40092100639743
247.08443022319221,270.979386748571,57.489312161037454,183.0151339735611
256.7359803021164,275.8788917115645,56.65151351686094,185.84881447726158
258.2573469294664,274.6201461475367,60.78260838716099,188.51922918930165
257.05506180453295,275.5498237969987,66.86518767023095,191.64366905639326
259.94552026720777,284.4776786063451,71.98881176050637,190.5385697892629
267.775256177226,298.1877497316002,76.41356845609486,191.86531474578402
272.6574851402778,315.1264111615096,80.0378434401475,192.34327753049638
276.42788565161936,319.7657905829302,80.86062884324568,193.65924525015524
284.68138937827206,320.7482807738726,79.77818193681522,195.94041965342674
288.90972698799794,329.58160558581403,73.58139441267602,195.22378223657506
293.8673168126972,337.60267853359323,68.07008439218376,194.09649229804796
294.49861082929795,339.67427043889387,63.423280050388435,191.48138465932166
298.81155112375023,341.20268783988143,59.31705278179645,190.65578154679963
299.6221084041484,343.9053122614842,57.12019359209391,189.68244798679723
298.71773066393536,346.5450263992832,57.093988135019885,189.16568450612107
299.63293512598847,349.63272347209437,58.12130626169493,191.26064558510814
300.5026542220761,355.9214458164315,59.57476968084778,192.93252950971515
295.9827203337396,363.92826775122137,63.715498053223854,192.11969130419786
290.2932009752718,365.29781647866855,68.76082705336262,191.4760833512566
279.11576019408017,366.13459383434815,77.11872985598035,191.03580500708492
280.00575259706784,373.58769552614456,79.99481194453625,187.80092730708594
268.91001600285983,376.5921666586697,87.73712741810843,186.2540822100043
265.9338947927521,386.8068497374351,92.76487032660526,183.00904222434866
258.8817458137458,392.2354545808138,101.23873615571154,182.64475245946625
260.86272161924444,391.3021850551304,100.50798571658926,184.45202637411415
260.77241496766857,387.1859401150173,99.11956825802227,185.11432582465298
263.730945012525,385.8493270403499,94.74633141049686,190.2736969935189
261.38714845141476,381.4251171865029,88.99593625146736,189.82194580277547
259.74488672731576,376.7292481905024,79.79346018794661,188.14575166587025
262.61997298354436,373.247093161652,71.52973787080194,184.73988350091477
266.30355794947803,372.5276363242907,63.86331256784078,180.8421882889186
265.5198030804768,361.8705251391126,60.53284256951514,183.02286573739985
264.8786507552399,351.28082197952097,61.010001956317105,187.6655288925205
269.62074818211795,343.26177581793735,61.26280661427978,192.83387023912528
270.9677629268008,343.5473552745159,62.930044214757785,192.45552138456196
270.8504178105174,341.58976808609737,65.8192754629496,193.2770678317115
270.055400975564,345.89584685262105,69.22669194535634,193.1953058064767
268.57523089803425,349.5963111968665,71.06801354572833,191.82208707892326
267.173576396246,350.3651689940375,74.30686942430486,192.5714808595812
269.5859116620625,356.5729026490782,77.3026334629844,192.0979691159062
260.10817544386646,361.0102549645183,84.66618695406396,191.24096468033835
259.4037521373267,361.1082405475149,86.16243591089352,192.5042830651264
255.7802779146345,372.6026758574068,86.72408162190287,193.55642807034272
248.67995096436505,372.07519915552103,81.64336345212925,195.91503137645793
244.43702373939078,361.5862623440578,75.45032385910908,200.84151339782193
244.74751380192413,353.5103263773084,73.16821092154237,203.01651765553942
245.220628540337,348.63451926629534,69.01134912049785,205.37439408459687
249.45112397886805,328.80301852259834,65.79297298952955,216.07914361886586
254.27516349010145,339.8292320932275,63.54552873268774,212.4083693096387
257.0597673476073,340.23346715485,61.70373800986351,211.26786793639377
259.78892194289267,338.06490516300966,62.280401963824076,206.5590324474182
262.46989588001173,354.5937047785459,65.43462840599213,193.66781505228323
251.097695135134,352.82919277061467,77.66215367504451,193.07739326736436
255.44789839599488,355.5168788268721,86.59614656738523,183.8492379517246
264.3578454098426,363.2478724904216,94.8524854498461,177.29874964806294
275.0317128200074,350.72479096995534,98.12718715295398,177.32593075540183
285.5575400807499,338.0641814044982,105.54135294396895,181.71849998397244
298.3693008199857,340.856335059509,109.38945011784111,193.54801103332574
312.0838088305808,337.1013289824091,102.28453077633847,198.21158764065063
323.91469025815775,340.06478792073403,91.82607602665323,193.8200091194695
342.6671148799398,341.4357044802457,80.56811399012042,191.20348117622734
363.8386110528814,341.40878279224404,71.51705279658097,190.23547396629317
382.37546115009616,348.5406872195903,64.37621393027649,187.44352790456935
392.30179620189637,348.09983188946114,59.684798709488476,189.09669242224953
402.49472724456336,344.6186304742149,57.44798447571698,188.71189676641387
417.2860075824967,343.32096044950964,55.01758444438161,188.06495776309012
432.19832114021096,339.02954448205065,50.86754839340617,188.8387381843362
436.8591734873717,335.23550029408926,47.626074411975296,185.3738785622121
446.53215710653444,342.0768118764048,41.58262792560295,176.86245901086232
447.90031319285964,350.01384347432577,39.65387190529631,167.9265061665829
446.9666160080432,377.105513339235,39.938288980007314,153.30237053832684
434.3997484886367,398.64218510822457,43.858706147726615,138.7234422835508
438.3286093547626,405.34401442819245,44.19455741352174,124.82555146588071
439.41394538100815,424.18650693189045,41.54973374970244,112.49359380223476
442.85826013152405,387.3937866324238,40.96988110413943,127.35521848319917
443.56843136465875,366.50669982346307,39.43567755388561,143.64425416166762
437.90882726984614,356.7123990965178,42.26706225718277,160.0459964846988
425.52535901945515,350.714885406957,48.84024265444907,170.95996917632036
406.7339401828526,351.6246513582544,50.993057134294716,176.22606959794427
391.4306718875963,355.2664451958839,52.19462546308859,178.4933852429979
376.8694098591953,353.17281731456455,53.40092027184385,180.5772169333709
361.8526964831831,355.3211035585411,54.02336679925888,182.9794969844803
350.7004031823685,356.63722725995456,55.197734895028574,184.46663434727833
337.4754214673933,355.15029090106793,59.60009090310399,185.32362474083294
323.338455619387,356.3926191899708,65.73800575341347,184.9880465321678
303.96698530575264,362.6496180598216,76.01970370490099,184.66798800145057
294.5417095206855,360.2169961989629,86.33201674964457,184.82015799269925
284.0440815594387,361.0387801939466,97.01599337526314,182.46864322538806
281.6911322765693,362.56073318393703,103.82754379647082,179.91472747978213
277.9065376588782,361.7282818167431,104.61798547325921,179.90555794854498
279.57017808724686,361.2788833823713,103.59746731183444,180.58371272744495
276.7325426557813,359.37293895530456,99.04135389742179,180.90274269485963
273.21599993018117,361.63150244971075,92.50626307909084,183.1222490068285
273.52853345730426,363.89105265907403,84.65945530218832,184.23297036544568
274.5178510732541,367.0032042724679,76.20816382028866,182.53100600584543
271.8583083704296,370.22705601830455,67.18447578843768,180.8467302485471
275.837913334213,368.9547420868588,60.009964347198974,181.35214302354797
276.2851952933619,372.66736353332794,54.52119266522939,183.30293772826593
277.44560373208714,376.2420941369371,51.7029392643414,186.2749669995633
280.8180481656084,376.0363425376697,52.40446153011139,186.8494340652856
279.1576689390832,377.46875116913645,52.44030787378675,186.29635386289902
277.82720190225376,377.06284033583137,55.48027026775813,184.12474657443101
272.96494855249176,377.5098772824384,62.41070958446955,184.08208259332622
271.3772613044804,379.5270813757304,68.88143320158613,183.79828475830485
270.5582989224874,374.946380005507,74.6549475651815,183.9134838854703
271.6200760291759,367.48505190778917,78.4923308518045,182.9677929129373
272.9905979007731,363.58675547266296,78.26459277267263,183.74308451365843
275.2341653572429,361.05370814164166,77.08782162926425,185.3559321053886
279.2217079121442,361.1821836428169,72.38367157805538,185.4023258296006
278.3561218822919,358.9960066954492,67.0855162451818,184.51448685324223
281.5802069654758,354.2814169257622,62.37590198701715,183.355958873085
280.8657539821388,351.5179486457859,59.539671234941096,184.03411003264694
280.07157320535566,349.61854398872106,56.37217341350745,181.48547671982357
276.755600955619,350.0955139263398,54.76446337196511,181.87168577036732
276.67848127999713,350.38863528568817,53.254335047427595,185.04069207510804
276.3694387439016,345.9904163159965,53.027998732899974,182.77237171371004
273.04663270924266,353.6018790984811,55.24563228659276,191.54007725225657
267.3448042192057,356.4733545157364,57.71481050690113,189.51123774587094
264.10227375767465,369.70741995666356,63.77274740652571,185.34547502807914
258.6428385480521,377.4760452067472,70.29290566756765,180.91317447908375
258.53131295828183,372.966498152226,73.9114646596082,176.63868948656358
262.7628331514042,380.9960425776923,73.4467152889885,174.4935410653185
254.4980260252042,375.9165661300217,78.83558247107594,173.21832037667542
258.2530141786595,371.36559530156813,79.81046944541534,179.69712360584813
261.5004440455489,356.9680475050677,76.37054135226167,193.42584346642712
257.98982652273816,349.26050990936494,73.66411526507058,197.82352363830137
255.0620446602636,348.527274701563,67.16585818923838,193.34065323359283
249.2694406791613,348.19264638376285,65.739103260818,195.8286354551306
247.97484043800623,346.5449928537986,62.93468802047193,192.87455286662163
242.56510257142776,348.85081260653476,60.16969109737888,185.0808149724773
238.91963147117286,349.9238427081222,58.36416723343554,182.33126966188058
234.44485120553568,348.8022509699007,56.407752422913,182.00539185902673
231.69195981878005,349.7866071403903,56.683219034314924,180.70681501609442
224.47624579639344,350.1661962671503,60.37020127830687,177.5009204539806
220.60032334551937,342.49674789203664,65.55020780114879,177.46567169639553
216.02190605803514,330.7738104194921,71.116405169086,178.4499072371876
212.87836223929668,319.8684238546153,76.05632483781292,177.61950605053502
221.4152124526399,308.546557683591,76.3558543915952,176.99385973047424
232.22301140644325,298.525824631534,76.362448866801,177.39085561974449
247.42441056485654,286.9742087727358,73.74804166325569,177.23035442718472
257.843786748576,271.5553487550757,70.97123997941044,176.78835034141107
276.6229449705248,258.84063166252224,65.34804316441911,177.3010059620649
288.4653353042552,247.68850726290958,61.20620072938023,177.931609741759
298.0839654407512,246.20250072292765,56.66654177474763,178.1831333197697
301.6530119164913,251.17077326331975,53.57593417482984,177.849493512423
306.9757803544671,251.5252941844147,54.388191488331486,178.1676123147644
306.937725024625,257.8189494392093,54.679664696843645,179.35297636572204
307.79972550672784,262.11227309894133,56.030584386934954,182.30902313805484
302.45721106861043,264.48092914333006,60.127051251450965,180.05901573677738
296.3028801519441,270.3557808133471,63.81706074103364,179.79890590260266
289.65030876595,283.26046432765855,68.72568862044379,176.8583132880423
283.7007306376173,287.78759725536315,75.32803091226542,174.0700081259925
280.55471700697774,286.1973348559045,81.07113849581017,174.48078805186293
281.6001776096215,288.34033032417653,82.82683594286644,172.06415136336568
288.17625748964633,289.2092369963075,81.95739102656677,169.49253674957248
295.76724114227864,282.69839380827966,82.18216200255206,171.0742512018
297.19913338508553,282.80137095430655,79.03529646225081,169.14280252498065
298.31595390458455,282.86384084201563,73.52425063809656,170.97660298393748
306.45293400624155,286.0060199312096,70.06364492696997,169.93437127039323
306.99652046774384,283.463542126917,67.21536360552793,170.82032175202545
313.7461193636818,288.4589053292809,62.487131389823844,170.32840516175062
317.9757300483331,292.61456907787726,59.2958238388807,169.36339114112042
327.7279461352522,291.02077943365725,57.92600470215193,169.1286071483105
340.411600996224,286.7725831626639,59.89386954075505,170.10406463170338
346.84494161066186,284.88576816290777,60.3967867005513,170.96543266832504
355.8053125761862,283.6489018293411,60.20709335348698,172.00056670264587
361.64438166102576,282.69032008698383,61.86800547677659,171.88223824400106
363.5979234347297,283.3483697167681,66.26878325749371,170.87998175787004
367.0055984013956,283.10677213515703,71.04669504291192,171.61064396210787
372.269591078443,282.4783592474662,73.28738644662965,170.78507227655194
376.1572290600752,293.52701979194774,76.99087024899012,170.9818796055577
375.1714600304126,297.4106153397014,77.40604234151854,168.61633035575346
369.7044838328624,298.5082601126908,76.04531700224393,169.92183426680597
367.14575953384406,305.74116038613647,71.67179880340562,171.97684670819586
371.95706452728155,302.5204280095686,66.78188534973373,171.83515106094086
379.50648829107695,312.3043375810047,60.926293437377396,170.4999979336937
387.32356215299114,317.83349781838916,56.52578829167398,172.6714137870498
396.0934751105244,316.20023017712947,55.14874313832617,172.3324498019911
397.0311113881892,314.38393559455074,54.575319948230984,172.73322744371097
402.813138770565,319.3571695963406,54.64926567176066,176.25428873700628
406.6902638026175,326.2184440354771,54.43349827367125,173.9321610013114
410.3843773982378,324.9648555367089,58.13838021328998,172.5922615828322
405.2087622990643,320.2705421181352,64.84086773585581,171.16201024615145
399.58498397772536,318.05325672412323,71.51823394884612,168.16036277245666
383.28959962291486,318.22241145240014,81.60344845924843,164.92395150926225
358.59599089229164,319.1301567779971,84.5967450220573,162.81982560416202
344.28312262230565,325.99155520760587,88.23532946241991,165.93278313947576
330.77725501789695,327.0178988857645,89.92815597983108,169.00369197456473
312.98712037206724,316.5367093096581,88.7332482695374,173.8610906580276
309.8351209522405,308.9829791090413,87.49244730450332,179.1969446139486
295.87388278213893,341.2083256912513,79.08884332244094,186.85397850031
281.6223878617585,338.44158801608125,71.90784268468607,185.01733666315
270.50763620595933,326.1845463440198,65.00608989276881,187.67201448969476
263.52928549018606,328.7243284049017,58.8614119297841,191.05149577808723
262.0210715004851,330.1764935555897,56.602266178717315,191.57242792788315
261.20752898914884,347.71451243034295,54.97163025412422,186.9959018971266
247.5284341204063,357.8898638632842,54.37687809707803,180.46484014452545
252.1722767815968,363.0343351199523,54.59679165165015,175.49663737728298
257.4318109604166,373.5373279649342,54.06948354791675,166.4069419705222
253.11439577048682,370.3487654087996,59.468565636760744,164.4717196706821
261.1215865450389,361.8980655745688,65.8449921931253,164.7573966828936
261.76554255459973,333.49870843202905,71.72736825994113,169.83342420039506
255.76681110109465,331.20414145912275,73.15027672359197,162.5697444255045
245.6590923501442,323.9462918867783,73.20986095400852,163.77416427331843
233.16823170580216,324.72853916431,72.79729513331756,163.23356498192686
215.67004650667465,318.0517401999259,67.57869971126006,162.3577927935076
214.12866170659288,312.6867154495392,64.11785969228296,163.6776555267029
210.20501115485274,301.6428252193787,60.51887173326329,162.5109499030394
218.95955677848107,294.7479766604555,56.974349577803494,163.05913090760464
227.32437124523238,289.9526237467038,53.117981142347716,161.48064728198298
232.38083416294046,282.6104369704471,51.285389779587845,162.86158455519956
237.52911791965943,276.62042611781123,52.53807763724363,163.52858746164316
247.8801100516493,269.09090526268506,55.92544884201392,165.41978249220807
264.6999557799703,258.24664359040116,59.69112237560628,168.70938005552586
275.7178194757254,255.57252754558198,63.69268746456487,165.08834334633607
280.9138232818177,254.33866143262821,71.16838615120834,163.56401014255607
289.45038992986946,263.4515942618707,80.18320451526105,159.89200800946168
290.5068314634596,271.1096261617844,87.26688516878389,154.52943542057187
296.2635529111436,267.6465136366298,90.53182362107215,155.42657721892795
305.2438792824559,281.7380571665072,93.5621376753226,155.84883683886065
301.3108961456479,284.19373381262636,94.52478363643851,157.064131495841
304.3291203059704,294.5024451516497,91.90227574548109,158.94896711857564
309.21466080069445,295.84211113504017,86.01934783220491,159.4188661088259
306.7131057863892,291.8670778524157,78.53948666940919,161.48550982251237
311.054766343184,293.27069398245055,71.99059548746015,160.13390500384895
315.80370246930386,295.5858600450277,64.44001937779855,158.77740710721025
319.22512746519027,285.9132560777019,58.36697529422883,159.88781279576816
335.80068891521523,296.02281273833773,52.540559425428924,159.36694166199646
345.97275465139495,284.992733595427,51.1498276112726,161.47501254547413
359.0620267829145,292.79994534451583,50.02594033065538,162.17934515081208
369.8860574109017,280.8430945032916,49.75669377194662,158.308470417245
378.7711494102332,287.2724363405106,53.73174903109613,152.37245519983827
387.99342691579915,282.96693824604915,58.79290080707363,158.51598312704232
392.7241117898512,279.3419864502973,64.04719878357886,162.60225146463978
407.4528413479963,275.3783041745043,67.98686491142924,162.64530815489763
416.72969782225476,276.61751849780217,66.27140879884985,165.18476280908322
421.030374987823,274.99567859753967,62.5016889891978,162.45178855687382
420.7754681506343,267.1482002336906,61.058713356934526,161.70536955215005
422.9505432490448,274.7572561392777,57.797491382769735,158.9362018327728
426.8611058708057,278.6551288548421,54.1502552994042,158.3210594289877
429.44151863627474,283.1959874794068,53.26628523721611,156.242943254077
430.45212805307597,286.305399532754,51.58368945048868,155.63654590519513
431.64361787393045,286.3348344198121,51.57198666424846,157.11707432443822
434.4286928059761,296.9191054972423,49.028814339219736,159.40708929848415
433.58306223431623,296.61298674951,50.62791239660193,164.5462127802768
428.58941673572116,299.15516780550536,52.12988234887014,164.7127967132081
421.3504975567589,301.78361490198654,56.22087988648212,165.52691692454258
410.2219198150442,300.2632910973873,61.20999948123976,165.6439195142098
390.11626327735314,306.8931403790472,68.08284209763741,166.89172827510865
372.0775461791627,316.98157060718285,70.13720500495577,165.2282650356343
359.80078573683545,315.4095617725807,69.94890460054789,164.924132070073
350.60985246904784,319.5052637329936,71.18700282557624,166.0791636961221
337.93221197134625,323.60367578684475,71.09770374285438,164.82530223490429
329.69775959129595,322.0084696556513,70.97096641311126,162.83639320822869
322.51336189301355,323.72492728536395,70.54413803037914,162.89688615192833
317.20861681706845,325.5003442656674,70.36960108265994,163.2900524354621
313.93972921666773,327.8291774375175,67.13860797291451,162.80770957809005
311.0810396128187,331.1724476536436,63.58828698530009,162.9163046438847
304.78817859527487,335.4714342831175,58.69393699890334,162.85150399235877
306.02146549926795,336.92569299003924,53.912055573729674,163.74120435195272
307.39860712259053,333.0882954506336,53.06811168255328,166.16181852256088
304.56382352985537,327.18439746477077,52.78568301841425,166.96631859584906
302.99296515214627,324.62703790291283,53.43393053555121,168.4266798094087
306.97276520976607,322.58777409608797,53.90987729531161,168.26039541133972
307.2393392436962,317.4291377043275,54.64137766495139,166.02157688626687
308.4005343501026,310.9126343540427,56.131792627919765,164.8088255301958
303.56070912219695,308.10803211139927,57.35868429466854,165.10595726157646
294.4709746821546,311.0892991488194,58.919287207956515,164.81944857736121
291.8970938103496,315.7139402524965,59.32769958633213,164.08804967078828
286.5130562306061,309.7206452280358,58.894389247772196,164.6359190165847
280.59672772397744,305.42658435733046,56.42440343876392,165.0723683947141
271.8501087333565,311.3133409642594,53.8172691055527,163.68529927265314
261.60165093816005,314.94849598798106,52.11572888539864,161.6991994302879
251.2424543830298,315.6625754368584,50.19633513042477,160.69767627472072
240.43629752617073,316.00989862540075,48.72643448867413,162.28498180193293
228.72654078248846,311.12841252049003,47.48301462642932,159.25593130667616
217.37663502848395,309.45753730925634,47.32104024576647,160.0126292389092
205.784803744409,313.58040414155744,48.43377996235388,163.71370343563518
191.5326291021732,307.54060606028423,47.54997617065364,163.13952152200963
183.4355667864331,301.0767425581367,47.42726730604005,162.26805419036725
172.76768320909093,302.8964252780472,50.33246195095873,161.23208230523372
157.80695075812565,305.26592812073204,55.092763522811225,158.65677290892654
144.1155867260623,307.9695881320479,60.946377817406656,157.32202368707615
130.6900475443751,311.16702462903356,67.7575697061717,155.38769146458912
120.82585082264282,316.6437596099948,74.27429322776123,154.43593048704167
119.25380736923795,316.03274114564806,76.77024781035223,149.98505481807888
115.64286020203406,310.466305557339,76.29994243772875,151.64081417829075
106.24949184372367,308.5620247079105,75.51459663481828,153.59134365058532
100.3829048675399,308.17902840856493,78.60925130007645,151.4552976750577
91.12135268862428,300.1537618465783,81.25741669306393,152.11731151192163
89.75345497984563,295.1329611149405,86.23942793093373,149.16251404941588
89.254510389437,300.17346912716266,79.57511618401664,153.11692893317462
86.05293047976127,304.24455089221385,75.4417769799306,154.8250461647911
96.25859350582206,307.8721878167543,67.05846606452774,155.87427671024136
94.89020093752507,312.0680162960558,61.086205790965494,155.71021984929462
102.03985391038967,313.6014970742571,59.70361737453318,155.3114406659389
100.03010093168035,314.3962763320701,60.68619706242055,154.2963755585161
105.80645404858839,317.1023763703188,60.936560896963826,157.3742572691281
112.31079808659793,314.78991845430676,60.5553447447729,159.26882642146455
117.86858482536488,317.0721146682058,60.67533645278588,159.5185819428853
126.90848251062476,309.4323221656355,59.362508855703595,163.83082075661957
136.51348007117343,309.8924328101871,57.673418275621856,163.70420908665704
143.3655398989824,310.5458967917708,57.60638358094146,164.27621789106777
149.65127605051765,302.9543233434566,57.22231972513654,166.2765339771492
153.11172061413276,306.9526923341589,55.54959954321886,164.44501816371348
157.15574543860896,306.7038286669053,53.71097006028209,163.41787367204878
161.25349441312653,303.4528639087036,51.03689545109066,160.2847629052491
162.15548360284413,300.47044601524317,50.30927205212424,160.05608672927934
162.34676319899037,298.18020793928315,50.24388204928486,159.57299476596495
163.9811139967171,297.02247060886674,51.87709695773767,159.6272389580478
165.63498851968643,298.2885741562058,53.585766368830264,160.57464612118213
166.00769501139416,293.1253583125413,55.53356017252415,161.28294426358923
168.60816689585104,292.89191214622775,58.82559736064168,161.42873063918515
169.95341457343673,293.16108595594375,61.56478950547031,161.44067598850313
171.12705443225317,294.9048986508752,67.4924121315874,159.07551763965574
165.67827901151833,300.23403947115514,74.94785481876025,156.97943082331477
161.73385784724138,300.1026858074578,78.72863440317347,154.40980172492812
166.10948397802917,300.2924271725165,85.21828790331665,152.1869046881701
168.1471870383321,305.6023586737993,85.50265351122638,152.02535467388574
172.85999087445109,306.1043084547342,85.2887462784416,151.72528201631286
178.11989399495172,303.7554637055521,82.73350912923715,150.69180086038017
187.68669242274115,306.25318270586826,78.10986100412705,151.70670831873224
191.85529538122762,312.8485051096543,73.28422124926354,149.20136624553516
194.60590443942195,312.8288961184935,65.53324727349985,150.71980175715362
200.67949208478205,311.66020203072446,58.9477785257484,153.05575560651977
206.5257788345402,312.8623110509202,53.30504023131024,151.89552560323767
208.14787677917366,322.2975264564203,51.15007774048084,152.6953218430187
209.3419641118879,324.80705293526086,48.85934570200544,154.96005184432204
210.63510243017095,323.03139325464645,49.18420187793939,154.57152135203523
212.46653327241137,321.8419463626711,51.303414168067874,154.0979981437985
211.53290299990672,325.55111076242645,55.33962002557719,153.2002992271002
208.9813173341661,331.13913485729233,58.82261313440216,153.1616106565091
206.76815590146737,329.0747564686531,60.13068038456524,153.39827759003757
207.14091526806945,331.26878418147777,61.39511038182984,152.6015002405601
210.76060533788285,340.39995131905584,60.521849626968674,149.71337250837274
212.0765769950988,338.2554484993343,60.27220001370866,151.38207785484698
218.987505791297,335.62446980102163,55.82509828068724,149.17687216553486
221.84532331431717,332.78132209542605,52.732418556912535,146.37506943219483
223.7830842418184,335.61732368732476,51.22030002222258,144.48559798667867
227.51107126346312,329.1997915729835,48.79743755119876,146.62455625832985
230.2658280481144,316.9410902954771,47.55385415767743,149.5527254149051
233.9387952911443,311.2548291949733,47.65283544310207,151.3292087975534
236.94065612362698,306.9937422526649,47.50677979376168,153.29745812162335
242.02505683085866,308.48496324240006,48.347072617579556,156.30842434527804
239.1021319077567,308.07288689112016,51.246541848549114,158.97696791697842
241.40339447156234,305.9396875653348,55.66852233617221,157.91896471308038
241.04766336620025,302.9082574239945,61.31824748634949,159.06983769107353
234.73321494320868,306.7361149488669,66.86822587530139,159.63882356906316
233.75851725205246,311.3786240458142,72.32744791777006,158.8656767130591
234.2230741394332,315.46023265467363,72.00767862543046,158.81976906565276
231.38177367391805,309.6838621314849,76.8770776521639,158.96479526828023
231.72699705976333,309.6948793058607,77.35868898594208,157.16416594882548
226.85930442297735,312.8553497148804,78.58781815599846,154.10665286516112
225.56971259191957,309.1342125318669,77.00388536303588,152.906104965563
225.66770472172453,300.37184549184036,72.41333933584784,152.53139446553803
223.16704327917148,300.30257872772825,67.16048131275082,153.6644348296997
221.73421929465906,301.6916128972979,61.6162782075569,155.01582205696678
224.80975551083912,296.315872371538,57.482143031056125,157.38992273739277
227.4083364520082,299.07964971545334,54.99048651981174,155.72900623315587
234.90658420454736,304.7640760754263,53.117251512780285,157.70765717531927
243.0705726209187,306.10922045772656,52.791380392928204,158.47510156501562
250.1665930214934,313.02599570518737,51.656193839825676,155.4947310017347
253.20523280626907,317.49082381968674,51.0341755007431,153.40726837625152
264.6224920774109,314.10937540810386,54.4531969975219,155.74005045332356
275.2184715301836,306.07988174735885,56.68781279900783,157.64504607559476
286.83437261279624,301.79117255919476,58.71763783104811,158.42543686403238
294.9475555104889,295.7521851518482,59.418396059100345,159.77443829005355
305.88879976915257,297.3616113137929,59.47371271755422,159.13383303647674
313.3269387693113,293.6101130914313,61.21050234418989,156.89665614135617
318.1777104197251,295.47446102490557,60.660112607815456,151.47460089940765
327.77863606090307,299.7684284485877,56.72648031960011,148.2120444700121
328.1178081365537,302.3502628701093,53.50571673470506,144.5992179121252
326.57507575528035,308.6749707915482,47.32192490545495,138.2766758485442
334.2442455172385,307.0037270371559,45.95914080146056,129.49477370889133
332.12351520917457,314.26666401232563,43.56183798985393,120.71358969995813
329.94008276224116,327.9743469555366,42.72850757122076,114.98358758306748
320.9652709693773,320.5232157022989,45.91256719210483,118.90773119305841
317.18726619891856,315.49696275928306,47.32349616661595,123.16678004784008
309.23249331631723,321.6786586122425,53.882944275568676,118.02192471887443
291.66002446973187,313.7613235349083,63.01173816991131,117.43392641651157
278.2040492571396,303.9710975056104,72.65336388806455,121.1242112387792
270.03461515905644,287.95125614333347,78.20399355884022,127.78388908052057
260.32214187878577,292.7710857980189,80.9559054514128,131.50427615786853
255.38998493864443,292.92926442589294,80.96429281802362,132.55980610915157
258.397279468802,282.0137261540375,78.8081021952085,135.56364266262818
258.30128226236707,278.8512304724235,75.33484392253146,138.11034423093426
258.1244232078812,281.37420650482795,71.21285402369075,142.1251221465941
257.98509495648403,279.4737269568001,67.00515188390698,142.2415719653061
257.57013531175085,283.6592039146525,61.85588416165452,142.0078861160075
257.6077804828879,291.84356837831774,56.427535958052275,138.3662384875052
262.5470811638543,295.0300532271088,51.93147243791648,133.6785410067199
263.93000621117415,294.9584871157229,50.15262185499543,134.5806759150386
268.05820443723076,303.2678101502149,50.9912876587416,131.7358030394139
263.98080113801984,320.55754563548226,48.90698903255412,123.3616848520823
265.06229185125693,349.0901869223246,44.48765994982989,111.70494109675695
260.2141473550991,366.4861779998672,41.193745084723716,97.20476802370311
259.6511858391075,374.6991158612978,43.61114150537881,87.08925607037315
254.0452519353773,383.67703646672754,49.27340298959694,80.05004083607615
249.32568472330343,389.7932175345159,55.12899554362755,73.88503099542132
255.36346361611328,378.41988853829196,58.751008558789074,76.78073683943173
255.53230348652923,381.4202211943095,59.30761592733218,75.5467341250529
256.80368245978417,383.48104800568615,57.86202594957231,73.93942376401833
256.0016151399288,377.00302677163467,60.897373968189285,72.16974296551973
261.9410501827823,370.8366524028397,56.24528000552908,73.21165918357835
263.5021742444334,375.79962643331675,51.22743251699257,69.61307318317117
264.926603141379,361.1668663861119,46.85557972798411,70.75423414672156
267.9873110968375,355.156943290515,44.87561279167653,73.5087147373293
265.25523291683373,351.03167195190775,41.874879625316964,76.56751547118454
265.2065029193099,349.55907481673614,39.27092360473959,78.94824135773871
265.54676807101737,343.3790805112643,38.56889366753552,85.11384825481514
267.10132402585646,339.5028265887853,36.731876484419885,88.46236440055443
268.55624151480237,326.3228618199153,38.39255237078593,94.08694237579437
271.2615658649232,326.4365068551356,42.1559759361692,100.54977681707263
268.36406836621114,335.64961788876343,44.45271043554642,94.42824224981692
270.68396635445055,335.955624347842,43.39280947859886,91.82318733947227
273.8805998943599,328.89998599755705,46.80780045542086,91.04541069531555
267.999806669721,328.55431950659744,52.16743988321426,85.60875295457853
272.9673279845298,331.2735620135618,57.4372617555498,80.72248351682178
280.78677823132074,332.5440136379997,55.538839777592905,82.23983832458657
277.4830810586109,318.09250132965155,60.42821654488762,89.98653664733749
277.9653311316052,316.12705378300166,58.935304533664606,90.23820200430913
286.6740680464688,315.75613703649583,56.964547012531156,86.04067392505522
285.2233853694625,317.28901485668524,55.326544690762454,83.78952399756699
288.72533897401195,318.4563776735881,51.47873489377301,84.10360207469878
297.08569604320496,310.3839913587771,48.398798343277534,93.01738715549263
295.0682664113299,333.7295790176273,43.55224891562145,83.78498258974541
302.23443811104823,335.74229132785166,39.0864521470441,81.62085557671858
297.34968332117097,334.43593165392076,33.85692303050964,78.13129526149444
288.40238644110025,326.4547024258199,29.65903327014328,81.44266118839924
277.03704434638877,349.7301444968264,28.526604056245873,82.91664887255808
254.35795552488545,347.84609305798153,30.373200278354112,82.18534684302128
252.1627547262255,343.6820874722579,32.38318500555684,84.27353562677334
238.0759588035409,356.6318753118703,35.53059276889475,78.75314085575157
225.91815628163351,358.51294278461467,36.89082977071735,75.18311406455976
211.93538921557433,354.48723963803116,38.912058482913864,70.74333993780488
206.49808292032728,366.99642448552856,40.802631766767334,68.77506484730219
198.73897737778213,365.9884434080022,40.05535518095914,67.28799050333153
187.6304854799656,361.7142766979823,39.267959704131286,67.84058112551972
173.78549304201835,353.5254450835955,39.09168786615861,68.69801119999643
166.9552016261729,366.27371656945127,38.102124213474475,68.39520907301156
158.39904291775875,356.27336969737587,37.99659189885751,68.64797801247478
156.67597125182473,336.45151413984377,37.69723657349897,74.45213529453119
159.37812235064843,327.5031592283284,34.55801005944536,76.66763173865567
162.22398024684128,329.4062015351114,32.46149385202059,78.79581226180842
160.88354146746457,329.94393350558175,33.07207416956308,76.29935833063337
159.17383891557822,324.0198791926838,32.4015744881795,77.72537833338242
166.78169609288554,322.12846646227905,32.95322463551796,78.02671270532474
166.03766713824922,316.6575230520599,32.92478779381403,78.21821805603648
155.40456989668746,303.9327895488429,34.33029502107819,77.3557801552439
161.38435027840444,315.0267561548888,35.19472412580831,78.18568446756615
150.7727655467897,306.2121990515324,35.79669302751433,77.65674813716952
153.63044916750266,307.5080231639432,37.780178325150914,76.1797697121526
161.00670608510353,314.72366408042313,37.04188568135541,76.54058687821626
164.05084261354244,318.05046395528626,37.938475905727586,77.75524274372432
162.88296483354134,317.7703403192759,36.611252339753236,79.43746877551072
164.54396048432483,316.13601657723206,35.5663606475613,80.58528190901247
165.76256820551524,317.5527010917162,34.66511017100079,85.47257022867703
168.49782706674694,324.43324896593896,32.080426188771774,88.53114611109083
170.35400590683523,326.49921345314294,31.620570950001415,88.49408102828446
170.8253691751423,332.0292631944635,34.95412004815292,85.49483359642457
167.1609975468427,339.5632247705994,33.96020095123647,84.98823551739497
171.4501205738521,342.0037173254409,34.93012689428796,82.19918461181352
172.7808900262132,346.96480277782024,35.37893955206579,78.742147374047
175.9622772986079,350.1383718921817,33.15973495356546,78.94363890606633
174.53279213925197,354.9730313540701,31.253003978332032,79.72930655455518
175.97848847704554,366.6052267250317,29.865532811533917,77.67782169642096
175.61368984362664,369.16659325850134,28.514685742434217,79.50697766756768
175.80941318368033,374.0780911238639,26.87642814924088,78.51169494953783
181.5446150299922,377.88566407612575,26.422610760328077,78.81674557821728
182.62075630004418,374.41978555047257,25.754993137216353,79.7304362232736
182.02796298328593,371.0430480599632,25.52549493186566,79.90529792304238
182.01874916140432,371.88450761391454,26.1239396654726,79.69457730146783
184.66505970478744,368.9631780757193,23.903553686128248,75.86850468840507
185.34369928152518,362.33943545882727,24.14956127581682,75.48677849640794
187.67637931708356,357.8544760915182,25.08341385118447,76.2830369527057
192.78058056744484,356.1469752718183,24.789867307493143,77.34858180499623
199.49859891092362,351.3499965127637,26.084970757254336,82.03322230650389
203.66738785830984,339.97511830457864,27.11270353142719,87.99086446506146
205.10094682918125,343.7861751545179,27.363047747887514,88.42102737651108
206.58302197399294,335.3224065553983,29.510927487561013,93.65972180131278
208.01530425789116,318.55269182223344,30.23059143538955,100.5271236797519
206.76800176664165,310.23834445728704,32.64450794132608,108.47758049460558
211.70706973293105,311.7139328106272,32.5113671259348,107.72055661995645
212.85066197039373,303.3415987665045,33.13845877405629,105.93540903437386
