111.0,98.0,25,101
111.1006601224217,101.01131879744989,25.584003851836286,98.36562229279554
111.13166279403673,104.04380014453902,25.749568088684363,96.74203533103915
110.89816521865751,106.95517014223502,25.812891974794354,96.9249716051784
108.55881458156763,107.13629154380999,26.741074450145977,97.83157340652063
107.34176226144994,107.24296288536428,28.09290369975636,99.55814161208394
105.00049981642897,109.36773541079822,29.61595898530612,100.7054776647317
102.11463794843995,112.3291632654073,30.867831036713845,100.32321033441977
97.75323959219706,113.31787861983862,31.44934662126995,99.11927816071338
97.31124429093138,115.74440163523118,30.99578229216067,97.54421674906888
94.3215827367505,117.70610274760989,30.167656059702118,96.47542878212397
91.9474323062721,118.0254276768512,28.702455944096414,97.47499303496949
90.87157314894942,115.68248638216131,28.83449042085116,99.63745338313831
87.73331315253603,112.11528282260608,28.60032926133421,101.30307998467066
86.35283766968949,110.88274218795476,28.521314406714765,102.3460726309264
88.80212312758417,109.09905424914987,28.684419516316026,101.8178216774815
88.412215424725,109.79174753082418,28.514497373206243,101.0734263250704
88.54479192081725,109.52712961802256,28.470840963053018,99.65693766336895
90.23719793466897,110.23112919417824,27.842590214646442,98.76889700715135
91.42749647757458,110.77587389756317,28.40997591692115,97.92975855252989
91.7634483279927,110.7471152072805,29.428105175069263,97.32414421922806
93.88743312196023,109.62586556857333,29.72130380002486,97.98969342340021
96.21032295631173,109.00757186000845,31.212700644993728,99.67104402412372
95.78765975228609,107.02419008178924,33.08674409406065,100.42534420165589
95.68552962936079,107.50516339661735,35.1045724551456,100.94664342160907
95.79170399900056,109.0183637570831,35.211407065475434,100.15650979052131
96.28463213261614,112.03739737443858,34.68511500722865,98.45792009487283
98.89566432259099,111.67986010224215,33.004432463216475,96.65047266660947
102.70808765795658,107.98700528823252,31.2460713881884,97.296756635449
103.74812449574733,103.74687569506898,31.208813874716284,98.29941572411985
104.35176352791804,100.69519872438676,30.51743546857798,99.81751881099213
102.05637341352211,99.09210552486992,30.668747313580774,101.81087562018203
102.31894175974529,97.76794311056393,30.911585474650046,102.88946778277838
102.89118576978916,98.01591137390317,30.876197796359172,101.23291724242804
103.80979561288183,100.40339347399123,31.016364584783204,99.57312638209565
104.65665576921343,101.23863051453601,30.720227279932523,98.72568086545922
103.74805655429644,102.29636138755296,30.077388478321176,98.98296081864407
104.24009919038363,100.6471788222643,30.109447004974925,99.1527096162136
102.21796268674609,99.20592353707686,29.974047771039068,98.61659530865879
101.10252985921028,96.97658878080459,31.67871408529038,100.23165215030488
100.29572366221885,96.92284335527086,32.597227602320125,100.80029412441924
96.67661058268371,95.92951551737079,34.42761684732789,101.71617953654749
94.91237455413466,96.62402057967579,35.452701453254136,102.08714865998436
93.9071106491622,99.1345546181974,36.70859059132401,101.87043238958177
91.08427773324694,98.06516313714658,35.368080886045185,99.2440786329334
89.79050901975674,98.586312289792,34.471365383338096,97.77627373584568
85.75549884172214,99.49278435338684,33.56850060757134,97.4011653020154
82.97764476554198,95.35838650075218,32.361803364423864,99.11089423482377
79.96285907286766,93.25344515145032,31.069658441178756,100.84769343733373
78.8918421575937,94.1092737475536,31.09783118774229,102.93645128418967
78.16492449433657,95.82176004554748,30.882538096287785,103.55325725265506
78.68752804355911,98.22174307605282,30.908436954873956,103.13079363305062
79.55940099150111,101.397877149805,30.78361806094309,100.94011606171813
81.38547296735402,105.98553808499416,30.5514265018154,99.8955314960273
80.00699398048913,105.40510969253943,30.101994094685807,98.81688632781177
82.63629528760939,103.37043588658769,30.312416138648405,98.65222515065275
86.1030237876004,103.37817430407115,30.423575837885124,100.10134792506082
92.35984263083662,99.6256524290355,30.607844645553314,101.79857612337432
93.6462464909005,95.61183813493871,31.529452208628705,103.34530871547415
96.57827778453077,94.46427809287908,33.65647848855565,104.4907705964684
97.56112218492001,94.77996166224736,35.96901844754281,104.36208900460686
96.33907860444187,98.02160696515699,35.53145277646784,102.90107623081883
98.11899919180975,100.35259737472946,33.78267727556018,99.73442622222078
102.86101430791771,98.94479544576859,32.18255817615676,97.72452959186126
106.01325304838538,98.32100495830174,30.758543341705796,97.10455685585745
108.5819808847834,96.43106214825309,30.188287375941016,97.25307956091568
108.97038001342463,93.13713062302206,30.51224290283824,101.15463279692463
109.29001729119877,92.46058363213086,31.170606286743094,105.09720431776952
106.58138145433806,91.02429169078268,32.06584426905826,106.05557311257527
106.59652014511887,88.37820688786086,34.70976122343413,104.78933207388766
106.90913901575189,90.55139861105586,34.6738789509181,102.82954530718516
105.71642866086081,92.32680904591396,37.32407016851275,102.82343268942206
177.14433415084133,83.0599465306251,38.86721548737984,114.04529858914043
178.74860879460613,79.18886788909435,40.14099652211587,119.51273663392067
177.39516772551994,79.24110511842656,41.094521726694495,122.21267501705313
177.73494310530242,81.84559913286219,40.63848170931702,121.9677067635725
176.15320258999745,84.81722205654947,38.65618026922387,119.8228617951042
104.10094184864377,92.87409149920497,44.55634079001714,116.5171063082307
96.1370099994092,97.59378803400871,43.469250875205034,113.88560508432633
99.48092056633423,100.80142096587234,39.842251274558095,108.51349107606782
101.17819241335188,101.3881964833916,36.154921935991545,105.84299179884181
98.39137712697517,100.16582489348711,34.4079043153856,103.67955016419765
97.1505730334989,96.47394756517957,33.45848222890064,102.72507850245336
98.07628232068785,93.59010283210533,32.86566961155398,103.19854799789871
100.82731142704324,91.02458763401663,31.968713937905697,105.86949538626364
103.55365718292097,90.79409451305253,31.94012520935338,107.0169745481137
106.46993219033722,87.63467676764937,31.98065258709899,107.02211985337314
108.69283219665873,88.08084561247308,31.99493558226849,105.60365911685071
112.56858373139184,92.11166741051991,31.28237294248975,105.33327528638205
114.39720069888774,93.57753097305245,30.58644271843544,103.54031158905136
118.36887798025221,93.60371020028013,30.911276632269015,103.05274195295536
123.2423576662688,91.72096948941942,31.074870238751462,103.8257001813174
125.31149792212545,91.69582609062746,30.733067998522532,104.30604068983882
125.69972587216083,91.27585537824112,31.33396195196741,106.04707464390839
124.39352075302456,93.36097405798736,34.188315549614934,107.56793835863465
123.38835353169779,93.8255603180787,37.97712289265911,107.91205075056135
119.25887397546892,95.71873914357907,40.86602585277311,108.46413304096686
116.87212793473174,96.54252266558699,41.17745128385684,106.87064314538853
118.14942945591422,97.41015723048986,40.194839208288755,105.01437181831716
119.26039585641561,97.44228823128172,37.14450674908284,103.8894103538428
121.78689772258758,96.2190169762327,33.49607454994202,103.77259837175336
121.2466730059445,92.95799709731264,31.165635311353192,106.17796942842159
120.98926718234804,89.7335212369517,29.9562037944836,108.93020484054972
121.16818419208273,88.31179263039274,29.762066064076723,110.03751703413639
121.29878892174483,87.82424580521251,30.360780921158792,110.46613241301247
121.61957117541627,87.79161717958013,31.100686140378386,110.08021778927724
122.73431688506909,88.82387704312329,30.58155238708838,108.03077374578467
119.1121620423713,85.52195249879688,30.776148937718354,107.26566531490624
117.34820032972362,82.49719407421992,30.283320409888688,105.58590359960702
116.35997637375354,80.25486268727761,30.387728526906972,104.78537960591353
114.17090679836043,77.9039859454961,31.091612306599448,106.02790457385154
109.95347380632155,73.38944019791501,32.999744892239704,108.68864890104497
103.79830468197275,68.71723786600944,36.245385875312294,110.11490170938737
97.96155812614222,68.67865241097451,38.66842122330148,111.01030992414472
91.49270688321135,73.68335964123047,39.61808659978824,110.31098457496094
90.772204106186,80.80595587957878,38.78742467337018,109.15649034045182
91.73569098982907,83.8099982467771,36.708137673662165,107.0435777251958
92.60387747297601,86.03069377672993,33.953545713227676,106.05045937036826
91.9850002582041,90.03412080088442,31.82545541620899,106.28377866190303
90.99273015275062,91.23850383826912,30.567075705240935,107.46024818283675
93.14119583834837,92.78090948876738,30.58584867974857,109.6726170576215
97.77704645369262,91.51409346010803,30.49804637484133,110.35648715204957
99.14689717313999,91.93947701328017,30.85124044375908,109.78928938164279
101.78872096123621,92.72254272595956,30.986324557019767,109.37656982151839
106.33677832447619,95.28090012854696,29.856671012180453,107.26968167649983
109.89407190909878,95.90599666448482,29.10328989762273,106.67915657337412
114.34482523019659,98.56865745320451,29.03051860698963,106.23124588460662
115.88014109868479,100.32141190252389,29.728044828997614,106.97802580432723
116.35897847976167,97.47879419600932,30.991408885203214,108.52809886384073
116.47873890509138,94.92064220285557,34.645595309934436,110.08867775249198
115.42114280171823,97.61098545413822,38.51792862996197,112.07203543937982
114.51050476628512,99.88246862920874,41.177003773093816,113.50941576892627
112.64028893751633,101.6826924010867,41.79957654391266,112.96954561774848
114.61111357185533,103.9795607967522,41.24388308578152,111.61674510571436
118.13414428561478,109.32080251711218,38.75726990045013,108.74526630366626
121.09859056643256,112.89621297155256,35.632332416939576,108.3927547209574
126.6542534148139,115.77507541687119,33.40305628072376,109.6751604455545
127.06759783236583,114.89904937102983,31.901074476869894,112.60784608215909
126.5466489714319,114.27167719479313,31.296274200690885,114.88050425299187
124.62094847726831,113.97302217173589,31.117035540580567,114.18573055887197
122.6566902768268,116.78314951923157,32.701893494197975,114.19917337364623
124.09091908867359,117.95654604368704,32.39077839980125,112.8166137231728
125.37287624802487,120.36335518339048,31.894704657270573,111.27585310978154
125.29880930721559,119.25105860083323,31.4357523572485,109.00340647997415
127.5687212076654,119.2554379679947,31.599572355177003,108.22008109526061
127.32989015481729,117.7310204099642,31.802911951107603,109.02154072304035
124.89146905775146,115.91297816277739,33.69022167453613,110.63852121350773
123.58041752093746,111.16316220769933,37.238746867304776,111.94619755725759
122.0353619227782,111.31822640293856,40.78866641323268,112.885550367951
119.16321017011748,111.55709733805529,43.26401850253848,113.2037679703738
118.42747714601596,110.53918830932815,44.00049919917902,113.05983749267183
123.31409970857455,106.56806812631793,41.2708942107806,111.06579856181727
126.55439516146778,105.08463948814011,37.856160238587876,109.31006062332915
129.08032353734205,102.23291149772479,34.48457082082373,109.70412939712855
128.1125147566801,98.2762688134686,32.35707803058512,111.67735128907842
127.14490671951224,96.02454291539779,31.440334876405217,114.93541123951692
127.06311672492414,92.30007767113146,31.65268195542516,115.8855929487527
125.35740184984407,89.85376769003828,32.52715491847592,115.05461061601719
122.45295134400597,92.48733830690661,33.40356081296462,114.14559316157741
123.25498003327814,94.97338380832468,32.698490250826524,111.79374141655376
125.02953219306309,97.74952388750647,32.355196478131646,110.54816291834643
129.80070003059794,97.93283230818386,31.794306115561938,109.68630681917917
134.9636202409248,98.60247183097681,31.4084071011582,110.30296039078075
135.57928518811158,95.38641513691768,31.989546689206513,111.44839164999277
133.7738442309006,94.02161644568388,35.181941054800326,113.75702955980412
131.16738013020262,94.25141589821772,38.72217028158697,115.9497133695802
128.5735731095754,94.12726505401628,41.565851217372646,116.86326774352996
126.43010610738222,95.81946438237532,44.64300738972774,116.38768256337436
126.24985023076512,99.77321279748008,43.93540390858694,113.9570839265242
131.4190594500982,101.83485688273076,40.49063171015516,111.43947812906973
133.46808124552774,105.36044341278573,37.043985824374204,110.6069329986473
135.04674290850738,105.80257679011694,35.50571157068052,110.94623802132861
133.27831579335728,103.72325473396921,35.05681750996514,113.36379326643657
130.59608486156236,100.66110515837573,34.64244026222682,114.91521644106103
127.43079659347154,101.66069153689556,35.180261671455355,115.18520872308389
125.24676586871641,104.26273308384185,35.28568884362187,115.04682997489442
128.46373826595627,106.28518015039565,34.003324859689045,113.47916972850558
129.36574026127195,108.21833281871523,32.23356159171391,112.03577698952266
126.73118079826091,108.86726989139606,32.358362890782864,111.87114259025475
127.94866527548031,110.10463607426588,32.26332923907845,111.54124665029636
128.12306984429117,108.90341617570387,32.23831160536298,111.80574699429539
126.93893439236707,105.70345189091631,33.76130663030492,113.70231863027674
125.5456159791503,103.34249785459852,37.05221591767596,115.85711854861546
117.49306400683308,102.14896805862622,41.51776297754478,118.01773771087255
107.11206255952499,105.35657894098016,44.31171777645783,118.40384651257094
105.93432779901104,107.34580896802179,45.36555155529824,117.0504169760658
103.5150136585429,104.18247404760581,43.1436329612345,115.39777773486651
103.75308042645582,102.563602302236,40.805866124627414,113.871818833028
105.46029876520865,101.13290091944272,37.52518799204364,113.47504288767706
106.55759705757198,99.80809090407764,35.86080380966072,114.49206404145409
108.11601765546348,95.92826908202895,35.32092794590897,117.86053336914522
112.38551703694098,91.58254263135342,35.5477067708446,119.57756000096504
115.76080032305444,91.82154837318129,36.20262725916456,119.62304705246557
115.43948590111063,95.31585339331556,36.57557226516155,118.76697485399389
119.64896569245245,99.58064120796699,35.42361097349354,117.45968926375352
124.81741607413745,100.700286361128,33.54587769059227,115.71087747305651
129.50607459334427,99.78371465739279,32.606487898272405,115.60548328287067
132.8325453812005,97.62534710408391,33.02095965263807,114.92273718831655
131.00979990571574,93.81586953893112,34.593452556732615,116.704015316669
126.6097301809281,90.02275806231987,38.63098824654226,119.1216286507509
121.45616339348287,91.1245911235126,43.388622309713945,120.96611926664667
120.26061903939288,94.2562952205777,47.709947834300195,121.31165882642274
121.09028718259606,99.27688590064655,50.19337277836256,120.85452287644128
125.65613561532217,101.24257993476623,49.35848987775411,118.79752445663942
129.5051699284084,101.72743932047388,45.28807628087847,116.97248952311475
136.11971611219855,104.62230794657613,40.529626003142,115.23774494669149
138.93769723756586,105.76889449526725,36.95152508053235,115.66893708368426
139.13730443081096,104.64380605456846,34.24588369208902,118.19783100609746
139.8433215461669,108.37888899502042,33.982500584424024,120.1265298712873
140.82274516860835,110.81568874754873,34.54471046844735,120.99795600099627
141.91150780561043,112.59039478856664,35.54803236241196,120.97777975880422
144.9817655510817,113.06783130273783,35.03999367811002,119.3751711347587
142.74130336442906,117.30503170256148,34.22886482875907,117.50715461245517
142.82059298986383,119.97162273474828,32.91077019703013,116.19524330003469
141.0707178494655,122.0918595448018,32.92217819267056,114.89733559789639
136.31252417988236,126.18449921839796,34.12951401816494,114.9547625495322
131.40924291593416,128.35720162651944,37.252818489420775,117.12833966688297
124.2195698592012,127.0587737399409,42.47072661460542,119.40070203183693
114.43570044392152,126.86470762224619,46.64930528891478,122.261398964492
112.00867151213154,131.53985769400825,49.07544567202599,122.85186420182727
110.4786789197911,134.3812101414963,49.194695993425626,122.4117740529449
111.05554261692006,133.6688532726292,48.02915829643332,120.33044531021032
115.00407965796254,130.25793526963048,44.25503953661399,118.55056622831717
118.06118789140618,128.80901131845386,39.66615265957046,117.62285260723291
118.75065300769997,122.9019397967964,35.67552809104538,119.34400859000094
118.76291666566445,120.22022318392098,34.25244120480391,121.57432413997054
116.99470998938656,114.05019399753303,34.52405353196907,124.05534320610582
110.44853430703407,109.38360165396334,36.805552845892805,123.93937017840145
109.18786542787701,112.43171881198053,37.76222385616004,124.75381091119519
110.76394729895108,113.5197081647573,35.29490508471501,121.77967546736039
111.50293149521936,113.14160593721608,33.16859074491285,118.87163431697408
107.29711778380683,113.30610715686126,33.20256313844104,118.90948368432436
108.35102289897321,113.07690049864385,33.0724445584989,118.69065090700917
107.78751471116558,110.04386507855601,34.17022509427039,120.14807916905986
104.97701245190255,104.81089516364983,38.690979368655825,122.67822798324723
97.058528728922,99.83834570743258,44.15996585758568,123.7030082921661
86.78853120914167,95.92948999751343,48.970743367849494,124.65472239755127
83.61427681845953,90.37243140478307,49.54087080155751,124.51905320605886
86.23094830097517,89.23936991520074,48.48425513144808,122.93333902702041
96.87903682653655,93.19394136610612,46.01089302173159,121.26809260958464
104.40854616911142,96.15318606064852,41.22103937564435,120.40014032987483
113.7733839996572,98.9975828098786,37.707000921584026,120.95612832555533
116.21541374786096,98.80830208974447,37.0819746283015,125.29889264668292
116.2069574556711,95.97594473511543,37.4811809138531,126.60530047117538
115.12493192806159,95.50935242832425,38.58077884407213,126.52298215507025
112.98647210381273,96.41108648487662,39.93023877577296,126.65933337790302
112.62701911960033,97.5835685489272,39.70520553521338,125.09995274589559
116.53744970558898,100.57482225665787,37.716406130814235,123.32502589684051
117.79488712334627,103.28268380339979,35.84377372694026,121.46588239320042
121.2043931125788,106.5054668717618,35.66627175824083,121.6687537564764
122.35236770143948,109.68955419370194,36.00249421137885,121.87397388798675
122.6498260440758,108.81181760231507,39.71989442063747,123.68715581099485
121.87334339017735,107.52409661679081,45.34738365421559,125.55806897344962
120.10109852279832,109.15911667995064,50.292752295223664,126.96133817330184
115.53962610175424,112.08734616975718,54.1632252134837,126.93990116634501
112.11110594159265,113.18267851764098,54.61532778966624,124.75109804284304
114.63932136161722,115.55981397863185,51.3639201429765,122.78854465015817
120.80784361703641,116.11707064161956,46.12495912823188,121.822529859339
130.00707606489664,118.15951362258896,40.50051156649579,121.00671738372833
133.1285049361804,120.2215994464437,38.560327163771994,123.47275569695634
133.58858870309987,122.72460669721502,37.91780855571434,126.6731620938512
133.3638089050128,123.26676046809413,38.71752684329469,128.08687090951486
132.42104262923777,124.68828203250708,40.18722687531354,128.1139754857671
127.89646045486259,124.15802542653918,41.29944054047013,128.06200090473413
118.06537142870553,127.87438831943977,40.96015374903426,126.55331686697983
116.6704591108392,133.4422777928599,37.847054800782516,124.36462043967083
118.71537066643316,135.0935353050326,37.080077148579,123.14471649930982
118.07935264186764,132.57223451020812,36.196320961381886,122.71554684872439
115.71376493802742,128.95910093283328,38.678900177656075,124.37375980425531
111.49902898916696,125.77020651448245,43.598575932798894,125.83779131673822
103.95209998963804,124.13393530427257,50.38689193966924,128.051007565283
99.69925290413124,121.64607740246123,55.24259221419844,129.4294943649994
98.42616518997684,117.59045996687342,57.41352350188226,129.62904710726878
99.90904665641308,119.13228199277418,57.39707087174414,126.86580710820164
100.41577451858933,120.01669334931314,52.32975162200102,123.81314040098309
100.54319253856688,119.1628729469239,46.83587139259279,123.61202876435533
104.95379249161323,120.57142734195256,42.504509132984495,124.08062554070428
105.11949453522647,120.43278659870985,40.02341632505487,126.8937041463303
103.49061804158343,120.07922890907993,40.787364380700325,128.38768475996514
102.11484928326219,120.09485660680848,42.28096732703031,127.7493126652893
97.67804700406879,121.71032082037819,43.83435093815147,126.86481978502488
97.66436677886836,125.14576485870847,44.414354210817976,125.82599347594241
102.10386060382342,130.151111071224,42.14638951012658,121.47530471302076
103.52631084038882,128.47713880499046,41.63211647840205,122.38211765369097
103.70053868053984,126.71610997897984,42.53289785864688,123.17797901664969
103.9681777351531,126.13829115217725,44.54522717129535,123.24542086947363
105.77391384209858,125.99087307208372,47.70118049451378,124.81790595544194
101.03415805839371,125.84549487577414,52.849728927157884,127.48723290470173
98.96227932444796,123.1658803084241,54.22032355325253,128.86727502768306
94.743438456079,123.89905472067402,56.12034659858418,129.09013518755822
94.23831865545678,128.14211739502355,56.59237819201613,128.71771833495288
98.5382499320028,128.3651207081229,53.17144019947098,126.78459012672297
102.76271445189192,127.88779166213857,48.626167165552076,126.52623552337911
103.55863984076868,129.44415793247413,43.72468504014232,126.13643389091115
104.81363140843533,128.8715890025336,41.26279760793402,129.18080270782343
103.00340413653434,128.8906106633546,40.76734639001726,133.34701353657206
102.16671690755197,129.14448185165378,41.482590965169486,134.29950675567682
104.72567683147204,130.188193093664,41.574754125141865,135.25990531657823
105.82367478516176,130.1049929624638,41.701390053699924,134.6316888797599
105.65715358922765,132.5105048966448,40.168679271740004,130.68422091960105
103.55333506874322,134.51020873303264,38.88965249434949,127.349272475341
105.27562133290306,130.70376478864483,37.515422983607955,126.83450533481971
102.65069066377391,124.54242843644565,38.00216176327248,127.6052981564056
100.14826469068855,123.77797299819908,39.41881790866197,129.0101550778206
96.89773982791021,120.38681164899106,42.92587959710926,131.5514499442054
88.03694433374673,117.29638703793066,48.93198596629561,132.9776910120293
77.94648420668308,115.2211566873882,54.7248446969854,135.38523179123922
