40.0,199.0,61,103
41.37628139213896,198.8939037677917,58.04931709853459,103.49557869488538
42.35809430957728,198.2957241272643,56.70770054100168,104.05271678453391
41.60815774065674,198.36703946740303,56.45427778040526,104.17339176831895
41.33611701616265,197.73535950549672,56.27829697353407,104.45921262963158
41.434210439378845,196.7099507757123,56.24351759780481,104.5899861438879
40.78300195549709,195.8478042524149,56.00232494642769,104.65516053813897
40.32572158861673,195.81374607939858,56.02418548487592,104.83631399354658
39.80672727099053,194.723523166751,56.14548710840957,105.28589434032612
39.55453409385591,193.06615001552257,56.29434367752256,105.67244850411113
38.61147763000266,191.48632529535155,56.202368226322804,105.97000688
39.65658170279426,189.26117200361205,56.471870774098974,106.46905003574463
39.018036894122694,186.78835870854954,56.803434268395236,105.92981334461967
38.93722543023637,179.7592868690212,56.8272398133554,106.92515184789512
38.706517585760864,177.22672691386418,57.59264109800952,108.21662063516227
38.05082446823386,169.83567818686018,59.202733387751024,107.72582990557653
38.42720371699736,162.55515028502788,60.41182791756778,108.12865206666302
39.02262551679198,154.2213412741597,61.49042401524416,108.96729059621184
40.28188907150153,148.39203400796492,62.12741448395006,110.26411923992956
41.753716997541886,140.127218632371,62.5944641982756,110.71040648525796
43.485865518940145,134.1889328846948,62.715341716025954,107.61392500209477
45.76969341948111,126.74163876252437,63.933818727444034,108.14401129331063
47.834750640942126,117.19588364803128,64.19484808335012,109.68358060432806
50.45859311978979,109.56434909843543,65.18993045963917,111.3782292933635
53.512934590628284,106.86179885082552,66.02576656093093,112.8066147006927
55.70583853697732,102.48513887690595,68.08093767213911,113.54128840829748
61.686051022860276,98.38778307994798,68.71005127459195,115.00675195533842
67.2252842988481,91.56564827041281,69.82961328706945,117.83177718964313
73.25476661707391,86.94482388293513,73.10860031077405,122.38772650170787
79.54576190799324,79.40905206902644,73.30352623284165,125.85346568616586
84.62571411727961,74.349396634073,71.73013914825327,127.10674872404151
91.20286663439785,74.45172933068365,72.03976233667304,128.13331502027333
99.89853757364517,65.73189670969435,71.4479810050534,130.96281180522067
111.08447825349398,59.88937836106983,72.44383646176203,133.8912261880166
119.39232789454837,54.59844575113463,72.4292419159814,132.6852801285901
130.48019023963911,52.875245436071,70.78952796798741,133.37371567082675
140.80086325784174,45.7696613953152,71.26625444134775,136.12867647694773
150.0573586393578,44.582435330770224,68.46932813144066,137.27552850838143
160.37367509523875,44.05502726458114,68.06673672358502,136.8814921016971
170.2047771078272,42.414737867737074,68.06856468082997,136.77465024108835
179.27154783262776,41.597015999559005,67.9488782116976,136.81246824502261
189.26072444372926,40.51773826803806,67.26541634691645,135.25206008501763
199.53429023606645,39.317025511792224,67.94927231107022,135.26865893735305
208.0551203701481,39.46513495128255,67.81975193548504,133.90630846657552
217.3886146855124,37.90514809749783,65.92552941803768,135.7591007776606
224.50792191981483,38.61521006283073,66.07500699044846,136.5466184485573
231.59221516985838,41.27043515825473,65.92808797083012,136.18364750575617
238.27062162910215,41.01147428933183,65.31581240585818,135.04821841352384
245.33056725327415,42.388551279533985,64.50305006376418,136.6304596967914
251.8473221816041,43.406032157845644,63.634579269604245,134.77381214915246
257.7885087937839,45.13591094298448,63.24613304719785,133.8676739636404
263.34757587979516,47.22590810037032,62.1528401837691,131.503170371525
266.4524827037041,48.16798797343682,61.99142741485741,132.46004456093885
270.9544671662117,50.87292534991877,61.992768548435905,133.19967542320933
274.7441238272925,53.74422233411556,61.734072902055566,132.94832290989388
276.9097388731631,53.23789423344061,61.87995462672064,133.0901600194469
280.783993733518,56.17827424639478,61.50989339233895,132.43785458338232
285.4574826081533,61.87581042494071,60.5344976743183,128.95821801730608
289.4669214392446,67.40352713172106,60.986017961354605,126.78220965257348
291.44104037398085,72.33579848413173,61.89807061922578,125.76770356884592
294.790705282377,78.00904377837864,62.660288653995934,124.07383138855522
299.2398667960608,83.60744876069795,62.41842924967524,122.70072137508848
304.30121698584827,89.31637775925435,62.32182139939724,123.4672200674288
309.56732304218747,92.88385173940387,62.43081412070322,125.28817420673914
313.3333960589919,95.943210103301,62.94935778435993,125.99312691253861
318.20718796029644,100.12340189968587,63.46327910870406,126.31273599555013
322.9933630035039,106.82092096797983,63.5273425965079,128.05740733161846
326.8402120544991,111.36754297598034,64.27550850818936,128.12019969257057
332.22549993247844,116.10545360165577,64.54259144363691,127.04751564825098
337.13696359081626,123.08056502126522,64.86309674414868,126.34778109028207
343.100209525417,126.69174608674572,63.95702113471298,127.32726222103982
346.89285366904335,133.36108216975668,63.25356878496019,125.88260250618973
350.79886368759253,141.3130410432371,62.74495450958062,122.81880316743205
354.9065837508041,147.51628458620053,62.645328592141794,122.42763590572395
358.01605915177544,151.34183824422988,62.72844077848036,123.8051540779465
361.920999398762,158.63690214673392,62.922680157554176,122.6614984409072
364.4821888468693,165.98352937879332,62.95475072423014,120.78043880100708
366.9716541433892,171.9817639293727,62.71529156673729,119.87829953383272
368.8152762287677,179.79531890801366,61.81601126316779,118.83346496717584
368.18310149529066,184.59634206941243,61.15830262465302,117.74069598812827
369.9376389704829,189.73368251809984,61.01855140473734,115.6676142118472
370.3800285992124,194.04244914881957,60.28849626837207,113.35547035470458
369.5201141085842,199.7618834293279,59.63253179259721,111.55734886400047
370.25447168499574,201.64481725361293,59.61831493078979,111.36151905722724
370.00649064597775,204.3828966473638,58.78255093460696,110.52198746699113
369.3272761566004,205.35847991628108,58.856708673127336,109.91365540181283
369.1906531727826,205.76080940338795,58.41172343959107,108.24019149595844
368.7526062477068,205.82925434244765,58.598089506539566,107.06082114908907
368.0420084283223,205.51325114841433,58.436368885542976,106.3873465801245
367.69220796551775,204.3116005220955,58.17329280919891,105.53018030346526
367.64617575541604,202.1085862084052,58.08084795205855,105.36400434100213
367.82383928654417,199.57498008471686,57.92589930777106,105.0951570180663
369.26746502685626,195.98511437143242,58.58082312011564,106.59523146221329
369.056608951402,193.36504512293394,58.98678820071164,107.00828255686649
368.90670478326564,190.85687167454066,59.475805521359376,107.61090264701242
370.3258442452376,186.8904152294611,60.05918797436856,108.5647505957653
371.9915219037068,181.9960689127547,60.27687440547697,109.73512657878747
372.4155036283643,178.2377635293178,60.678392157333874,111.74856351753631
373.77530103616806,172.27308044291925,60.819515115163924,112.86866455361465
374.02728627753936,167.5838938474144,61.06810810898378,114.2442301274368
374.15717574555987,162.21784562068532,61.28058869442716,115.40799772347309
373.621520894632,154.25522160533896,61.64804097440785,117.98238515846272
373.45060407110503,149.45670232212737,62.83215977771185,120.18098622488588
372.94215621104934,145.49385976629594,62.803218095479394,119.79172993029871
371.2385025972442,141.125747942678,62.35923748129292,120.37924141933149
368.59276943301364,134.8208809179707,62.42728462030086,123.26995081054298
365.2227409862891,131.90280893041606,62.933698935624825,124.38948101612101
362.24858237941635,127.59229251051326,63.356015172807886,125.14973504733287
358.21657640037415,126.01613120543372,63.469923371126754,125.53698197389818
352.22717643229,120.9112035653512,63.575554361982576,127.15128671695385
347.9927613479929,119.46831138188487,65.1907773528424,128.745933388574
342.81495703727296,117.66002020409906,66.36270067154786,129.47216540234876
335.6073930361641,118.34702838406896,68.64159820501553,128.92252038029957
329.68353150980863,116.53571923615215,69.39950802530461,130.12237866636758
320.6031990679244,116.78878529295044,68.10900103407317,130.73376974613038
312.49287491462684,114.63609963616491,68.27053679184012,132.5752433546233
303.39764425858806,112.31305375912982,70.19735674649571,134.31453579228724
296.13253458224546,111.99517478708752,71.89441569879034,135.83713455668433
289.20808528040266,112.1880752608691,72.03130868724156,137.87781676341805
283.52109007005015,112.0612786837793,70.8282117056028,138.71087769103514
278.6385530939257,108.54941207610814,70.061364271133,140.69872223450247
271.7437941399139,108.28566771305802,69.92912924946903,142.6955407945871
266.67106556483753,107.81450063251378,70.47830344063742,143.43893086387868
259.64261254965857,107.7230738435814,71.6686018049797,145.56340431479032
252.054946973703,116.11439460072422,72.6358335916565,147.80893052511405
245.6942241121674,119.38883621334594,73.2657570979308,151.49314056158937
241.14634286926494,118.32390619965349,73.67292095092323,152.71131846006801
238.86583808845432,117.26013049825178,74.74979965316948,155.4620082906058
235.02667358187182,122.31259683638716,74.6748632854751,155.50572673738193
230.64943913175006,122.87037234007958,74.99869864079677,153.9480675757002
227.31650141987794,125.50008207355452,75.29467050008786,152.20567691734408
223.91219828500718,127.34507603059711,76.25232462139189,150.14084159114952
220.60974317902804,128.46941741057472,77.85345065366265,148.87146791322556
219.65302505415738,135.24918500510262,78.99589080965399,148.4759647065916
219.2160532222461,138.63258885952501,78.83534961019532,149.7134904938406
220.4632410389354,138.95185401899516,79.06475937720731,149.66254562411908
221.13583417535787,146.84331130333953,79.13589390514365,149.88179780347716
222.42639506693388,147.84523728649756,79.21294472941352,151.305893835208
226.13224434907153,150.5669596329666,77.84952497373197,150.57167765789492
230.76407606152446,149.89279664124192,77.14183078710731,148.01677488157867
236.00758523261197,149.54813416756167,76.25777875352605,145.83937009261106
240.79709517414722,154.7901633119224,73.97673250326808,141.57873099334267
246.73265220944415,154.08479959818908,72.48464675298666,140.56669841104372
252.4695098439139,151.64361361717147,71.5567994039691,138.9306987910477
258.02392505502274,150.77602507743478,72.02456810284511,140.1124395912242
264.03903177589774,149.47021202269738,70.91824382125144,140.35281936280836
268.61877545610383,149.9614767534405,70.53091222255793,139.53993711811898
274.3668926808431,149.86437941291234,70.61069706018878,137.71179293198782
280.5109048393477,151.55529911533594,69.80051698146087,134.358853673625
283.86600996421794,151.38554674979366,70.6572622981266,132.84642969377202
289.0230039985412,155.19690695532768,69.62916290135509,129.47300737840712
295.89487135445427,158.2655626187722,68.06069064070087,127.56781275073683
301.9727283566502,159.7117352713429,66.44022443904335,124.49339957450175
308.000730057821,160.5251263191667,64.86649032381119,122.01166752768222
312.5710400070179,162.83786232048814,63.23215704651099,118.99035201917995
314.7534498599447,165.95451895499963,62.409665221516875,117.39415422867259
317.19657218283265,168.09503687364932,61.29441666949089,114.69914744410762
319.9110608877153,171.72002929968033,60.499411427694426,113.82535277759243
321.8694154917705,172.998620867677,60.84020954380275,113.02213692675534
324.2170457040244,174.83881945696766,61.033163230623174,111.03174218958031
324.32531714280606,175.87932023023401,61.849213126497204,110.0719869809382
326.7114590461563,176.37280407214897,62.353662718234304,109.36834449242082
326.63048566360743,176.91572338897038,63.498733262628924,108.82227026307488
329.46934752461556,175.6316009738431,63.463862323815746,108.46070552301691
331.29422291528186,176.0633824265921,64.22350485303006,107.76727811556577
334.30281101252893,175.26101300925492,65.54577568002028,107.92731480180267
336.15793433479547,174.85812845284352,66.68284959212777,108.72283000837544
338.8775280949342,172.70808431474939,65.4700414663817,109.53869587245433
341.148199802156,171.61406417493987,64.09562920428178,109.56117829074529
344.8556092104526,170.876833535704,63.01442855175102,110.51940421765451
349.8474843212123,167.9375075432138,62.41886192398168,111.38771074365053
351.750234422455,167.3654729561647,62.24397695587129,111.36906019118626
356.33802900193746,166.27990287404972,62.4679849648751,111.77881729877556
360.5833703480598,164.7752609810441,62.51334353239597,112.61891163166177
364.64718756845315,163.81206060641622,62.77950791973434,114.78154895318318
368.0769157009911,164.14207484328006,62.97458656676781,116.37933297945548
372.78852805071375,163.9778975355631,63.28149492396315,116.54890463590503
376.9687118308549,164.79706550116447,63.76451115274337,116.18843125353044
379.5450683913264,163.0662750325347,63.67371819781586,116.58565061852435
383.4300242976388,161.96468787172714,63.12331932464427,116.4022587780301
388.36702829212334,161.16809762639627,63.89668072044084,116.42723248158248
391.5582738063661,160.261456665588,65.0873403267209,116.07855761608957
395.2922352636373,159.7672943010188,65.45651458014734,115.20012209132179
400.2222057959864,156.7417184726167,65.51341311505843,115.4704509942197
404.3182696195296,156.01418869944314,64.66338751875332,113.4998208433012
407.6180054426829,153.85079639950706,64.59528794275927,113.29959738653277
412.4299668905521,151.30573929895723,63.92342193178639,112.49634000560116
416.9835020351768,150.58735118867497,63.05716585152143,111.4403183746032
419.24159952774636,148.81210759187456,62.15657145231977,111.5428380389071
422.9424243184189,145.27011989657018,61.880989986209116,112.56739570490655
424.9580873206062,143.78814339865173,61.59639860097518,112.05286359332156
428.66750765722725,141.58255180795982,61.393500310545505,111.80807143290846
433.1988887052062,141.79670275583854,62.51707854661889,111.2116176816823
436.17205552632856,139.43778026877249,62.92368069538969,110.17851661089256
438.59558947863184,139.97267241493682,62.459486325939416,109.59969911543885
441.2979818629811,140.70187795735927,62.42973207481906,109.73384784504708
443.0846392465683,139.40473917240237,62.64688361623841,111.8243412352734
445.452778548227,140.21301144279664,62.15758377268661,111.67761480971919
446.9071306254886,139.0167602342712,60.49378318261655,110.15147709005134
449.18401740826675,140.28790736456972,59.14386703893524,110.52995919664181
451.2743215940109,142.57754028771598,58.05252258346249,109.28858397534927
454.41308096162055,146.8174217331707,57.15333026425887,106.73835599654922
456.5280718800724,145.3413354664849,56.47297000938652,106.29361690882709
458.69480468034806,144.75110056717836,55.57859132289758,104.84688944181516
459.2855096737347,142.2164578927771,55.97713739081191,105.81760301327395
461.21363952617565,138.53415190350674,55.93166870155497,107.25725771642402
461.2895918016117,134.98651659131733,55.384866689745294,103.78484035252158
463.7019666805355,131.9883333756535,54.595669910413285,101.4379145475211
462.5813935706644,128.41229130107683,54.45806246804625,100.0694603665963
460.86161158406986,124.31509204824363,54.92735056232902,100.63913353046587
459.9057928148335,117.05874086954144,55.44668463400487,102.41004511638587
456.41737198116385,112.48823930306685,55.92862273689104,103.63603970441318
453.2197875197087,103.17130459213806,57.157623446910804,105.81260321806764
449.7964082448486,95.43748489183065,58.1885250630372,107.39327972805744
444.60017891775647,89.5543147137673,59.97450788714326,110.41731051387166
438.40260312430274,82.61555060516328,63.65167241350394,113.91242295959532
428.5446652922657,78.0387293877063,65.78420457171869,115.71508272849364
421.0198966425508,74.4865739105765,64.73642131450772,117.71871619251888
407.9322835545322,68.06238355957966,67.03734939484178,120.40102023435631
396.6875091464099,60.256931627411035,67.76426393374265,123.84197170611543
385.3595031641853,53.71646472333259,65.79411623022315,127.20427758458482
371.80414724942875,49.96802294810568,64.61454485661119,126.49263452371052
355.6310850933126,47.93730815190973,63.71588767470292,126.25908120594616
342.8952933139743,44.468087166394554,63.948213420879455,126.21989256174214
324.5740564956422,40.41756144767872,64.7144663544187,125.45689980972068
304.98366118216217,37.77636430950014,67.70360659075381,125.17670253334347
287.86900242845365,35.46210031271881,67.85037404934266,126.76635113237488
271.0658759765111,30.621252792150507,67.95986181650906,127.83677908366774
255.86262878767394,27.117262757038986,67.42913085238649,129.8281881089689
238.87713016008829,25.94868762842242,67.64600823451094,130.1672609736239
221.0135898875815,24.78800107483633,64.63840860374323,131.4485950182961
207.1788751152531,20.541674285708098,65.29120606832191,131.84551495397443
191.77832596312456,19.10106195636436,66.64519133546962,131.51497813805253
175.44461658875193,16.38997707963273,67.54857199827738,133.50153998135954
159.3006803550422,13.213162188586068,68.7379032059312,138.36014412868724
144.88783501325904,11.316874616150727,70.87932875277879,140.55646683215167
133.04645516227134,8.942888159953668,72.78456159928542,136.84380742032704
120.46498307342287,8.550351188810922,74.5358846832324,132.8366145169094
107.75466568736627,8.94105862471038,74.56534513893935,129.55635931307924
96.7049991264583,13.045682483666624,74.27722708888027,130.13507546235425
88.09031690980352,17.83673182623049,74.73599215695546,130.82421701160152
79.19318205357877,21.838116183130197,74.85142886159247,128.23535820991148
71.73394418025767,23.90466054148132,75.10388898323467,128.35672505961548
65.42666560272488,27.603267446848733,72.901246431269,130.02649733286503
59.65203714070239,35.561046620895596,71.3509244978921,131.3616714066463
53.56412217793633,40.52335744786035,71.29622463826796,130.40549457693555
48.25608374063966,43.625920147689044,71.68985888590818,130.6872466186844
43.33234409679763,51.699018108854375,70.951827919686,128.16180875299438
41.80300384509537,64.46712820902064,69.83033264184051,125.4595424100837
38.009240108186866,70.37275366433754,68.60722168792314,122.54556933148118
34.857966739391365,79.2726460918197,67.36960729270164,120.41604204487625
31.392428396356884,82.80198998187083,66.50805092212998,119.51244459680521
28.286445291509835,91.21867589736135,65.7064978447147,119.03795948457417
25.70739608912136,100.55907109046173,65.1731289643354,117.7930516667328
23.015412693473834,106.94846072541642,64.1264927282867,116.1057030608859
20.932329540138063,113.55544862560977,63.27434848808325,115.22452144995233
18.780426235630518,119.06105782275745,62.585204657645214,114.55479475487573
16.32604534365644,122.64708050681901,62.29950843378087,113.39257604690887
16.146349348782252,129.51182028621048,61.339747591497996,110.39469438851654
14.351214811886578,134.79768595515807,60.88030353052372,108.72228556038698
13.267857964281959,135.8198713807204,60.43654359292046,108.73190030496546
12.25770367751474,138.15194139992252,60.591007439892394,107.78062037398307
12.416848777363008,142.14796095691474,60.22840571675836,105.81595552757673
10.82715080580051,146.0700951923311,61.075526269258354,105.113044478619
12.849731031564541,149.98323250448922,60.06536947983967,104.15630720781843
14.804367149324076,152.10545907989322,59.00711042791435,102.71281841247918
16.729351392838424,157.54009230966912,57.6972420385419,101.35258515605238
18.279821531957474,159.5422934534688,57.07948657475693,101.50492114970301
19.949464993614463,164.82223812439264,57.087581243239825,101.5788513879335
22.467529118871983,168.70502258254413,56.83117711381853,101.83684204194302
23.87372410244308,173.7005440790511,56.73848319159821,102.3142743907259
25.766488955072646,179.63051035836696,56.311718134776584,103.40380472271923
27.807648905979846,183.3951583719069,56.02862308647781,103.55825503352997
29.90944335896716,187.60235892758624,55.477042237143806,104.28707291631193
31.21208605750337,191.94652753340276,55.73030786546201,104.7610281851476
35.08521440782113,196.61159401391194,55.81550258084213,103.5005363374105
37.362284985954226,198.73300457520764,55.45938998902905,102.83388708981906
37.756826126910155,201.02361301452498,55.47267587117968,101.69267265259066
39.64686691582443,204.65353274903123,55.651395562882385,100.71203850584382
41.09457423481123,205.84529369969863,56.08715768272129,100.16381323536834
41.636335662080135,208.40550070684202,56.903994935605354,100.14557207264411
43.323921567691,209.25154281040417,57.12785266539924,100.43713044364478
44.85656413968925,211.2005757495541,57.453680802652755,99.89331261221992
47.04344297616327,211.60209775428928,57.17129275861096,99.0720801261871
47.90813109659282,212.02066520547334,56.739768080251864,98.5013941984283
49.28177771378222,213.54120190328354,56.66038256071681,98.0500424824954
50.275347435236945,213.92703618073693,56.96627290296361,97.90856191586987
52.066594434509,216.68906569424797,57.20125326965387,97.81336641423843
53.30079387293266,217.97951612200472,57.48709633616593,97.08274632044365
54.30425507924687,220.31267961393482,57.87311825947501,97.70752651431786
55.837301164399435,221.9278726227359,57.87947481963863,97.73327452991887
57.38407879019627,223.80272026367123,58.631286999685585,98.9287391601575
57.29139501564344,222.46714292589388,58.110538826135,97.35355594508724
59.69717336691295,226.98071796244395,58.50265644000223,99.43047081339336
59.22790039514676,226.8158455934475,56.4924719147846,95.34441354943313
60.5630933946325,229.29572690011264,56.432284890422494,95.23245977399347
60.85596606014869,229.92285439815828,56.1981936121245,94.36458783454285
61.92324954708649,232.77006792238367,55.849728933170766,94.11532069820139
62.81546562227425,233.7429065115694,56.16182388240462,92.43520748467367
64.7903747297471,236.00419474841473,56.32473760105267,92.49045083520178
66.3601995668199,239.35741232218533,56.33532596401645,92.3946113907856
65.78780313823871,238.71905556039624,56.737473557506945,93.26168746319189
66.6447567299777,240.99778813637343,56.4123908369196,93.9576402799875
67.01427037617026,244.99086096101104,56.93224415976884,95.9982280291498
67.83896332321248,243.6716700873168,56.73662413482503,97.18159268669451
68.15464312673356,244.34659333412458,56.18528161762664,98.55684384932897
69.17842034987027,244.96741524051453,55.586701780728205,100.40891951897098
69.6780247662387,246.07949164934047,54.95922756713196,100.33268540249094
69.45061069169014,248.24556704139704,54.211052786541586,99.87336787033092
69.86910166378344,246.8733709721681,53.47343607673,98.78896362207007
70.14457201678644,248.17705803493763,53.343332773067736,98.26011122504661
70.30248334548386,250.77996677231133,52.77964634614166,97.20447075225235
70.8948897861413,254.72295069521007,52.241745085920506,96.91509104122049
70.14300742239693,250.96239598649322,51.92180986223738,96.82264455045105
71.17491613558526,258.53012300464553,50.06911304132947,94.27440975242769
70.2905258913076,256.90088272134386,49.30871872519731,92.83956146160915
72.17802787887331,259.2639512355709,48.97643325592527,90.62187780229567
71.8518456755573,261.6895211045353,47.93748296529164,88.99592727335124
74.08190915749447,265.4892882266249,46.97366337446418,87.06149312682822
74.0632689003728,266.8661513744198,46.02104520706689,88.18691722186354
74.01825561265952,267.6281736084096,45.13670654811848,90.54968305661833
74.46454364335304,266.22055090419065,44.22331749845016,90.78942797677492
74.52704675914367,267.5108179250368,44.48133738991577,91.22583119094196
75.56844564773758,266.83509020147824,43.76584918304049,90.78285304430912
76.14997258501391,271.55790282188843,43.586224263565924,93.11826418044188
77.16440151853388,270.4020422794925,42.19640448246351,95.88765738437442
76.5844383049798,272.4762180595215,41.29590610488416,94.49891886142574
78.04498214761558,274.0774407029065,40.5975051871907,96.78185565473395
78.29673698180746,271.14390342277557,39.72729630005697,97.51440873062069
79.21777824957894,274.03219598557075,39.42021742662336,93.76443493315543
79.36040836512842,276.1502937681663,37.82709586739942,89.75232994413611
82.36164929472565,272.2331067092285,36.03317113711119,86.15626888134773
85.47226414031648,264.12377265541926,35.32359916077328,83.96641342939589
83.98268055561203,253.65112358622753,34.91789389365874,85.82441603555274
88.70177908858872,246.31147720958222,37.022238331611604,83.52623076149965
76.211430485243,225.1799328482362,39.37483800412338,80.9536566423948
75.63680625137667,229.5255865163069,44.52416276580134,79.092091737894
72.63894556954571,223.49354696959082,46.08395578473669,82.83587359011523
65.49391162491833,217.96669400006445,48.66792321012427,86.93357061803516
57.91897875829385,215.49698722150694,53.05185876759199,88.02599931186894
50.4600426893881,211.63041802831293,59.92532782923162,88.09574658497573
50.50477390852653,214.54495701408405,63.24562491243913,87.15244131851159
48.082427897003825,213.16385076859765,65.00758378118766,86.90839770596877
44.13876377460671,213.1863950561953,68.24079825645065,86.75240825186722
40.04180936858994,211.38838454824142,69.80815067199981,88.94303375996249
43.04660105075673,209.43055446849135,69.55354167290061,89.26930793313447
41.57566356657742,208.7806361019516,71.2333011627436,91.08266395332339
37.83486863569788,208.56217343428153,72.58256680575268,92.73144231600725
39.19945893668178,207.40232018782325,72.23894528581613,91.29510632845506
37.59229513882851,206.49248076113744,74.03802019597579,91.83997439081105
36.413515111624235,205.88126782460148,75.01963420546247,92.0194925490392
37.29248558489519,205.23114142328808,76.08908583704556,93.38743333994725
37.20179967983368,205.25838335391384,77.14774646552796,94.16092189080513
37.16020312783164,205.7615442376948,76.23704308515703,93.73354909785255
37.60076558695207,205.81941145901797,75.40669941691617,92.853837604425
39.84078573844202,207.080334510531,75.77404070573314,94.52538139397706
41.473267837356495,207.75009539509713,74.24168148837295,92.10031885336042
39.42844967373432,207.53942296938192,74.98668280585167,91.39934925166583
41.100137259930136,207.55224942769178,75.15447706705379,93.20176029988987
39.54586735980477,208.52324690385464,74.33851735558578,91.00463839443916
42.80065037811666,209.23588712782964,72.77115102599325,90.3792541867235
42.94407673287968,208.55044471775088,71.06471213482658,91.58671737602168
44.67753951110603,207.63789061064648,70.64362398071762,92.72817080507426
50.00826144814665,209.49800503561428,67.95248650312077,91.86927008013862
57.09649019266729,217.5188664626817,64.26217403361073,93.9604817963163
69.91982833314279,243.26566627744404,56.767872020237846,90.10408919804163
73.84816187251658,264.03284004197155,50.002940781334004,86.41712326078348
72.5741677622598,269.0796895345124,47.87096684364447,82.9636830647643
73.11400819706927,263.25841067440217,47.18398616933803,80.03177789435972
69.50702224290188,262.2391384526175,48.66266755032903,83.73803168851494
67.79174265021189,255.54351683059642,50.234675710318406,86.30298098724468
68.02731452145888,247.28831604158884,51.69846849126193,88.2088903777598
67.14104515925803,236.8589616340638,52.94482313363238,93.51977814788805
64.84259706774951,227.99768360787272,53.20108210961817,92.53637106550455
65.51377181263518,223.3891020100216,54.86312715109683,95.20510286472245
63.38590488561815,214.29196962862665,55.96126823169338,97.82606440485606
62.004642238096274,209.2612314441003,55.30173542126839,96.69872851804942
63.68486297732224,205.4538937715026,53.89701293695708,95.00831963472915
63.189293965797376,198.25145020522342,54.36733797172557,96.50973386689691
62.85141075473909,188.4808746884811,55.190412743451496,98.61900013475656
63.31383467300816,180.1143863716443,56.159363735038376,101.53273238366455
63.70928102845022,170.9730840330767,57.07010066282612,103.60586440454969
63.9417444205763,163.9390563268711,58.788340382480214,107.58142103766401
64.65900814321661,157.62208958917637,59.79280829852772,111.13469655406911
65.59852665804277,151.5812803418218,60.97621023371913,113.43179966791888
67.35000581002615,144.08296801817812,61.369339576236754,115.12630029176873
70.61039219661485,140.50361613856253,61.739496978840606,111.89566078928118
74.81315099797585,136.15169333150692,61.98256946400923,108.00163653034556
78.51459024964362,130.174395798663,62.27509501340809,107.3570494671271
81.62526221839167,125.17365176398573,63.357858741927615,106.95073113999729
86.17892927169936,121.71678408669594,65.06867038726533,108.804438418405
92.17135348568353,115.1097403664185,64.41457147101576,111.30456711872549
97.51841629668783,110.00218526438442,64.57066557556965,112.82967488138739
106.03480369133266,105.29741360080901,64.75825821792063,115.76268622611636
118.22319314044233,104.1589568217768,65.38654523767,115.25258196191515
128.10156652860087,101.08985906400387,65.14347033635298,112.68746937199225
137.11833965958704,99.83857168913468,65.23281836148999,113.17881365298064
148.21647218009656,99.74743587004593,65.15615170914285,113.24401986147063
158.14485111975063,98.55555179541135,63.347459015381574,116.7181200419898
173.03421551499207,103.443507879583,61.101811279586194,114.65702110606837
187.36659746715537,99.28071300509384,59.575688732681456,111.84754005426544
197.14926533043192,102.14105141005224,61.22635642409712,109.33578658419239
210.95398326845847,104.67801194268318,61.30631263788774,107.63286771619613
224.52873414192658,106.22474413437345,60.04063047102969,110.79968775664372
235.46040581446036,106.81773840071858,60.81528761424333,113.62697437043784
246.9228952374477,109.23654957389267,61.26530876826867,119.04652365494903
258.2702068038951,111.43937687200786,60.63980794982692,121.18151847278116
266.49166031042927,114.84896996758795,60.1253066984774,123.64083569958974
273.7228575273917,118.25122806419455,60.97385586806824,123.07930046340776
281.845640413445,122.87341383276542,61.72938872877415,123.05004733446916
286.3051770449602,130.45145865542872,63.07026419621238,124.4014955309394
291.7998357605819,134.62810665623263,64.78596385481268,123.80946051565974
295.7165357564428,140.39760154111468,65.3825260212941,121.6572505310519
299.83094210875146,146.00543078536077,64.47503289675488,122.22564965974718
303.76535020286633,153.32856032137903,63.182693759306446,120.84669405450758
305.705759857649,158.62563230528627,62.12728338528787,120.62999149294308
305.8226128341057,162.69038178984843,61.00490555737453,119.90951962342814
304.11347116783395,165.91240989393833,60.924379075464905,119.05936600313899
302.2830430673288,171.22623959580864,61.11642424131895,117.11920659939835
300.1999776477968,174.84222307596457,61.29964492413296,115.11001795939899
296.5477720432724,177.95362385377342,61.348501933963064,113.61911947995316
292.5436361666686,179.3633869297595,61.28743774967063,111.1972068533716
288.0598270246678,181.34547887712822,61.96617663914098,109.38310840785294
283.3716362240307,181.91161318910082,61.56790003729019,107.13401849484524
281.09744254830645,183.4269733630472,62.40727249616057,105.95135112546808
278.8746937850812,186.08969851336335,61.79255884097044,105.08744867639831
277.4440642844122,184.89121552966975,61.00556344777709,106.00437313987922
275.3883295109619,185.50120412431235,60.86358450834962,106.60443379239092
272.5986323537362,184.86644188228553,60.117112123582274,106.23525588386644
270.0511656035316,187.07127662776966,60.62101168844454,106.61992843391381
267.16299044082626,187.19985232742314,59.97869135955837,105.50321892913809
267.2143301946371,188.5238848555655,58.736271861702306,103.64092047441585
264.8015004591901,191.3324056976644,57.68271990681514,104.90092346795247
263.99275554399577,191.5501556338547,56.625008321188176,102.8821106072906
262.5298949793593,198.73299996687635,57.1745697824923,101.44058575960668
261.5085673270421,199.91003194858231,56.62515355392361,98.95514362236662
260.2911759886968,204.20439171041045,55.8816830567861,95.76199294636658
259.29175664511763,206.7095534556033,54.90514942949133,93.96083693644965
259.1406807973261,207.24940515729995,54.33425425007431,93.3038019900876
258.473744603563,209.37609763806987,53.838750416897476,91.75152786839153
257.67521253194735,212.71042140052478,53.596459091378755,89.49941476730982
256.9764938562652,211.1839296290773,53.392456013055444,88.3404232125485
255.92820523627526,214.73449928864528,52.704914600691666,85.86559614927194
254.92928869576255,215.5670664672616,52.824634888748335,85.06899206547676
253.18604450250115,217.22685904785033,53.02932395886492,84.65468034179933
251.62591252046934,217.29827293803726,53.25002127253791,82.63361769814426
250.01974936754314,219.22733562646204,53.0484071487028,80.02097571973216
249.32249058119146,219.28036501318604,53.22774527804677,77.02523799120605
247.29005656073173,221.21441583590828,53.26124124865372,76.01660289849593
245.67615671643173,222.57766337126424,53.8663297556131,73.74668131411218
245.86982332133556,223.0023688458079,54.00566890908667,73.57442490604043
244.8633989268311,223.32954702639674,53.52636071567369,73.57961444330029
243.24908005113537,222.43248145248947,53.69609954128394,73.28596177763824
244.50588600358066,221.2231080039152,52.74520125944027,72.59243450486491
244.51620232139408,219.97778812440816,51.94086195877435,73.43257682735555
245.16224402482294,217.90862784358868,51.499593371252544,76.47110490852576
244.66382033437907,210.60424427145796,51.11130891620278,82.29955283892005
244.39338847424858,202.93820083210613,51.04679543919815,87.35017609457678
244.61930558165218,191.6156003488569,50.278799115015936,93.44725084037213
243.460490117769,184.2580862984011,50.96288512090731,98.09306507409622
246.14118660418006,173.16407389496905,49.45955489222581,103.18688211728846
244.74465570824094,158.26131124418936,50.738487045432194,109.529791452051
244.29631245747603,149.4079548720309,51.68149923055574,115.28588163777412
245.00090330831722,142.74575551581623,52.704537987857734,116.12141926621909
247.4466600587392,133.8917429062613,52.845190014357485,114.89286001267273
247.1051188881312,129.24537291516398,54.154370988386034,115.3037030222111
249.51079197592549,122.72497691340281,55.14670523271933,115.66206094370219
252.52645608315274,116.03936437207771,56.88365704756173,115.70265858494614
256.6590459635442,112.71486658830806,57.91544383951316,115.64648447475108
259.2605629852322,109.70201266769101,57.3787305969184,116.11967156403205
263.52501028832074,107.6620328613119,57.68836748488194,116.56306501468089
266.3063687780709,105.95875206911313,59.25159655030346,117.3362953002503
269.68679939707255,104.15898652096567,61.227978964643974,118.7059374805296
273.7011531622298,103.23447163560108,62.07887958862634,120.96402486844627
277.00893772573033,102.38798856891242,63.1163561159222,123.51181888268299
282.3354574771083,103.03661449275793,63.30340450379118,125.95461830452321
287.30314874258744,104.03557149841225,64.49256420916109,128.98102680298018
290.81242668526363,106.64917281496379,66.04453444685561,132.48056977534586
292.2488267611717,109.28843652225581,69.10914274230504,138.08662488029307
292.6577960617972,113.15507791867391,71.24283377972587,145.04996684331624
293.8031035779733,115.10970049175276,72.89890453838933,148.3233999198148
292.874888043514,121.1603081834417,75.44112662293297,152.32597481964004
289.61230959357005,124.75015444163205,77.92838069078958,157.09247981302497
286.4209510475818,131.5906072008873,79.46850745073479,159.75041096443638
280.847962951043,142.32852611452614,81.56119995240618,159.56516151606493
271.6070333352561,154.33837345784343,83.03347666444864,160.64623587239907
266.5216438557343,160.94854593719663,84.32995752778928,167.73350810119265
260.6628283675217,173.73630748406708,84.81467834796442,168.18960121838924
252.4035291907855,183.82856929959428,85.18984408424933,165.90845893499116
239.66516466145936,197.92021960722366,87.11994228352663,166.84362755801362
226.44166022658703,206.14973150271055,88.39602219819314,169.4077971264148
214.95139073275476,215.16253714184816,90.18890859796701,177.03117266454586
201.45798155547445,221.9957957206895,92.46247011659017,182.60336400295694
202.26186597744245,224.14794086895125,91.08394931952915,180.06378317908968
198.4249930998019,223.07914526412458,90.66791235996655,176.0962108145243
192.28990189952486,214.20016276164395,90.50981106911433,160.88216043862616
191.69896427044435,212.7492598003179,86.51819389563474,147.232391654247
186.98610226236298,212.6229225328765,87.4747406657037,138.0347488063173
184.71624261472556,202.5409862486928,83.60466992191606,136.10777054460658
186.45311047884792,197.87235010142584,79.0257401018745,134.49026988992176
187.4550837615732,191.9896918934066,78.10315339970515,135.37359778056967
190.93796809310456,180.17941340364277,77.13396676789245,134.10365183040977
195.36266817826035,169.59677864751222,77.25462885344024,134.79577681142086
197.13650261252337,160.59169141094026,78.54585768999233,137.5628177396429
202.9256796023584,154.7542369235059,78.07773320250976,136.00658657779286
207.65856483691294,152.21520199978923,77.06792586816633,135.1662909467106
211.31945154116582,147.41720087805027,77.79324108270742,137.949915260501
217.90978167091578,141.94337988647803,75.9418960087544,140.05713365966113
225.44172967504863,135.24438769810706,74.0103852543949,143.83677086843434
232.52570597374358,135.63028039835564,75.28277079177067,149.20084972574963
239.6523524313428,132.6300356088841,74.77410678282224,152.37959247852083
249.33668360079926,132.65968605886485,74.98320323297177,154.11713606098127
260.12042804433906,132.48496738112752,75.36282738300162,154.83641594575278
269.82876256130646,135.49211197353293,75.49742788031678,154.33607329414505
281.68597378108166,138.13262678229242,77.1280371790476,151.8731589110011
290.0323038710168,140.68281040141065,80.94419657925556,151.79827385049902
299.3357355514209,145.9539935017125,85.67488815008787,151.6415277670828
316.6561955943106,153.8641815624199,83.77478227329283,149.421737583168
329.91778308628784,154.87212917414297,82.15779625418209,151.04314094370622
345.36687040713366,158.41173989074377,79.5592431945217,149.67900740112964
359.69160412598666,160.53402014057696,77.58366491697195,147.01269397177575
370.74309010584824,163.27561248916507,76.09659871896761,144.0853564425683
384.36292703167624,166.17743965416764,74.56294903723352,139.3776798957663
394.55472771825373,166.11976485930134,74.708278328141,136.81184662417076
405.13698391953375,165.34239519764407,74.43478765409652,135.19367334982906
416.1487003468658,163.39877344895325,74.36579205529193,135.24320932767944
423.69271237245437,163.75969830356314,72.58758245723972,131.24487036064716
429.2174281409686,160.0461046449607,72.44849027567996,130.9795222774614
433.52421359597315,153.84077731780877,69.96049919965523,131.8782445587184
434.6422650685538,148.34439792988815,68.7569585103534,132.26962394002842
435.14372256745696,147.0478395945903,69.68705742856261,131.22333631374906
431.20090887061616,145.60965889905663,69.96276050583799,129.77105390598834
425.53725932004176,143.67082600217373,71.1763205933149,128.8738173560041
414.9064383937226,139.95684142550795,74.59494486782822,128.80654725152317
404.69563624935506,136.12043507282738,75.1669702991415,129.6228536092281
392.71978396653697,129.29359379558622,75.95049249173081,132.0682231754291
377.1472599891236,127.66057184868957,75.2271017258544,133.8714679969568
361.9561151786307,123.4789898322604,76.63105882730892,136.61430121926827
339.09877133002504,120.97406000822465,75.3422064854577,137.33335886538663
317.76857628436767,121.24146393198264,75.10620375450688,137.5524877854488
292.393292358887,116.2447367670749,77.89128698632759,142.7776620859674
267.8633112565168,111.58668343371764,79.1112528531773,145.38908735619754
238.72428643736492,118.62123930081356,80.15071606569981,151.86553836614632
206.6897399235432,112.12590584679498,82.03203443514019,149.59595136793348
171.175682606278,112.07454464770174,85.38210951888931,146.04385809229183
142.22690271400927,116.8951899387946,84.1372742838955,149.3053995413561
109.46491779187737,122.231163701515,92.83668968479995,155.77047594169656
81.63289695583916,120.93397512075022,95.76138199164198,154.34852619892925
57.704244905071846,121.85077305852101,94.298221005286,155.70526845815328
35.56035054669593,125.00849711812691,91.69041035680345,154.71068215534774
14.776810374867125,123.70169826716983,91.05360276100794,155.00842292366815
2.3028322690587473,116.13903914353503,86.10061903121844,158.26872041898463
-3.108464634311275,112.04107451606862,78.78142816998974,157.25044679305807
-4.749887343007735,106.57223206058141,70.94992422214828,156.7850555321575
-2.6897892530701526,101.53110714626236,63.78758326688249,156.4705768451706
-0.9224345715975524,94.61048202417071,59.76614905042167,154.1639999409164
1.2087007824202196,86.56322398355876,59.75473283457362,151.00479287760905
1.468096834674526,77.69879252503242,62.12870196053376,148.93269143919298
4.4405789002509195,73.36578375432292,67.81185062234972,148.5651701622526
11.776736323151425,68.74854503098109,73.00068079607996,142.80739907378
22.323170242429704,64.59957063310812,76.79825485205465,139.1920788265572
34.79400288291368,49.850904535545766,76.79183127030545,135.03407654902566
48.469085493888436,38.50199526189978,77.15342752296532,139.1334759068645
64.87380955193726,37.66172893570949,78.68327384046142,135.68418678190133
78.61837804616042,32.939599490879274,78.48750233053075,132.4219332203899
90.9948940909903,29.042215985337847,77.39422976235532,133.50612894241024
108.35876538462563,19.37535841137769,79.32566686258467,130.4359744614243
126.81024495681166,21.82000566110173,79.64716450532198,130.91475247174185
140.59899645275675,20.6474840149547,76.88588465796309,139.0089412718484
153.25424987496876,19.439822869050673,74.24453674908594,142.2314229874846
168.34524303070714,15.751521104382675,73.77003945128101,143.8192081574456
185.1534196307553,13.230821770038233,72.68887301876283,144.51990858394697
200.69007218791197,16.396720770910406,72.07925198648076,144.19107078728075
215.41154123318316,14.71174383869122,70.004874686954,147.34221361656287
229.1145729967115,19.803698090527732,69.48488904075666,144.79456609921797
241.89226381273568,21.00206423520474,69.57492366847396,145.25537775517645
252.38408241632752,26.00965691906282,68.16816024058716,143.2692451218353
261.8848927659208,31.34440000909433,68.13821922890054,142.21752627575665
270.81982623032883,38.59789165112686,68.04389551297515,139.3777793198166
278.43680274696544,45.92483844948106,67.21948837813946,139.03717918013945
284.1455098363255,52.03485909854288,66.20038962910674,138.9193107335783
289.2824273534879,60.54956171295025,64.93751040532894,138.8132758660917
292.47458743805737,68.66087836735527,64.52291679868998,136.5699516393129
293.7180043416084,81.26257968163311,64.70048118494731,137.0177941279447
293.6082363094235,90.56706220889043,65.70047379228586,135.26109347772694
293.02053244739943,100.69696950411523,67.01726945578709,136.47616292048048
291.78423842290704,109.13089267223117,67.15413362781874,136.59833733620172
291.37062616407843,121.27993569247478,67.80365428805408,136.12004499688638
288.0539334700648,128.37480073162482,68.43899280108134,133.16313352210193
284.7982918942411,137.15488563236804,69.43086677304117,132.06728867178737
285.52190153176946,141.94274716209432,69.60889163860946,131.25777044631917
285.1671527218235,147.4789320836208,68.9428704596732,132.4205080251412
282.83308700857606,158.75164911751804,68.11173430804321,131.17127757062798
282.77106106967733,162.87659676306674,67.17319463310629,129.40316328538995
281.37278688811614,173.60431710493742,67.23726008607238,127.46527020907045
280.790275598789,182.01153307399605,67.49383539910176,124.91267909126573
282.4483084224433,187.89883686782755,66.76303586507437,124.00803610321208
283.60891292318297,193.03514363260686,66.2300653889856,121.67475362834097
285.1919026128507,197.52435693029554,65.58215241590014,119.61170178882301
288.0516260665331,200.46570831367353,65.18127850658215,119.0666149888639
289.7525403585706,201.79392390793927,65.33920334047592,118.83749092923865
291.1856132690348,201.7921889328714,65.80432583009456,118.32170428757755
292.67902353159644,201.88691779342167,66.53366131083052,117.77656419343012
296.62055099297976,198.88236138767724,66.85965179822021,118.42682080374712
298.19106258095655,195.04666146178027,68.26495430586033,119.68461591921289
302.5693648657907,191.49850946516375,68.30937512681705,121.37003124057097
305.05408130670946,188.57477801135104,67.8421700281827,122.94311060327448
307.2294835072235,184.12048245981293,68.5287191427796,124.0586108860382
310.1607442615075,182.59318126949827,68.72125134514907,124.24929114752689
310.390919418692,179.3039337052538,68.9777589409363,127.10455019203148
311.8285829673867,177.08440614488234,70.29121358182815,130.4026141018369
311.80452160149366,175.21121580711588,71.53437415541111,133.2500689961198
311.3155180474016,173.96350927646182,73.01607389054834,135.89092883477164
310.9949009003192,173.50908365000706,74.64052351674441,138.39752789041557
310.9222310364523,174.8793944013969,75.86505635971263,139.71250941497968
309.0067102834176,178.7684851881741,76.59877730914134,140.6934831148627
304.8604328778622,180.3498229807434,78.01111361439278,142.90263370159914
298.3797005735439,181.74047714533714,81.73197763709186,146.5268734681148
292.99131378418804,182.3503542655662,84.50719481931924,149.35634408117227
286.4523515143703,184.20574657911123,85.4645749253609,154.8111783505666
281.3730696162442,185.32739863818256,86.45404082122252,156.0673554335958
275.3111428915977,186.75386658391,86.12138181934372,159.01483458120344
264.76886131480137,186.980656714615,86.30604262918632,159.6985529037778
254.79470066128687,188.3605229007801,87.96566764715283,160.68012302168202
242.16736750953243,190.82716946363638,89.65475167527106,164.1531409311257
225.63807592079317,189.5795761336843,94.2198045793121,168.3817870636861
211.98050697398526,187.15889116275787,98.3875425705842,169.9248781969452
201.31362712489738,192.59637359024063,96.35527443672869,166.27189820526092
190.90960028480163,190.39996108116165,97.50231737473271,164.6593521296689
183.27707187594865,192.97434695623855,94.22770134087614,159.30129082873387
178.76691286165862,192.7794940446425,92.16650691828434,155.3220086148166
168.069989673971,198.63893839672926,92.3760576393627,153.3746958383774
162.43296450018755,197.60926253019483,87.73412287950768,150.36834322574313
153.8512073257648,202.92836023374963,85.07119069515014,148.01362560183665
147.90555719055592,203.72524527842018,83.2364777819741,147.4785713328081
144.18170537188234,206.54871827515223,81.61518117518064,147.45235287840646
143.90027940338757,211.2485764361112,80.60024380552957,145.54055159555105
138.7202414013151,215.18096772856762,79.680656723737,144.79436031923197
139.27116457443907,222.15724966939212,79.45558039702027,144.42074541219233
139.80017790479496,229.51611960574942,78.68502932224601,145.40185807854022
137.8762146068847,235.04352494689485,79.33135679697277,144.73782498414
141.184971713297,239.13224661459068,78.21710796500756,145.93355059406082
143.28287537321967,244.17159491614427,77.5443108990685,149.3565324577505
148.56304018406684,252.09140865152293,77.39764704885852,149.72192207683696
150.795317142396,254.74079972839448,77.2717161790752,144.4522536926251
151.90836350801422,262.1660846386952,77.25634732479188,140.47970511225796
151.07177949803534,256.80757160260316,77.794352991234,140.65901145787961
152.69174277368552,262.62804120833044,79.11411882274612,139.02652561556567
155.36305662946748,257.52740489433256,81.38211733188537,137.96693398574894
157.5812812338371,256.39327057906564,81.68254556455236,140.51297361237658
162.22687382413105,256.48458637689356,81.85834036443322,140.14528342297072
167.91027334365907,254.22643323291751,80.75911945037716,140.73516759178216
176.5038381478609,258.4209129793487,79.32156259587973,141.74644613602908
176.81368032420315,251.54853930564053,79.36093586038278,143.38590783891422
180.49593453492702,254.55219752960846,80.33526410885693,143.8262842620721
181.53632060476704,250.15475769644092,79.53183571917685,145.67438658465719
185.29517881648505,250.95626738223893,82.2619830652721,150.09926027946742
187.10522110970066,247.92610894145082,83.62139066634083,151.2593696415124
189.15007149166365,247.77978296329778,86.87513472663363,154.3545118321935
190.21468681690686,246.15889455193619,91.24300490622537,161.13379475843232
201.1291598819613,243.6403041186704,93.15795526049146,166.8214883202764
202.31023535625653,244.56007557419576,93.30410509315101,167.5012935537569
218.15010133804492,240.6764106521219,91.65568416473047,166.37323765571713
231.1278394518056,241.27041718109936,87.81733440205285,163.84184080869971
241.06585332985134,239.11872874534805,86.72438770064892,165.3195646040305
249.26542781790957,240.99460319599726,86.43913032609491,161.64084426718517
264.5505665753595,241.59897366896,82.69557400260136,154.03436772555654
278.07889326631545,241.44540514483094,83.2788742339707,149.88487025233027
289.77857208363366,243.99669557482508,84.5589904762874,147.0516680544514
307.336054461424,245.11602625947947,84.19271346484727,144.567981050377
321.3625583693515,247.67871641008384,85.1099204927423,142.32300236049636
340.4976176815487,245.85388758111452,82.72841270819167,141.9314612879663
354.1414962783693,249.35774495485168,79.17609862978489,139.29865498775757
368.2182024765099,246.54875186934257,80.13294624326926,139.6723784634633
380.3700141996947,245.7938791100977,81.05854032619656,142.47609981203115
394.41037872074276,240.98536179255422,81.53982300285043,139.3251290760244
405.70540471313484,238.1808788968282,78.65506276611316,136.8012823674764
416.6548710539238,233.4859793873951,78.48617158844147,135.0241197164207
426.86834080822206,229.93897631805623,77.92422231421995,134.7929610601766
439.3034242130724,223.52292747262416,77.05088167639423,133.72872696393136
448.8027784316699,227.78910534679517,75.82518349310558,132.12566198707373
454.3548816753612,221.950531374364,75.20669477916047,130.6127159377954
462.1677102441449,221.0766405989876,75.90015995604614,128.64937688307947
467.90415590034775,217.58644535355353,75.25026669051539,127.6555242098851
470.03430087372175,214.66427334368987,78.53108392150179,127.02104742883121
471.43635898369274,206.29587726175836,80.31397331679425,132.0207790458192
472.3208494028821,195.00387249398437,81.82843974404048,137.0473544993359
471.0892952756755,186.37440446119237,81.77039931681306,139.81083768406057
465.264116186366,170.7271274335692,80.33243962433829,142.29014515727567
457.19868167390683,159.03915310009953,80.92601616878787,142.00074958593376
448.1984355799013,142.24631491237875,79.4655403392209,144.8071290863753
441.3084403481587,132.95295835697908,80.68181009958101,147.1269659764715
427.55989254905705,118.76570902393568,84.56281683059686,151.9771421327927
411.9461126250143,97.30606459561604,88.62417794821366,160.3682327472445
393.632873797648,79.7826782129471,90.18608040763363,164.58153993641048
374.9857617602131,55.701223573642324,91.47371268562841,170.4356723595513
354.63658921435854,46.57436022879726,90.93630948632199,171.7661507582258
334.64365082835394,30.78601418726892,89.55341184426867,173.73365094675123
312.9372183198394,22.83928590156114,91.37005493746958,173.68417538926053
290.4381960333551,16.123906584248488,94.18612319207888,173.4271288481046
269.1201133671598,8.333096318416807,93.34230805571949,172.4326385399242
245.86717709177154,6.7906401483603815,92.1713312412616,175.92624228628705
224.11599191566586,11.598012149359306,90.71532757003544,173.23807299132045
203.37056960212735,13.040749120180976,92.52993318344063,176.8546742449896
181.91752779860684,16.00767121782215,96.59864496430978,183.45684079189476
159.63897517511762,30.45119598500301,99.22819894175693,189.18807739034554
147.96633924633608,37.94570408904224,98.77745029150756,190.1425426275796
136.37968950056313,49.85329293992102,95.20172634555341,193.94003582425952
129.36340113135145,61.84015816722618,91.02910288866426,198.3653532212117
125.51291362836876,76.35560967299115,88.81394019931716,195.60324903780676
124.10892794731943,93.07900260112412,87.52504876844708,185.98825029091583
121.76821979558243,113.79921853348642,88.15269309926484,179.4910557308787
124.39635668696887,123.92691453399149,88.20293787117944,175.62683804627483
127.43093115645753,136.42812267588928,87.29437242829587,169.6994339695105
131.0076830294591,151.47151154780357,86.52477981510526,163.1555639405257
138.72659731573322,161.24742102057525,84.05466364490077,153.99455310045104
148.11832107510725,170.4668714680453,82.07330963201204,148.05855137543284
154.93010966917635,180.51537979616234,82.78469338137387,148.92653105708936
160.34525362724884,184.54105872354518,85.44494501601015,148.1019798429487
167.34491215480494,188.4487239495801,87.30750540230416,146.06381003541009
179.9547731729841,191.17524637188535,85.35331681321149,142.8714463431434
187.86043413705792,197.59124326610635,86.2936733518607,140.73363590431074
202.44755981687683,199.7211254194931,88.46237853519163,142.98339308191228
206.88791147277166,204.65415010028116,88.08356731324574,143.31000119103925
225.78321847986484,206.15442188921855,86.08863811351247,142.80384237878948
242.25188502618346,207.3005913672656,81.61373788220337,142.90691968246094
257.83424865014746,204.90879989730138,77.72205140575974,142.58628509309256
269.94757401175417,201.31844993466242,75.69495512590574,143.25551040899546
280.17724235598223,204.8740498021839,75.35741409174652,137.57827063489003
291.38536384571165,204.50278591208163,77.34745162986573,136.9998145283758
303.8406702353393,204.91469149545696,76.6935527177979,136.16764154521888
315.68716560536967,204.02652111869043,74.403088833206,133.60462683000196
323.3758108172593,203.24503711243193,74.71909674927048,133.69631188353455
330.91724768488024,201.3508535581011,74.30114000621612,133.25591922657125
339.06380527199747,200.04392329997253,72.8694139921379,132.47085396157837
343.1766583532688,197.24943158643816,71.56866510498585,133.24004368747524
347.244797584397,194.23076034585816,70.20228410366687,134.716045836604
349.09811839297305,188.69344991493702,69.03562051385862,135.78331196211815
348.55019342281753,186.41098050754977,68.7467658643259,135.2920068804083
347.898349054993,184.70627655909368,68.23545215856876,133.15487547067985
345.00853355314416,182.78517461098295,67.30875381656318,130.6121916715888
342.6791756377753,180.9283823402495,66.87478776253535,129.33075057829006
337.1707522299283,181.12974377608631,67.58413946104173,127.34209020661642
331.1258690602948,179.51940490689628,69.52559037062127,126.6180352789809
324.8774873718151,179.39660678362685,68.0921169311745,124.08186272669161
319.1995080642953,178.299169660862,66.03144956965164,121.31882071245568
309.59051117606526,176.29500648916456,65.40364866837724,119.77844100116309
303.0998013187015,173.68597205513095,64.2197546624017,117.37743027938652
294.6579620838113,171.38351754119662,64.01972341538522,116.39838544983328
288.90218054491356,163.79210051134572,64.18634630763377,118.65150149195699
282.59721073967097,160.25820858840274,63.9851286915565,118.22291692963981
274.71492109084966,155.3503922808762,64.9550607724023,120.68747532594288
269.1560926757449,149.57036236210183,64.27608674323673,122.54755347403852
264.36859520691996,145.05829434336178,62.84708387815232,122.64093389628425
260.4006106425476,140.5141204153109,61.32831057525647,124.85763868597971
255.16981787233536,134.89863616400083,60.78403674068086,127.48603760852174
249.60744991954948,131.26355738171486,61.54753607398699,131.07498179418744
244.21068963148042,124.26010744442291,60.8850019626251,133.2446624304901
237.04942721917587,118.90865756940865,60.78937493176543,129.0034093484874
232.76324851203796,114.49000182294442,61.51236711166627,126.80046815586897
226.65357388598508,114.71902027511774,62.15133306299076,127.78231162261608
217.96819879662226,104.84637857847031,64.19316478468515,124.76908061161406
210.87161737392987,106.30589610650449,65.28769481756994,127.19498574109258
201.87023870013346,100.79718437715859,66.5268108077409,128.6281806841594
193.57847858106717,96.61448410419206,67.41153954196723,130.0666403121237
185.6594576087157,89.17781186799917,68.996865422217,130.3947272161501
175.88854797851582,86.40310994513752,70.33171446777307,132.01990620835778
163.38435499490117,82.86949247996185,72.50330844281484,132.91496096292786
153.47677550651125,86.37468349662721,72.28694276139156,137.42264533584714
145.631180217914,83.37223848598174,71.38481058467984,139.17484981026308
136.9433316854964,84.5515303349118,74.06284529599938,138.51673608310608
125.68623274142155,89.6218747851018,76.27144015680535,140.97913556163235
108.80146945636686,96.95032707430359,82.20939324058659,142.14092605158814
97.84825761294317,101.67167048705353,85.84317288446522,142.52547921632262
88.1016358610838,110.23046048725276,83.48048987451207,140.24774296592417
77.70411472916325,115.00824366327362,82.52577627897819,139.30872324474183
71.32634716076272,114.81176904097057,82.06674232398237,136.7505006143479
60.61514885124356,120.3621675530324,81.26227126723944,135.541244117568
52.216729443672236,117.7660932098529,81.79131833433522,138.81838425900514
45.91185973847992,122.50793263268642,79.07390930721985,137.22322470044747
36.162946868103724,128.06809935750601,77.86192669836286,134.97734193440203
30.04295318506629,133.73900432437654,76.81041015818774,134.2012363463641
24.76515882588582,138.76333076539765,75.7140518550643,132.30282150143123
20.077017547505307,141.60390101031206,75.1799035036222,130.54135874597745
15.003168180243186,149.08357454875636,75.12343964049019,128.72144648354197
12.219109968380394,154.73508028514664,74.64761075171577,127.67673579201141
13.03340038679734,159.59307157608038,73.90407019808501,126.08694339569078
10.898733308547442,165.0687103650369,74.75912823153793,128.10002128652778
14.188203186510137,173.05678592007268,73.25816088772191,127.61254815497179
17.12988836446194,179.8739359103252,71.00925098103706,123.794959600248
20.804925166322555,188.79698888498308,68.24902112731583,118.1135570200729
28.28255365597672,196.04094456338908,65.49633983160125,113.13708975505779
29.81588572638179,201.33445283275114,63.61189614977548,109.34841306008369
35.63773409446509,205.9415971197395,61.502562206577636,105.85214206423196
38.24228035832012,209.80895908546188,60.20426679800819,103.55339225388092
42.31260272163637,210.86250556512397,59.049614503016336,101.44993088635363
44.47893860536931,212.59990218276397,59.46172422969107,99.57550996552672
46.95464578859785,213.83766330385842,60.01760356440586,99.79835198115033
50.115272023116894,214.17371850538433,59.98538307778965,99.45274914645793
52.49741952687279,214.77648890505358,59.80351604879348,98.20939706782251
53.92623923027517,215.32889536509157,60.45597796034809,97.9796757004809
55.70142128774353,216.41284559168332,60.123051589552006,97.70124057932864
57.75264939556693,216.02388064462585,58.874812903202084,96.59007135234987
58.770445609552354,216.85534335788168,58.21806569007497,95.66835686333823
59.86076465133395,217.02836847361385,57.21842736237116,95.55109691507698
60.394707561436334,217.82490937258888,56.708097694510144,94.76831785150193
59.44584146225212,218.596255060006,57.1026865823317,95.74149561729266
59.45688112812792,217.80819652252265,57.6691082271426,96.53709511413439
57.93975404449734,220.20276827102606,58.605523038935004,98.1782494686901
57.3267816210262,222.4167917532814,59.49543883314292,99.71553453542941
53.430320631906994,220.82356447567594,60.624786592631324,101.62394343634344
52.58665254950802,222.11835458552162,63.239582474226154,106.24099773813646
50.17892978873813,223.02243919687407,63.9524584156878,107.24639663066591
46.20200654097546,223.9675132761085,64.05211789949439,107.15260467336893
44.77045756224558,225.11621183668797,65.01406229250102,109.83912478853814
44.010876098024646,221.40781849172518,64.91670910766165,109.5302034706512
42.44845626877871,222.86666179217772,64.09400848295039,112.10958718224613
40.987826886450875,220.55308802147917,63.39557730619982,112.48221812208071
38.54867860666279,218.38228350405723,62.742257654838475,112.2137197350496
38.71203528005516,220.72485615049425,61.24189928852248,110.12299582889429
36.36735842220947,218.79996037253926,60.93442683233887,110.23856497269489
35.36749697943745,220.6667092327858,60.19162652452354,109.14566173462373
33.73457865877095,220.7641323793144,59.64072122249716,108.05219483609775
31.40866703662517,219.49971892576784,59.817233187491844,106.57729859865964
29.605811601228602,221.54645585273926,60.07952975164436,104.51953031112305
28.608634790814143,221.81533148332727,59.872772532629526,102.662687253072
26.50718359984359,222.02387591159209,59.999747180195634,101.58846338677678
25.018710015094133,221.9180554194631,59.75712037508517,100.37771057220661
23.253300109455722,223.00293878926283,59.27860180745574,99.77581492635713
21.853205381229966,221.3901796321057,59.297358158438506,99.82964134614014
19.162465893082327,221.6763595909678,59.28827316989003,99.79249871357223
17.567124243488877,220.0110184505313,59.97819352962381,99.43430770342954
14.970660672070473,220.02842401729933,60.84278204941374,98.6077180054404
14.842605618725408,221.37786150594656,61.53077692172887,97.0399160261928
11.179249088050586,223.27316236684723,61.27219335221914,97.26963901142273
8.845041472036513,225.1787774500439,61.377925478778536,98.41101504620127
8.090825220395665,227.02598198038342,61.56931086291961,99.83440383708472
8.045191914560931,225.52667998769604,61.99880379294845,101.03683472675635
6.321189374640554,226.68482750662844,62.06671243724233,102.33885633928222
5.248080433601302,232.20249583807174,62.55463564158646,103.72020668811436
6.047854210219711,229.781606281097,62.89515156491214,106.4185531848763
4.476163746395613,234.12041405519858,63.056965109747836,110.01483290034506
3.98551558930059,235.2413641278885,64.02645112120351,113.53663514754332
4.24290991042394,234.47339093630532,64.73108386567556,116.24286961664717
4.303116166570135,237.17517575933547,65.10249264244567,117.10733585925874
5.247413057229338,237.0002938143105,65.75216790409601,117.2843092219649
4.809075178534968,238.45188088399922,66.82290494078163,116.8342600825875
7.171493473069653,238.4846976188457,67.05241405483726,116.17301504062894
7.513598159479791,242.76967442423933,68.07377108826698,116.15619253335726
8.443381803664266,243.09822009037396,68.3678598057574,116.06324915030677
9.94452775780173,247.56712638050044,68.32732937209185,116.04682328880384
9.381275553276168,246.9565810830777,68.32294388856485,116.42462164732115
9.90161311744157,246.51792585277212,68.93970894578092,115.47237278176046
13.051792219593551,250.3082963274393,68.88867935475821,115.55905126601981
14.14458489350261,253.627704757363,68.81399488584634,115.43097659367243
14.039039413934901,250.16314048045257,68.78479043482551,114.1884437705402
15.427298208226318,253.3675175191556,68.43426771928955,115.06371679274349
14.987337136220354,252.49906919406834,68.45963664064523,113.63227848198048
16.36656330748872,252.9110767792282,69.30064108521788,113.80624915150455
15.999132627390487,258.2715608227572,70.58494092197684,115.69099395507162
16.944354818357667,255.5143096964946,70.4768756904331,114.93001402986235
19.03226173738942,261.1769969536133,70.16452620783835,115.52050255273437
18.286425101547138,258.9050901649622,70.15378859085104,115.01466403042724
18.99852540541599,262.5283041529435,70.59762997530083,115.632860077902
19.92521195818688,263.9244752122254,70.83632840296218,114.69629188511948
20.88781238620202,266.69486215381755,72.0548043047444,115.84341473045077
22.807192877201786,267.0216921479048,72.41892418211987,116.6541102110263
21.784544467650647,268.3410629045433,72.32973003442527,118.47746586571806
22.705919332705918,270.19302581414075,72.61362825353348,122.29420044691379
23.93721116921236,270.3864642590905,72.30866787153622,124.63104792224871
25.538392006776178,270.96172022865164,72.0754529249242,126.39484262375136
26.9072619359967,272.0148859144566,72.17963201179566,127.21771047089143
28.77354171743208,274.21912383228835,73.33241790790927,126.75402833639987
29.04902873339202,270.8507009712132,74.2689927041144,126.76898074800329
30.98096322925356,272.4715665131679,73.03781414207882,125.84505972268764
32.47102494428915,271.7080988359085,73.46482572177327,124.62498579986269
35.719792664175486,266.9943856509799,74.25443017457872,123.6030713494074
36.48311586907484,274.1967382676476,74.40838679212376,124.18359560825945
39.51883228923243,267.789154521754,75.69678671548046,126.47190763129667
41.221187026010014,268.2758638523734,74.86925619700341,126.25822407747978
43.69500100750633,264.3269435661358,77.33407330237016,131.0665871108925
45.098661552504,261.97002866933093,78.12269947799982,132.18361514668968
47.36776021685834,261.20613337793645,79.3477772957755,133.69999215525996
49.631988602823746,261.7388831414647,79.04093917618845,133.63659834109393
52.98872176216099,261.9140963483504,79.73372285751395,134.73902226911946
55.67344913769077,259.83848384064873,81.2746684970794,137.76936715756972
59.71722817148349,254.27553705739936,81.83615828105646,141.65734568500596
62.80659992975839,247.05896786350303,82.79071554575665,146.70858710014238
62.629720465483594,241.32456417977087,84.53000303875938,150.1368976414348
61.89490804830469,240.98985052484824,84.6777589766328,149.9822282715926
66.10180847023463,243.36899347688117,84.26417175581982,149.92282542416734
68.31011249716629,239.33449806375503,84.26870628008149,146.26055404338837
74.09191339154614,240.1806500137164,83.6782795401499,146.78428407901254
80.45391414250213,236.5665686934849,82.6141596300348,147.3191788972099
85.74434201754218,236.91459081143103,81.12229313776719,147.2996483331926
92.24312896123834,234.0300761886375,80.93755494373424,146.30195394596717
94.24335449675168,236.0857938545843,82.32061827700446,148.57989239337047
99.23136556877378,237.1220508926716,84.57891009780398,153.66268227227394
102.21561947163856,235.64680150517836,87.58189887410569,159.107687883198
106.6192864598352,230.16461223480738,88.69656196802494,164.26371681456493
112.44861900625713,231.89070925045604,88.09154677752481,168.16570979498636
117.71497198080147,229.05451526472083,89.11340625812363,167.47869224887864
123.3242583046271,230.67158966067055,90.75378136437863,166.32340087885422
127.50356436647628,227.66431567951093,90.4518709008365,167.5922823372672
139.4497936723346,230.82185597280665,90.7663825039636,164.55539999286327
146.1989695594079,226.265228400386,88.29824313216074,158.56663487403267
153.11840504714988,230.36325740819052,87.19121419769243,151.32382392873618
155.3050311750032,226.24816359451657,88.7684319126889,148.44423982756842
159.76539699917,226.58571380836642,92.10700812568342,147.23361693893122
170.98592700085692,226.88408004821702,90.95562097387212,145.36286712524569
171.25376285326672,223.21260551928972,91.42745659327124,143.2263850307565
179.53615926923095,217.13193660989057,89.81545306798344,140.7779816386173
180.84063812959508,218.38424125811525,88.48441893123955,139.22851150232415
183.4856725897225,217.15790725724077,88.83723331176594,140.3166165157919
187.01533018373618,212.76656348970087,88.77538516475423,141.77001938290294
191.78741642360885,205.57670139552988,88.67048270454012,143.0433898114793
199.93997215946143,203.90326261711076,89.15928602775682,143.9635705909738
208.43684000998027,203.6297696622203,84.6466904634379,144.1661656316141
207.94991233342387,203.1106283263135,83.37039322866008,145.17557867452143
212.40497227307338,199.87544356631864,82.67060049779852,149.59309174919866
219.1561179106119,185.15074743004953,84.34103871490902,152.1597325568931
225.9849916687361,199.39684717941043,81.5328090209263,153.99565805817133
233.31417676749038,194.73382157548707,78.47926670427708,154.42699491054933
237.71860918005066,193.5872699984582,77.44097072681272,154.3908133966383
245.99961027163266,193.214818929821,76.25952274286746,155.84235005539705
251.8679271954486,189.67902678522972,75.26559519406372,153.37508546762646
254.8743717953776,191.5692136231527,74.01210540826824,151.04957629373365
259.73304205944675,187.94598547744943,73.76757371802053,149.0728880538902
258.8423761940101,190.23495172900743,73.6340800094407,148.2737946621023
261.9620038805647,191.55967810550862,71.42485393320652,145.84794420402184
265.6613179661705,189.15911009331757,70.91852922879178,141.86313052137268
267.8719923108078,189.80727112050164,69.9371524633453,139.67548156270766
268.63155292175554,189.53026463988093,69.91305687621545,137.30780262941784
268.88098467891274,187.86673620538087,70.06968042244793,136.75143664685544
268.18496885560563,188.15641630042873,70.07661075070277,135.79622196457223
269.00999981991674,185.28569224409244,70.51431737676813,135.21924966708852
266.3764454833059,186.52716465327518,71.60494289569296,134.36481437020743
267.12423861593413,182.64562089300236,72.31251214801455,133.36600003528434
264.3521908438432,183.43358949434997,72.66105105157149,135.1001214263391
265.6157850400073,180.1528312071623,73.24085728814943,136.03602764915198
264.8215407888366,178.28618049465072,74.24627694283456,137.10032272651887
264.4206095715789,176.76433126035516,76.17484836172504,138.41922871464124
263.68569985367765,173.66419740607694,77.13627546354316,138.90526302476022
262.4964302036281,173.30478537821392,78.23496857223599,141.35956071329872
263.06975285825564,170.5624553059672,78.69168630009025,143.27744839685462
262.4787914948141,168.42286659898767,80.06968446642645,145.75181624050123
264.1925307998755,163.3953262345987,80.74773564145995,147.31843261381042
263.70767844676135,159.97250868063338,82.53848526956327,150.7218680147098
262.536562346708,159.20429898153725,83.00986786029486,152.66014288165206
265.6066842565242,153.36749447476305,84.27599611097497,155.00867865301296
266.3119263517059,148.97741311910255,86.0697965885804,158.11757671589643
260.3132334130987,151.30681227295946,87.04319564938854,159.421516445292
265.97146253564915,146.48759599320158,89.050071144522,162.82548245207337
270.9323589403999,141.5236312153298,90.23917921392675,164.6148011679732
269.1115350837913,141.50556815742652,90.76421926112832,165.55769608260786
267.23886347398525,139.58768170472837,94.16810129909976,168.19510473019173
269.5572911126691,139.94118839013805,94.86907561157597,169.31707085155983
271.7457615833145,140.9577042444915,94.74366054919129,169.54081404519667
274.4427200199549,140.45172052965913,94.042004418098,170.40593088892393
277.62251096852845,141.07554016253988,93.1901129506384,170.33993224816243
289.8340692798684,138.23014970734081,92.90572923811476,170.3696413812168
284.6484373871993,138.22607930074298,96.27046226173421,168.71256002644375
290.2869328068849,138.5734376856849,96.48651341455053,167.08766747530993
279.616088342822,142.95346111383816,102.97364912001999,166.10948097056587
281.1612860425303,142.56890978098096,103.73182549794714,167.6180855894053
284.00121273393154,140.4620321376171,102.96493598233218,167.6808398995705
292.62355400012746,140.21041849343146,98.93198440697165,167.49760478559799
297.6222873975298,138.44833185233352,100.74518655747943,166.68840404435636
305.4653899920922,138.28355037665887,97.38014836054222,166.60646797226823
310.67665556543716,136.31376026923266,92.99899904978972,165.2875643004019
310.6736620282071,137.19298524906782,90.29795487424983,161.86419734854408
318.25396177171143,136.17282478491447,84.7514300942725,158.7450334135695
319.338097733434,133.88249374158733,80.46053854192115,154.1149411056925
324.55134801863477,137.0371354653674,77.52042713167573,153.0320065350855
323.88829036668403,133.5290335043984,77.87699897854606,154.0067065507735
326.49783259867525,130.8351139434932,78.62278878214168,154.21263038938076
326.7344797478062,129.4637074169558,78.90294297020802,154.27859407722121
324.1523541091354,126.54391489116546,78.56847598583076,153.18962077919252
323.0465575032136,124.72206965660695,78.55426963712746,153.08621041823142
324.17076422375305,122.77955089047586,77.70173021948614,152.6298172864311
323.9616856692893,121.3794164738996,77.80140588310107,153.20413397114612
324.85748763785375,119.29201172795396,77.52371796159713,152.192084332178
324.99575466464444,115.82035635427587,76.81539069512515,151.93162921039357
323.0922080007666,119.77791720122836,76.26628285100583,150.39428461609796
322.8060291460487,121.98725330257261,75.87694012098858,148.88537193489384
323.1342912679362,117.0919322263384,75.33104209791672,148.72957243697164
324.23919599061924,118.4729939788198,74.82225193965998,147.11698506482134
322.7004278196116,116.46345499326291,74.83875312542517,146.80958598515386
319.99124160210164,116.77295209735861,74.68974274794513,145.55420872032184
320.7340407974432,117.00231424745114,73.47501838069958,143.19124858029303
319.4148896954599,114.86369162625681,73.43909573115043,143.10078752385357
316.23573388923717,112.45931636769052,74.74104137679905,145.29051948629865
316.7102195215231,110.81449623587908,75.23838969230539,145.65926131242153
316.15849554534145,109.24287658809322,75.65412402162184,145.29810607674324
312.42047599245933,107.71994808560584,75.90717118402667,144.59738105046802
314.02853785296764,105.53278327567023,76.84781626183815,147.02072190080798
314.87779831834786,105.57206010606427,76.6421847353746,146.2116994900199
311.318344859194,105.16368537765932,78.83003086266667,146.92938888823605
308.6942275388342,102.15112915019274,81.2236512455738,148.93475647012232
306.82554235207266,103.18448077729042,83.17968006636245,147.14655663389573
309.328698863876,105.60139492053756,85.10967685720888,147.77906745872957
304.29524426292926,101.81702458059878,86.99357214308682,149.93609549212275
304.94217281676515,102.5869415260724,88.26374091432126,149.31801453086302
304.0082653832055,102.07613273396083,89.79775451190932,148.93765457602365
305.82603557550703,101.74180285184102,90.22620948863435,147.02995935979453
304.73658170761996,104.36961115323433,89.8822290408147,146.91682932927353
301.31906066868487,108.72466423794012,89.74311950735688,147.88058180244008
300.3100942078001,114.66882437309607,89.47540789787635,147.51533282119067
302.253871070554,116.948705695944,88.77773454346229,146.2525367282292
302.3836983899556,122.54578030052672,87.10099616442474,145.6142346870325
305.16215253109453,126.10530896243452,84.98711156378744,144.6613150585294
304.9071669567859,131.92750524088729,81.67146015381105,142.7125706949832
310.3661761393657,130.69371502760438,80.3493280191202,143.36224951022092
308.73460717022175,138.6373046352471,78.23621473670498,141.403415021498
310.2967179238857,143.8286948622552,76.15432111023644,140.09064189170056
311.8095914991601,147.8778520682351,73.50686985812516,139.76878621997514
313.74273807382315,150.70612294843204,72.20411430645528,139.31356892247186
315.27942042730865,152.4032316012971,72.07990731432805,139.1009617241636
314.7211258295404,155.72386232347105,73.57937004502072,141.4782549673157
315.51395667884947,158.98102227791648,73.77028915694945,141.63178173811235
318.4199298046109,162.47110371473735,75.32034241714541,141.44165792697058
321.7660904092229,164.42426679781994,78.39282223331196,140.76097873346168
323.83485282529256,166.68602708962575,79.6018245007821,140.67895595258443
327.7089663079077,167.65765499304047,81.33336438125487,140.62003852466125
331.21661127912006,168.3279111045418,83.49889108922079,140.8296361649398
333.32755904914995,168.68701839093637,86.61525238509859,141.9289875101194
342.2966655100478,168.16266071103257,87.1391976664279,141.7578237195364
346.74526205797866,167.68126473978813,90.73898333033178,145.13010052530655
355.27626910373755,166.43677697643744,95.166227051314,147.09197644263296
362.89069465353134,166.30755842832235,97.02258102985142,148.4730331677694
374.10709947041096,164.7489535654858,98.75853360312345,148.27990964148935
385.65715179828953,165.30515940138937,98.96482543174125,151.3564628134322
391.0877684304164,163.83561593234143,98.5228426557687,152.38136518121559
401.5018440149338,161.17041114882596,96.66063386954646,155.24387924043404
414.0234341777077,159.92041501776146,97.14552971587366,160.0506952330318
424.70284178517267,158.6643907160087,95.39883608297495,161.51562469591227
434.08373566821297,156.76222359920624,93.42489011376932,156.56062055061096
445.07498413451464,154.94750791823753,93.37092101319729,151.2208441488765
449.9077546975031,153.34213465601243,91.62575952589228,147.32606088817045
457.1451737157526,150.69954259772192,91.39609971204946,147.64029773912648
454.4617386699892,147.89051224764705,90.15109236217006,146.67818876154186
454.1239173078934,147.7146867314278,87.86741501800223,144.99175385648033
454.37478068301823,147.64938726972287,85.868953648612,142.00498217442149
452.68453391955416,143.29562502190285,82.99410659936825,136.67680110365524
452.7071953451244,143.72116948518328,83.77312456854031,136.83767506771937
438.9508307124021,148.30646365206323,82.167964429688,141.22006524958448
431.60900624687696,146.05248140486432,84.36375935683202,146.22970821077917
419.15110183021187,144.33034784843886,82.56731843430282,150.93779978652074
403.96790456670584,141.0269015764863,84.86208820545546,152.3037865687071
393.2141942815392,135.70474056624963,86.27206614883565,151.47206488800856
384.039238300817,132.73630535939998,87.86950618645197,153.44131445209848
377.8186448039547,125.02092276655313,84.28646222314526,154.53107621982343
359.43163890163976,126.15496258543521,87.92390786566574,159.81881323244988
360.63724844619173,116.51784228874723,91.86986651093686,161.83087731215397
340.07539446749945,118.75639295344492,94.25855859918076,164.52034092416486
337.7862982925438,114.68329535455048,93.4742326385452,164.8527849012506
329.00466816746746,111.78794186667768,92.46156515432295,163.9230328926212
329.36717571572945,108.79168169146884,90.16849585858017,164.5478774617889
321.1402306347778,107.29300047119393,90.41413406735848,163.67155215819807
318.8257416903858,104.42670411411251,90.39720741512679,164.00817929618904
313.16286622637176,97.764049609339,92.71035458338935,164.33843215339232
314.2661191749693,101.16058119083553,87.31177104947554,163.44991000602425
307.00789634605917,96.62184854484521,87.12323013503013,164.4896555714424
311.6576800607446,92.39674064418031,92.15746397519044,169.1752229352722
318.30845193424005,96.25427341430637,93.11263409538708,171.11536979736383
318.2170677739589,90.11828867057541,93.6949385487619,172.054880788732
321.58933460129794,91.4904190954631,94.27419639799007,173.44337140380037
322.9263013741132,90.59086151113787,96.04093668048446,176.47368774432582
319.0238107039654,95.56085527808105,99.15731938796768,178.9203579252832
324.72050195959395,102.23712590825394,98.8008631462418,179.60340016103117
315.28066591348556,97.96253477649154,102.21141902752103,177.63555361596224
314.4370417833404,99.85409104226952,103.7145242214051,179.25820280315628
313.50018807369395,104.08831130327638,105.25143964851051,181.22262360926754
310.78532551214647,107.17534489168769,106.39130881457426,181.6062346551012
308.2939049556603,111.75003318872305,106.12634719317154,180.86908950634296
299.6452825698842,121.70849199942043,107.391670578005,178.0566640724482
292.84568123124416,130.9687793310782,107.5989665170039,173.90248345210142
281.35734853339187,142.4875713563873,111.41114216661472,169.92355418663948
273.43576865575346,148.8127712734524,109.65450944142279,170.27162847360302
271.7556326155554,153.34371016469072,105.12586550619389,168.62881807393887
268.9943945567463,153.93909970804614,99.23470636990592,166.56078068644678
264.44010994821735,160.46297465436245,91.74836591899502,163.3584287430329
259.6208696499756,161.01684394827964,89.20398518735352,158.8579594423079
257.3769868418028,155.8783823402,86.45856598924587,159.57573959206093
250.55968456748553,154.21953132707796,84.44940222733361,157.9229521163519
247.32293821781576,147.69876646864162,83.2024664598763,158.68835878634957
243.74623432144523,140.6701159443981,82.26590843230485,154.31307316491475
242.05566206907756,136.44020360202137,80.45952241946206,154.72028554498073
238.57037506962692,127.80851493934577,79.60175779531647,159.71272781173815
237.9486013888682,119.47215540917503,80.82882566464642,162.27613290723588
242.60472416134348,106.0626601621902,80.9556365161802,164.91107188753367
239.79856508143186,102.47591310353826,82.0367657111597,167.44516170796254
243.0592123867701,94.01990125780779,83.98351919618635,168.47702792872036
242.75817609946972,87.07210356190218,86.07076022781835,170.7242163381097
243.54776009980537,79.78813789276637,88.86018353574083,173.2594023150532
244.02679810875725,72.6638104737872,91.64563779127457,176.21676686980842
242.08037484652084,65.7789741566275,96.41983197199738,176.88896635959657
240.334505041442,60.371874063771315,101.46577080090508,177.70890384999643
238.96636178946164,54.27163548627834,104.9161075978345,178.22987661045113
239.28223459866842,49.456219562355415,106.70342936223349,179.41478560673448
238.07032921351748,46.757523668466945,109.40372939034788,180.36759731638642
235.33434922863677,43.316793444825876,110.65706143042176,181.79068374023106
234.15980536734904,45.32286362826011,111.17997727799724,180.50931729914385
230.06225916691994,51.198339486626494,110.7854090343242,179.89349741834857
232.98867454171867,47.15517748339337,109.61330338238297,181.55660365137732
226.06850259180538,54.19391602217408,107.31839337595954,179.2349859488159
218.3960804660346,51.33946987347261,107.35439973687615,179.54360969153134
210.02734711172326,55.33133719782981,107.48700804706127,176.9545893982857
204.8332714116304,57.631176852341895,106.21103591209081,174.73418255019902
195.13378443828427,55.03808409176544,105.88656015175178,170.53615176275818
190.50478870016704,62.60348941168043,105.63637291704873,169.1286077244907
187.2369572403192,62.599890018623,101.78690400080687,169.5185579754493
181.41292894432075,63.97069044032918,100.68111537796005,171.20884189766196
180.32354943335906,58.413208363346456,98.03181043503969,170.18849111022115
175.47843993540903,57.755556711260766,95.673506481721,162.62262986361128
168.8364313944983,57.52373681500541,97.01449988190181,155.77526501745012
162.9249606780809,62.182709374757266,96.81745230106475,151.4277788823214
158.8271608541008,62.82519278864778,94.22194477129055,148.36809281625912
154.85191459196224,63.76546532030643,92.14198075259895,148.82876479395745
154.43334007184646,61.54133704265324,89.8736305252524,150.0050181754357
153.03417211177137,59.077983249338075,87.86419667001196,149.2393124319879
152.72414723438618,58.42874128388037,87.90136068259486,149.63645969298145
150.35350951473515,57.71249853121762,87.90597230353754,149.32044055963507
149.42329591755703,57.44548162944905,87.31135189047185,148.5310795877816
151.8894649494805,53.61273620591061,87.05986099459372,147.46860412626472
153.3402282445928,53.132279033943036,87.7706390918691,146.80863834324674
153.13301271256375,51.98583759216453,88.47428524381777,145.20067283813188
153.5909603859876,50.27317885350443,89.79523682079827,144.65553133107707
156.24882654981832,48.34863102458914,89.27851572360552,143.7698247428139
151.65961538574413,53.61846692738372,90.84490802245705,142.86629185324037
155.1986191243255,49.902912517301786,90.53917837732561,141.2640144429355
155.74858365428878,51.23348711306646,90.30204228614903,140.78594020257802
157.81881791284172,49.04589701419269,91.54606473584002,141.4655027245443
151.97049800701905,56.34520607695313,91.84863106115722,141.22094954042967
152.61668388470926,59.14060767528245,91.20320144444865,140.48402817970853
156.1623158962394,53.66008844924394,91.77059831006028,140.80740183686368
157.42743827826695,51.96508068380224,92.69125076280204,141.64980994587208
152.33260792979928,56.2664207920339,92.77889119606553,143.6986495047994
152.73762346698706,60.374773903092276,91.29307887168994,141.40934196432326
154.13927405238394,60.41301039441652,88.85369982003681,141.1908096555029
150.37768089439743,59.67074571443729,90.10601211257234,142.90138271663324
151.3985757909358,56.9717362657788,90.1743602589487,143.55556616473146
147.79011877111523,60.87169473368125,89.12751087085546,142.44961895548906
144.49438586745953,64.5505694715805,88.22175377777623,143.58884823945618
143.66017261977407,64.58229721740447,88.6642586422878,144.83999846069887
145.44614564880376,61.7666026637817,88.87841487915028,145.66978234333504
143.4866900584675,60.102431648849304,88.33623597193221,146.7974102618717
142.43545838622006,58.20891270767595,88.30451352541144,147.98291616179654
139.91335212123056,60.18352549465715,88.1836259577342,148.54785074408414
140.07731583993706,59.90404224381675,88.32792752422745,148.5733089449837
138.22358711455635,62.88435827172769,87.36814864686384,147.59055164502118
140.45105170121582,65.64111604171629,85.51658251065433,144.53843136871586
139.72241479435723,67.52201389953646,84.3398841564027,142.62505484252864
138.68912797732733,72.59798043965691,82.44063747796254,139.64344036580337
138.08740287791701,75.00308063817388,82.66367996193942,139.91636985158192
139.0509465097004,73.83347989750247,80.94991056946643,137.15275761222162
136.7758082469905,74.69610606453706,80.61340730972995,136.6263272996368
136.9136424998531,75.06529165650345,79.35830765166102,136.91099688718842
137.71481856531008,76.94504264575434,77.69363862621576,136.63068192040538
136.5074413065543,76.45625273268773,78.19207234294606,137.78559939302298
137.69974650818284,77.76105893834118,77.91735573851713,137.53911564382545
136.1395868034445,78.21980545147431,78.14936948393132,138.28116851599668
137.20339384403843,74.6513554174371,77.56100100821219,137.86441868172736
139.4162090281771,71.96619456086671,75.77520218290366,139.47582926205564
136.59048572666484,75.1488996259136,75.17539756522501,138.04865155383686
135.2207067840501,79.56046477750812,74.53104431764201,138.56072632877283
141.06048140739426,74.60482706113079,73.62593965103176,135.6573350134806
138.3569754310877,69.73284171541518,73.54106927942617,136.23089554866183
139.05414026209465,71.37270607264944,73.48276867014663,135.65978499825582
138.02549158447368,71.70696900710999,73.53603770507605,135.79591611175658
134.92820419099561,76.65681670425784,73.97212860531346,136.61320069792964
139.63350205532353,72.46503529207307,73.83170499579823,135.9526045867523
135.91363376158967,69.90053155877479,74.37004387818789,138.1239094166301
139.0855682675348,68.77612635806423,74.9188750616101,139.24991708367622
137.54629557061372,65.42834836290058,74.46891703748352,140.3735431423629
140.1831294854092,66.79754897854714,73.8934913953925,139.18992096380416
139.44652023546342,67.9943952458692,73.29499358669034,139.0787906850194
140.5806584003696,66.51205737090184,72.37998874125299,138.79511438417288
142.63349334127517,69.67015417448788,71.01556031451996,138.35108264223518
148.1876132472084,65.92808506547311,69.18274164523166,137.05671744229596
148.10229053580358,65.95290421881495,68.82207603288504,133.7733450047529
147.6201046434099,68.07808153321507,68.35816412626613,134.0915023388433
149.5262245705552,64.23717525152914,68.07598408642866,134.8479303807308
150.52870896862657,64.09771624848366,68.50936978247343,135.6721059551811
153.36991349885275,64.43503863650619,68.60393826108354,135.5634401830423
156.07693580626125,63.98340037260053,68.17533676150093,134.53507608585363
158.8984433140396,63.91568792075674,67.8687170096161,133.94814991532246
162.05675608732275,62.90843196699379,67.2026041583623,132.48854072909836
163.74886532309336,62.102747604716214,67.36049994463359,131.61205544974726
167.73437575602003,60.85838566392508,66.91654817057713,132.20038870632953
172.4727302693339,57.99626977604457,65.77806546230872,129.91555676138742
175.248877556886,58.15051967925575,65.11050599462646,128.24643073426193
177.25648803786171,57.44749519088235,64.85096130220624,127.03379684968061
177.9085286593749,59.54466925160932,64.13052874082052,125.60092333760167
181.3553463903171,57.19551528065993,63.92411862073301,125.09735750020357
180.03316372837725,56.7890437233001,63.6985803801596,125.87084138640762
184.0050792993439,54.44170846310604,63.718250214788796,125.88371869390511
183.0706024706766,53.29027309259268,62.72245777837338,127.48529548961933
186.79385211700475,52.7200906008018,62.354449696654555,126.66157966265422
185.69377909088593,53.213056525711664,61.55252055357969,126.59584434603761
189.6146497829335,51.249497555223456,61.49263952104704,125.4556710272484
187.73227322340006,52.3229057193205,60.8569409799577,124.66121065608556
187.51231789523777,52.08870424730667,60.23508405815727,124.14282771144134
189.4966146414002,50.0293286203488,60.193217860754274,122.66196959035709
188.60322937125562,49.00374430499397,60.0035174537778,122.15207254723862
189.19573245027877,49.3400510538449,59.522338200028386,120.93465924484926
192.37298521739902,48.94965460350616,59.18086367164727,121.01858324904236
192.90451323128684,48.09174704943081,59.38474489973103,119.60961198023995
193.58891850985975,48.045394950268715,59.51437794610082,118.02470387387663
194.395349048263,46.16343019748338,59.304593041169326,117.48495295952543
196.06048046023977,46.691957011975305,59.320552141043876,115.82642838327595
197.78891497842432,46.743089333195314,59.69052636639354,114.74186393614843
199.84713633509358,46.59323870614334,59.40773233469562,113.80471826642426
200.5299144977618,47.007771946785056,58.99423289412482,112.9014025175627
202.17558085598984,48.00931096507637,59.28099466009063,112.66217946144883
205.5472949147213,48.645930721432165,58.55999696254959,111.3016291577216
207.98034062614838,50.02011870721998,57.63317555922669,110.9334106568491
209.46045953679177,50.20535278504882,57.30730663442424,111.37995910275393
211.00663378743369,47.94266172065883,57.147422732749796,111.04672917098702
210.359243647487,51.52306839422483,56.98544642084633,110.22896391955815
212.51032312431528,52.583424771245134,57.235686148830354,109.7412467709863
213.89408649791676,50.39020571682463,56.39149924537743,108.67925958685855
214.57514955374606,52.522945988483905,56.01451107317197,108.36015965877438
216.0589295034736,50.64731465736449,55.26762378113877,106.97909810226321
215.42980655136262,53.35124695342165,55.065084773251314,106.54080748475826
216.44743722141823,53.35459602712755,54.55237592337451,105.48229048969021
217.4941142456125,53.48100082329667,54.09744960936091,104.4670602430551
218.88988382684153,49.88988569145073,53.651796677371664,104.13018650284073
220.17021151224503,51.82464978888614,53.2793737284396,105.0102920970324
221.9775465002138,52.51067276612965,53.04101600836144,105.30529936520163
220.48681028256317,52.49735725399721,53.0646942542096,104.24236129766965
221.98204259359102,51.6794653342895,53.22474232746637,104.55597106481943
220.9762512030944,52.60741926857776,53.39773257916278,104.71385714155542
222.29964770210324,50.58986526962343,53.48510095809819,104.81228911407345
222.6662232749028,52.18610592272905,53.432278181639745,104.74673041528409
222.4336079295617,48.646152277037,53.3360769875563,104.39640089026194
222.96204543083968,50.91700880896587,53.07073640882846,104.65220369554483
222.97971628784933,52.19090306036563,53.02678873777788,104.70631338610468
222.17401220166465,48.74278720129492,52.75813099217849,104.5664122917461
221.34312271311217,50.929111685736395,52.435931697799134,105.87100941661315
219.83846908736984,52.50206874290274,52.62379729889312,106.19424203079608
218.6245400865244,52.48568207071393,52.49550295683399,106.0109509220487
217.8385497953161,51.316194092030074,52.41709291425056,106.14472668410392
217.1874982633745,53.10755374477594,51.919818536727604,106.61834282783093
215.7400924700433,51.18102355840358,51.942407222999364,106.86068542713815
215.9196451675752,53.383914321593494,51.290363595513696,107.67844516052395
213.4688598208059,54.71325681723994,51.47562569530225,107.54695133134044
213.7421106443876,55.105191312661056,51.271897485638874,106.06499274088883
214.31922186429443,51.30674366974715,51.13302538762207,105.94597616148226
214.9864763598205,54.584000461160635,50.606286171960576,105.84437395560842
215.05750026267026,53.266222380407314,50.4308521357923,105.23618622063069
215.94967241113835,51.82468234450662,50.02144680369989,104.64941765961957
216.6930717963097,53.62041284459854,49.71250447866967,104.90933605396698
215.81125583697224,53.67262725747145,49.59091300867273,104.56174316572117
216.99142322921256,54.94297548072178,50.65306357575456,104.13884457078301
218.7661175364986,52.41030091278331,51.08048160180749,104.18237363830056
218.9099345479048,52.092795462499396,50.96365446376069,104.2176530935559
220.27682285838438,51.51824527513091,51.408558262723446,104.476158985871
220.91602992955043,50.21820902777374,52.065324784453836,104.95162820910096
221.88888114491232,49.753538433143106,52.70378983419883,104.84843766008098
223.23474672708133,50.03261291080271,53.285648757751424,105.29047181023051
224.15159410102314,49.33896212863475,53.94621670518026,105.12622918511332
224.60153505555354,49.97187548080559,54.956094317603856,106.780171767881
225.82721893504612,49.10244814623003,56.00063720314992,108.42094294093837
227.7888755339292,48.37276723979183,56.96074685694631,110.37667316201791
227.7309247700331,48.14009806530164,57.97117963473847,112.30832010474828
230.39957572869307,47.00337337616228,57.98470779554356,114.73881294005825
231.08328860974663,46.768567892357225,58.52511894749891,117.50319319477774
232.1939739113348,44.91042456965352,58.56626055135381,119.31954697885702
233.62784207234156,44.43487927137604,59.049903623871565,120.71942907931823
234.13730923686998,44.37790230072591,59.589349421767835,122.62372725889975
236.14294672618,45.15112676700603,60.18433665017903,123.97110767204262
236.41243508561715,44.38481154035192,60.847905097320414,125.1003567776946
238.15776650765685,44.96178733486904,61.59650006574101,126.53295304022286
240.13018047437808,45.996091111236595,61.78759742526728,128.64021829022212
241.5471446777231,46.668850492577604,61.72301716310845,130.1650608556651
244.94674838639415,48.855893857098565,61.96821282193825,131.61989258365443
247.18481570732393,51.44458616396079,62.14970147109429,134.1931488390706
247.67279217220596,53.62248116293283,61.860577154611505,133.40880049151716
251.47865102654248,55.76189267153505,62.70561603773537,135.54529119501584
253.63540738202838,57.69931161720703,63.270521295513575,136.18711590132813
257.48227773772913,61.46687880358904,63.93057086731515,136.5089151223141
260.37249451841996,63.637774787999604,65.11714780398043,134.98484165935236
263.68550149542,67.36871522052078,66.39805523669901,135.05451597009124
269.4700989656597,71.97962375644653,67.24151898762594,136.45510490409913
272.75589936842204,75.44848221029135,67.67553341647621,135.99013579914387
279.37475676811744,81.96908262112758,68.13322266981983,136.4408783368464
283.91967566495435,87.38387292367075,69.24455675114598,136.7209473899632
286.57973815996644,94.5106168610232,71.69204040369995,139.34090311877392
290.78492305140657,100.13923093652024,74.12499337472596,141.68532902051422
293.9650118501739,106.60111169521242,75.41184946859751,144.0438551007861
299.4466882641534,113.73327762096989,75.50525933595097,143.88886773169304
304.6037602727842,121.1019348827953,75.28782552376755,141.59872728030783
309.9028564158002,128.69686283916542,75.64330755414176,140.8605010062395
313.46524754091837,132.89727943870335,75.69168204218667,140.78651106888236
317.4358513615464,137.90937023895535,74.97749466460255,139.81988562072212
319.2106459925189,142.24430752905204,74.24611218976688,138.59764287646627
320.89141413198945,145.50351349853094,74.45345408465386,137.5283276171959
322.6767795463396,150.26765754246176,75.07254259189114,137.35328049613116
323.64363434388815,152.32595847686133,74.69535155148156,137.61793473084765
324.04651584844066,154.70349185552124,74.2021495775328,136.17252983876224
321.82330877539084,158.84558626749183,73.50458179003863,135.2366686515398
320.1454879634033,162.18768676373125,72.03380739838875,134.37046082312344
320.99215095402263,164.9610698454095,73.33221115347816,134.01940388828257
321.3710873210811,168.35145193803802,72.0419592689706,131.9052351620099
320.10102125054834,172.2754766256274,70.81121738659857,130.50588573800303
318.3873114971144,174.09335888618853,70.03438274307591,130.20676062117764
316.8982468058141,177.1479613018126,69.16235343427019,128.40123620985142
316.1201888107547,182.3338057017316,69.18450335993585,129.207678513529
315.75084265681403,185.02036316786732,69.03626329477038,128.5163873117263
314.8149260311811,186.78797455955964,68.74604820619251,126.84948117873228
315.21436461102087,189.69962863620543,68.81594546057546,126.5301708281751
315.91684798865447,192.7139988667323,68.69610443773009,126.15160736907441
317.0376018769996,196.75439918715733,68.26074900478986,124.83231185517752
317.13975669924173,200.8130066164084,68.42033096186816,125.25715021933166
319.7166998134917,203.27477588146775,68.08965640329008,125.61184044897854
320.8023391308096,206.20163639066215,68.94584358896668,125.82995780949605
323.23800001087795,208.82015478688646,69.66335849875193,126.42690539204736
324.6710431187152,211.29348070104973,70.87036188268674,126.91613613208023
328.03513007309255,213.17850025229518,70.73300828643207,128.7460420979487
331.2728741216553,215.5233480113745,70.00489567758777,129.35313002705567
334.0068050013555,215.7153475521389,70.51310813693748,131.28193612130815
337.7494258116308,218.41144482995767,70.62369171169935,131.67846837231122
340.2172064688083,218.55944579800678,70.42525197937566,132.81581604558798
343.98750664034554,220.0951184562721,70.24289748591048,133.17449392241673
346.451364762273,220.9778393985348,70.31048153502435,133.79961600273512
349.12901767686947,221.24432178322525,70.36722404567512,134.19160850874485
351.47044572163855,221.81365349556546,70.43439847371506,134.934445328205
353.6260287705701,222.4074790968524,70.34396601843017,134.7241500826624
354.16704267201817,221.9824813989401,70.04828465108082,134.98881833004947
355.29690823960203,221.30092290714413,70.05604008817875,134.8234013780946
355.76840677915845,221.45358819862577,70.02957743289403,134.7433210392719
353.792279537751,222.28875892087422,69.1586507633651,134.59028306157188
354.6608500199384,221.22744403618117,69.33093362711541,134.45485619033298
352.7683419842765,222.73672391745308,69.14942748164236,134.56129642778916
353.6315613745474,219.9008913139611,69.22569255852241,134.35936544336687
