58.0,100.0,28,23
57.81388623599871,100.37357263845877,29.747197010424454,21.618386644469197
58.25943954283477,101.4296563796754,31.492786258568735,20.922501815844516
59.418674409031254,101.06446570217496,32.33561718535546,20.973950980903986
58.746563635813054,100.67490125752653,32.80676896860827,20.92578647420477
59.82942342000124,101.39720183250043,33.30467702474361,21.01093233353431
62.17482759033459,102.01846577375966,33.46114346435035,21.45584341585958
63.267751794137595,102.93191332413548,33.85567835752558,21.67073450895562
65.11922050065975,102.9733498541276,34.21622513637581,21.921220213619787
64.88108724016662,103.17017309192434,34.136240131483156,21.96547809593646
66.25862554789929,103.9199568275544,34.324995913478766,22.13531370084823
67.61434636827414,103.84863416313704,34.2846358156978,22.115040938862634
66.14501997466746,104.66268347084157,34.42275912293069,22.210987123258253
64.87792049299563,105.01406432429239,34.24379280307123,22.185601209813658
63.35130490889179,105.30773472046458,34.744098861415644,22.330270305164582
63.34071423952515,105.08766473203198,34.84331364741455,22.241899234666512
61.922977935907795,105.37098858233045,35.45890710425863,21.939068367565667
59.71354192977577,106.46520139795606,36.24418841828049,21.575525243638648
59.05864167548649,106.63958926421607,37.51279782578483,21.80232629334521
58.09962518328374,106.19625647897092,38.17106518519033,21.919254620183153
57.86101918963788,106.47921129247464,38.64032734338049,22.209118918956946
58.3785399332306,107.09877433354522,38.49065420336302,22.485266884667364
60.200858925057034,107.71787310774192,37.24943571433906,22.22330377230913
64.19437404078612,107.71602581941865,34.46414956247074,22.496598263506463
66.57688324684497,108.70549845693051,33.06309904586085,22.480299472857737
67.31362322475437,108.5703366655386,32.44869654365534,22.36340076560248
70.54768872385415,108.43120163884983,31.723462579147167,21.857246990855035
73.81841269984565,108.26112560254201,31.59045426339462,21.79014198339255
77.62113817820513,108.55723249663296,30.426516368199117,21.086928134175494
83.46015496621963,108.87917871230351,29.34832867840057,20.477596860060927
87.52483148600183,109.02612159382457,29.365795707195545,19.89907364584696
88.80638061761572,109.91123588951831,30.341866755491235,19.609916526627444
90.8722197540849,110.81470579482844,30.26042804554114,19.52145205780406
90.10754110327616,110.81851831877722,30.16524311083048,19.435778303851798
91.26912403544901,111.28591687716627,29.89588736611371,19.332630967347136
92.87801667228561,111.54798265149563,29.844010905917063,19.38294705052438
92.61620869194655,112.11286668630316,30.133045872942827,19.113500025831165
92.44256436839277,111.41926662692505,30.247905015655874,18.925085215388183
92.8748158329437,111.99888800542503,30.588960863409493,18.574802419325717
94.32189986861624,112.26930660022872,31.706954046947196,18.58469307395662
94.73369654530138,111.59978592608408,32.269385168674575,18.809652085820133
94.91547032756641,111.47958494440812,32.53009755287499,18.89639804331268
97.90564735797471,112.2598071330274,32.24300368492946,18.60324950347647
99.54959421067664,112.95657258399751,31.66478100003342,18.337839023899498
100.91885110732073,112.3220629522226,32.2535758615304,18.262589488621227
103.05662974397603,113.1058411741856,31.761153048669044,17.991694421648337
103.6361883959835,112.66559850590998,31.560135109888485,17.878298532613623
105.42614761399678,111.02099499593773,30.98930328274863,18.2379324934761
107.47090347778334,108.96527956582283,30.086231069335675,18.365346935248887
107.53132325972811,109.0556508787673,29.792059291090645,18.621196411410708
109.61993200194888,106.73240491305869,29.507732736824885,18.33556706597246
109.55484999897892,104.48646479734786,30.238818373624177,18.304551484405824
109.8435169196938,101.74139629176535,30.902146153288186,18.578265460902877
112.27723287924326,100.17407516098855,31.336906922177548,18.32410614774946
113.76110100406927,98.87884697180363,32.17018080436144,17.703121486080246
113.99102818756106,99.41847880916279,32.085921530151325,17.454927757650974
114.57667857580147,98.12305912142347,32.518464442635356,17.674413983715553
115.27049232122003,98.24523028784354,33.235382545059935,18.078097163570735
118.5234433760313,99.39735916768643,32.44651382166788,18.498891283767776
119.78803517735768,99.22143535718915,31.83184285329245,18.89712562351232
119.80058203832354,99.14031681565442,31.786409165540423,19.0461333364646
121.1841227685595,99.57684614214638,31.578310554189592,18.641099891000213
122.11065663376606,99.83287434188297,31.30970022123742,18.429145725413758
123.28426281858142,99.38499473384974,31.4957443823684,19.007751010816136
123.69317548270422,99.54834830198375,31.566758775802498,18.94586778812235
124.12474580333539,99.69195757976163,31.59245785621986,18.9234731461408
124.41850395740761,99.85876358915151,32.14921339866136,19.172540875896214
125.98503182845432,100.3989166338647,32.823675661939006,19.58305662484873
125.9908555548523,100.27105191235543,34.67704133170165,19.860651912593827
127.57591214674801,100.21362190570841,35.07992619478524,20.17191542930584
129.35338982331137,100.1523156387494,34.702850175154595,20.42615027767699
128.90132998928283,100.18020262307897,34.56286431342656,20.585174282650648
132.2070743132159,100.43983724158858,33.338323297396286,20.621157120826744
134.89757484436194,100.40637413686096,32.43035995483078,20.33716169942262
134.74424803088232,100.36968609880802,33.07569766382127,20.006309565079277
137.18702511948194,100.45885770073636,32.875530144336906,19.561456351456982
138.5277904179173,100.771411790753,32.79096915195837,19.746406765173685
138.63453885855392,100.3062943813543,32.721782268243736,19.931219220689837
140.47419758608646,100.51026207215926,32.28118093866692,19.844054102751777
140.63908702002848,101.63633297417459,31.51105630662274,19.659752874892988
143.0186708097726,102.43450584876346,31.131794427818093,20.160887899641047
142.00388836767232,101.55736025092283,32.96843481250693,19.883272967392628
144.38417241225923,101.86747599955977,31.174854333196357,19.84730050332187
145.12323739726412,102.05465349032224,30.571999021389715,19.96803982111333
145.56025596955226,101.7405170531624,30.163782189313423,19.76116865246424
147.20252852613436,101.4467427878482,29.54393281589534,20.555534810045813
148.00856874870794,101.65985560139069,30.750150710591946,20.448194986183474
149.3336310770852,102.26853750114266,30.693303031376498,20.24425129165998
153.08266898000514,103.0527272665302,30.647680838817834,19.905707271138834
156.15805427583433,103.15042544766878,30.808311614346962,20.27871606022884
152.62800947409147,103.37447430785596,32.36289279498112,20.47798009522557
156.81833283124996,103.34609431001802,32.44187132480478,20.59537088924131
158.9139611891058,103.110513759008,32.090015854210286,21.202373360890245
160.1537535295569,102.86885244276303,33.04030177877683,21.610233652071607
162.02772619267085,102.91722884005327,32.657094916904406,22.30078859674893
161.64539052482334,102.5094663740903,32.44391438492363,22.130282950061588
163.83904802417473,103.06675893581371,31.825520284658346,22.76051746772805
164.76698753111313,102.87361058377874,31.9070115710745,22.943910424239387
164.23055359904296,102.63782826935518,33.21736722818359,23.23606984068416
164.7843869726161,103.01810455984604,33.80756882820531,23.544227586850894
164.51252386271906,102.43723813901167,34.16903644204236,23.795972025199326
165.69418131584573,103.09263370449604,34.546001687156206,23.595868150089956
165.6803453304115,103.25092520927986,35.39279597247777,23.90636033583482
166.9052174158361,104.10847951663524,35.759778486198925,24.422536816338905
166.7307285504043,104.20734882106561,35.5422126379609,24.463636403278954
168.07242808140603,104.08374878101733,35.31231241628951,24.2096691860122
171.2420155166754,104.92335247140329,33.82270114438358,25.444135206119192
172.62347480315105,104.71288780136392,33.21592575990881,25.54120437774091
173.97473138795223,106.30325573265782,32.40697490720102,24.052454599137487
175.26159856039394,107.58845165817564,31.704937034485546,22.692763736871356
175.46929528337296,107.79931823232008,31.379463632472824,21.955875559285644
175.6148841775639,107.890822197466,31.30799714780187,21.749254652919586
176.84155299106203,108.53319073786398,30.262191259086872,21.012338617045472
177.82278335663892,109.42661173751776,29.550684202249478,20.35464700836291
177.65192148377466,109.95547621609145,30.444409901103036,20.429631369086632
178.39693944763758,109.86071700939107,31.156842845447496,20.76987610084676
178.35680604188607,109.83850274150707,31.548030372282525,20.93037061561868
180.0897641402338,111.1734716024912,29.99401755693473,20.88449447812307
179.66465797832933,111.04220372486526,29.338813010626513,22.457394002906184
184.05452192884525,110.9116631304488,26.71999666965327,23.063766329434436
185.612676410617,111.54076592471787,24.491367759820662,23.7832523912869
186.2763529187995,111.75617364710777,22.98020737040884,24.01962749826494
187.64726137352093,111.53805014269933,22.101480976102643,23.281909052980232
188.55507968322843,112.41610764461583,20.820535213621262,22.009184857252695
190.5499138819949,112.26296083258545,19.615954401537497,22.609072841665032
190.75880726596225,111.6506563197007,18.855333160946582,22.645533368899386
191.19118942059816,112.59733587170629,18.596708988393498,23.13732135961476
191.05922564015992,112.1963943003653,18.15169795063717,23.427600193214722
191.31755840767744,114.3790373642566,17.70347571394199,23.273633035158667
191.64971793263317,113.58089132076708,17.63669084371802,23.338217358465833
191.5460333856904,115.0861385296987,17.556378358013706,23.994211588063546
191.13448729559332,116.95721905011803,17.59500856311022,23.355192331892862
191.2165292612252,117.46373605343837,17.615433909190223,23.45831585699044
189.89694747197976,116.61234928370997,18.136227431528763,24.18064353463083
188.99980274430212,115.90250889446213,18.896985697919213,24.559476534806212
189.1053451538003,116.95018903788848,19.275134277360348,24.186398657621478
187.0832044651888,117.61381716875093,20.899882878704453,23.723209473533295
186.22256866091064,118.36094587986796,22.576118171342802,23.12427675833048
185.4452527480641,118.04198997554892,23.87448626412575,23.77161086921467
185.0921090994339,118.03546155075043,24.39874383726496,24.04380773346007
184.10298952499105,118.56788115367587,25.04000788849448,24.17263307839044
182.34116097082753,118.20875544560006,25.692212665278547,24.95806131338972
181.10202942481197,119.37778877984854,27.083256519028424,25.7645106361037
181.21186653442254,118.28620654428647,27.867839501955693,26.46693169902472
178.91810250637008,119.69160075197419,29.613410465775445,26.28922281245787
176.30851342853236,122.15294670829655,31.030807920767273,25.90621901016469
175.52482525364704,121.90664869225928,33.14809576956141,25.123363382083
173.41239570804805,122.72775740816385,34.67657424552496,25.137952896074623
172.04143625198756,122.26335491980382,35.68297374846627,24.96935339281423
172.5157033969024,122.93237350901626,35.93359717348034,24.99334624368624
170.92936535063134,123.58106319492158,36.56093940371777,24.372312697070903
169.25182683788609,124.19809449675455,37.80900654151296,24.28931210512372
167.9087088909431,124.56796774708268,39.04899914926612,24.164563468236985
166.99063713603914,124.2544158186007,39.976245259171726,24.566264493169676
166.550864886014,124.24322866127481,40.2308965707454,24.69418385176677
164.4776697046917,124.71522073015434,41.533567450968164,24.690232672992092
161.69168021067537,125.08359221919869,43.33517595560238,24.50433198005966
159.4872314996422,124.83064113876789,44.74085377317652,24.699214243460325
157.561741857513,124.1239206884963,44.53215593341149,24.06742809322224
155.1070728281667,121.90387327887083,43.53278732706502,23.565719933957563
155.48239010950223,122.30014272223052,43.77340947826118,23.41183766344913
154.1806730396859,120.0013582861902,43.33070103976881,23.199683635139124
152.04561036168639,116.62554028173174,42.73656858326787,23.269541689954487
151.34023294188123,114.45405975652183,42.223388486354736,23.09938018178056
150.62142325292805,111.55664651937359,42.19601152637047,23.664821280100483
147.98272955854804,109.74202550769454,44.02199815829455,24.718623850333582
148.00342036854272,109.18660649177902,44.07470223166455,24.677499601891178
145.6418500145976,108.16678182475667,44.704977949320465,24.48883167519368
143.74581682052016,106.63099644833467,46.200276148998725,24.551979576475183
142.0350455600796,105.1853047711397,46.726341374958025,24.09558461055265
141.3886738652107,104.49398491722398,46.70879728910987,23.958815138696565
140.14503587865286,103.5729491321246,46.06922694874895,23.64166124502814
138.9235475325045,102.74491045262664,45.62858242522535,23.431283525899055
137.72274459944933,100.85222184922077,43.878424375320115,22.844178432906126
137.8004704172034,100.63383176560987,42.85935579645256,22.97830051907324
136.7078816763816,99.77812612327362,42.17141010915091,23.175231212925404
134.92237142065574,99.89489678592784,43.09997456591512,23.035851874921654
134.24975482096178,99.17785432123361,43.824754884443635,23.548946814075748
134.2249277524882,99.32063227861543,42.31108504678136,23.545831084858975
134.57551240829798,98.92434816825454,41.89226436797435,23.426198377846376
131.34956586887324,98.50195461416135,43.51328586479261,23.62897193622808
128.91221512157023,98.25660084857122,43.9518453916252,23.587285058228638
126.77465044188662,97.54848153464413,43.385071064468946,24.082167484910965
127.73162230512497,96.93244579288468,43.08182985264068,24.146834793625175
125.98714495290454,97.47024115796725,42.03353785297998,24.438828291975668
123.61811949334476,96.49608993217406,40.66155764416985,24.378936773835484
123.81605950756804,96.91414846025936,40.133231326660805,24.34476063563364
122.48801337048525,95.82377936251007,39.87301805883418,24.59902330622986
121.62916889607402,95.67481170901955,40.332291785488664,25.004914545828093
119.4669825194451,95.33688159769525,40.524088549976994,24.972354968672
118.92282686208138,94.23132857632403,40.50415401509506,25.779545606140992
117.41054344526822,94.34994621154321,41.9948158194245,26.085813143319825
117.17496062605659,94.12539185269752,42.1970910769884,26.206445908862776
115.42818975146761,94.35537865090829,43.064854627924134,25.741574241152172
112.52147209906897,93.32594663421767,44.30750441026048,26.008278240353704
111.55642817152433,93.87539511214935,44.67532114718571,26.033282651677872
110.08721341351311,93.53511462074364,44.89756413977066,25.967444708708037
108.38679656705794,93.60458871550527,43.27273254947787,25.673696104145698
106.58955184114728,93.13591050726534,41.30392854426793,25.52201748644589
106.58280294434645,93.31838905115296,39.53928913083834,25.84715439281127
105.92395313906594,92.8667616528048,38.49939901971967,25.943326059624784
105.17431272418776,92.02603058886581,38.12373325523776,26.405328653811345
104.994865324727,92.19014934004704,38.2005998559171,26.506214076253585
103.24120465899962,90.72539070998857,38.24220005700075,27.21235792328458
102.48657943625332,90.32328727809357,38.76467987261056,27.496240080043336
100.66365188821393,90.0873458876701,38.49540435345494,27.832075497609026
99.47297338892072,89.30681997456688,37.73950854442419,28.811126591393588
99.54826278945418,89.328952259304,37.234162897654116,29.326829062934962
97.88133111652455,89.14818346098448,36.219271360700894,29.584133871488078
98.13914250583997,87.97595462778035,34.25345326957005,28.105746078911952
97.26752450511103,87.42044432469754,33.39527935891856,27.105156272479917
97.74685496324707,87.63382753165341,32.55628549586915,26.416381191575983
95.79992589937228,87.82870673539291,33.11127643611871,26.963436138589174
97.363134518203,87.1480538866424,32.71753284347681,27.130871291656618
96.99413392866961,85.69598599191875,32.266202967856074,27.549357972217187
94.02497631128074,84.94607791905368,33.165875319333054,27.965395736599667
93.29314265046534,84.2683602992096,34.162600807467754,28.53942838839719
93.0745461286479,83.90147043437014,34.60177749368078,29.010528064365186
91.64683354591924,82.98067687464537,34.917987571247465,29.52014496897099
90.73025885169629,82.90001490139733,34.20722979416601,28.926845502381113
89.61536448787373,82.79040904410006,33.3836432776705,28.29800423846003
89.98016064733979,83.42320996310744,32.795103204832145,27.81547582573826
89.49524110502514,83.85975442906037,30.494869352449697,26.32016399344176
89.84246330032005,82.58088865694556,28.5473274276802,26.341938201245604
88.10836181486782,81.68095796026736,27.71155243227608,26.99182095690669
88.2497925692943,80.62036850805313,26.364520086020782,27.230347578620307
87.92006575730171,80.73083448785188,25.687837845748135,27.098870269901717
87.45830760686944,80.16934571608567,25.364535604132207,27.097305577106003
86.31571876023546,79.5235932885441,25.64743210843534,27.45102814459147
86.13920661961134,79.67344101436495,25.31522231985936,27.80073149666071
85.66308780949441,78.87426363071297,25.25976188101118,27.918846395800614
84.67851388136093,78.44193379757814,25.613408333469543,27.615491535703082
83.16537187851128,77.36409583986362,25.855543169246978,26.20591323970636
81.54560169837326,76.80438449116065,25.19162588792144,25.605670409768564
80.81506800978856,76.31785875507606,24.946150296340846,25.58332240684006
80.18248035059638,75.02428407652636,24.846053092752545,26.122696495384783
79.68373318712383,74.48538765355185,24.83353002467811,26.420955955103327
79.78439816743929,74.6543970510279,24.851911367758138,26.424405971186378
79.50655523359123,73.75401766924546,25.120533636821456,26.70889886561065
78.12176902720229,73.58723108346649,25.374084321083693,26.824729117246704
77.21543293670058,73.50703673648627,25.762821565563694,26.883204359058723
75.59555380846058,72.96015777862324,25.94684709499291,26.903979486698823
76.46852849250324,72.79589803539979,26.024399313821636,26.983582347169182
76.06635731681985,72.58842996720598,25.938284511868112,26.47763530484584
74.48611225996686,71.6125456822976,25.756268216882695,26.128843877104018
74.52889214270625,71.8694094758233,24.480835709704685,25.525852374036976
73.71998205710644,70.83142590851287,23.182296933150404,24.992703908071924
74.58084496295538,71.97409951016823,22.50906355309313,24.472668899585415
74.30108185056818,70.87892356094216,21.86624297610972,24.95628709442427
73.23738154251446,70.54688419025359,21.22203714690469,25.607220389024054
73.86669706911799,70.1098165221259,20.93420077143199,25.78403669451773
71.74779647123167,67.88320952990784,20.15758241154058,26.456549995360106
72.39206351217084,67.68630541294293,19.83125993854896,26.639123182903198
72.86080178349513,66.23524599186507,19.94760877431831,26.422459981601875
72.61331704017697,67.01786554462427,20.227269117888248,26.976620900497537
72.26438982797123,65.27348239484364,19.707914679995028,25.422311638535383
72.26654118159804,66.10171905417623,19.397040012292194,23.97700470170614
72.51909928711002,65.92802507793661,18.56902493652215,22.674787856822103
72.78257860443412,66.40421699327,18.280957903436434,22.19623520291313
72.61371824941685,64.49288365435869,18.168178125189748,23.14799123620448
72.38647673299371,64.85779843380469,17.51391939778211,23.392343806218754
72.59037317635206,65.60435335352503,17.297013962237287,23.460208087871806
72.75436509985337,65.12096888396167,17.047101709472944,23.189824927389168
73.26536164331917,64.66989899894396,16.876755045881197,23.435615515295662
72.04111625608044,65.44014443063413,16.606228791550045,22.94058058453252
72.18813626112697,64.97782089669933,16.45952764864451,22.504258108945105
71.90392520869143,64.56496257432926,16.476764145605426,22.017490012474312
72.09612012780343,63.5205142499246,16.59988163160016,20.973909854642976
71.11310229350096,62.49227963349888,16.921134280185598,20.973692686127237
71.29721378168668,63.66816996446457,17.051751635845385,20.636072180445858
71.197558227573,63.81543113201986,16.834429138115734,20.18597886144856
70.3592474487902,61.81143331596728,16.72713040759538,20.584996222069343
70.3682309561694,62.30490344678724,16.33700915699714,20.823191763652076
70.28875976101352,61.74812814159725,16.28126801459404,20.914113589852374
71.2040859654336,60.857861977752975,15.960045537394505,21.825879132872956
70.56860195784053,59.58158366754778,15.90323187533458,23.15589394420131
70.49956636685467,58.115832059990296,15.706792254083636,23.72405487416004
71.51551360578938,57.03944273643702,14.780854807464213,24.067797266383778
71.8789782479246,56.669608890764465,14.511254319580473,24.371536613002327
71.08403763269956,57.07292308058388,14.001045523175083,23.73548623629319
70.99079092510392,57.0650688220469,13.90866930946013,22.20560912104292
70.86857293172201,56.094131165689916,14.118940867513004,21.468002927409223
71.5536184196933,56.17775258200691,13.78370859518373,21.004205529345555
71.27385671367482,56.13768322262575,13.792198987201147,21.064706186584438
70.73284546922851,55.19600334207847,13.897422464863308,21.407035063889936
70.30902325871021,55.228812750411485,13.93262792105614,21.77784813198953
70.44415344502175,56.155682644611026,13.807379450288526,21.14378912972326
69.45219239672647,56.058433934112706,13.989688692875173,20.80172649212615
69.58573963928,55.12532502834625,14.169394439701719,20.418928495553594
69.39101144559062,54.9603014413137,14.243466915947673,20.308500205751503
68.91811867837374,54.47867186524957,14.952550485049398,19.566612568328992
69.31004904179542,55.33879084111607,15.320362121487285,18.49188242909598
68.95388461728359,53.76159762677487,15.739668814749232,18.32159997350104
68.42905736883819,53.82284076766178,15.911614876581428,18.2441271194616
68.71024906767782,53.06557520876317,16.126674411031065,18.53419382075491
68.81165046587549,53.14444990204184,15.789403536022466,18.409128760369438
68.49830534562142,53.36422339448032,15.548295924968109,18.13511674863701
68.207393759854,52.38363950911766,15.513091813788101,18.578096042799842
69.26364132128391,53.020833893579336,14.969749522959525,17.7629663070796
69.94112030611052,54.09987559250337,14.598060291099285,17.40240640776669
69.14945701331789,53.38835194555008,14.799726415258755,17.470271053968208
69.47325412434002,50.853851546616326,14.358377615577783,18.762843629179457
69.6490739767683,50.04919265474523,14.16158410212746,18.98959305354666
69.23367590347641,48.86411384930548,14.003915893242493,18.781961357785516
69.29863490238137,49.14532369184723,13.867512910081004,18.546247605319206
69.7363832082239,48.8137779459757,13.98938415728268,18.30235667518727
68.68636432918723,48.36648566954442,14.316148447338428,17.951404423850615
68.24668386023596,48.441853667341086,14.365728806627686,17.907701204136185
68.32711660275875,47.73218720560764,14.874457132617255,18.677505624185116
68.15354085723048,46.67753978140238,15.020162090470675,19.128635494568286
66.50391722998492,47.119593934310004,15.3292741520907,18.821751920198356
66.40235165304624,46.639108952557045,16.053508211241514,18.81671846573552
64.86426134092844,45.347608256359806,16.619907951688056,18.733536386450314
64.02328996638441,44.654097439779875,17.18155803720188,18.490713354082825
63.89549527105179,45.45451048208838,16.958036710093676,17.807115968196282
63.33395451650116,44.66864155513972,16.577028863726195,17.364205384593607
63.511745333567816,45.04726070578097,16.510639429299914,17.08794700274469
63.42802828411714,45.162151770961266,16.746532085330177,17.326624955391924
62.42483884613985,44.59879945379329,16.22121845640194,16.97077038562631
61.917502813140096,44.62812368227239,15.514218464295976,17.037633098101704
62.043590682274214,42.71410395214407,15.735706056105865,18.28049036841694
61.979675346597254,42.65205996470046,15.656017196209794,18.897841587933055
62.4647773105345,42.94019282375655,15.759635289819675,18.45678399970371
61.09067538987814,42.64269928196883,16.34720222927692,18.182508387966642
60.02987320364356,42.536622184103614,16.995379782898432,18.315911973345507
58.67704861457349,41.41193160017772,17.86046041855809,18.130738087486364
59.20370267984003,42.00469472391384,17.982475774353144,17.828291368822697
58.36622912563981,41.76957689775406,18.1434153143942,17.525936383935246
57.99879427041006,40.77557673516563,18.404026602002155,17.402166079229282
56.67349660568902,40.54017005310638,19.52843022001845,17.578164379871225
55.21789766478672,40.70204802637226,20.639953114030085,17.757315232655866
53.935551691374364,39.835894866506735,21.216997050600877,17.952565583148633
53.130848645273424,39.918997170043994,22.045931341044945,17.799773451660066
52.14801623176078,40.42601338894386,22.994185889749936,17.532109422063453
50.381682341399845,39.82920758834927,24.59176455914367,17.35149159210029
48.483272862544965,39.775114540841834,25.801997518318274,17.292944899029226
47.466098234839734,40.06788493177096,26.395367769822485,17.139388064924876
46.76255567373584,39.219213841753565,26.6431816517959,17.176177266444046
45.30977603938007,39.79561184366051,25.376064834081667,16.544888525813747
45.90577769493794,38.97036396650553,24.433878417497176,16.596286074557298
43.92155731591855,39.35314870226864,24.46227095776252,16.561429493656075
42.98962536396719,39.784537462770835,24.78395956869648,16.686132136225908
43.154310494651625,39.57257352769703,25.476272046585414,16.852667123072727
41.33942430887602,39.48642923899732,25.724658614913984,16.36754603250341
41.627555962758166,39.20899193273533,25.87179923781374,16.1970559599688
39.746224702775216,39.2520497521786,26.969994899869487,16.281998975867406
37.16671160260671,39.84004530064564,27.91644328038229,16.541547124538802
35.210911289363324,39.741144078849814,28.38655373352922,16.232658589126537
35.00531667408349,40.142969185293786,28.5166684401631,15.900054823992505
34.739930882944506,39.921406349510725,28.69707533738248,16.070757705031287
33.52085068618263,40.201046547538226,28.396038953562474,16.3893612201091
33.63751557891953,40.06719982036724,28.678906372678505,16.360484850232307
33.20556432549283,39.99127114795381,28.881737102188175,16.445745210195888
31.43549710917611,40.671096126204844,29.53695332193098,16.5273260276196
31.356669159038553,40.911277373904625,29.729284820350628,16.52639468456379
31.4425737627888,40.90226305323852,29.55404238531107,16.325185044646005
30.14656558845156,40.121918337089525,29.536882098243368,16.941271510635396
29.604998663454317,41.06369773793577,29.69709572118707,17.606693421833548
29.380329814355836,41.574138957084614,29.398279732860594,18.14816602503976
29.216862942690582,41.27435612155014,29.111039587030948,18.3690924749173
28.317651325223267,42.227214161728526,28.067063224797604,18.599988333037096
28.56220976114551,42.33937693952725,26.690289187425776,18.60990807773261
28.896264193346404,42.10823333273153,25.863519434352114,18.808851480288894
29.255596667189565,42.46341704855287,25.150233209810324,18.75010300616575
29.37500990762659,42.87937356330747,24.96011278362377,18.670822117769827
28.986930888658488,42.29666951909482,24.059268868434977,19.024874615374813
28.916873567899493,43.09676608900292,23.73648525555844,19.052153399386736
28.561444832609794,43.93711666297614,23.69579395904799,18.729019084936397
28.112492361572436,44.466518072072155,23.626253527587547,18.667362873189674
27.494125400085466,44.05359638257778,23.480709008178682,18.60432838352608
27.59976402738934,45.039272357829994,22.92450682681311,19.134921928627122
27.401027589757515,44.48306801695531,21.88040560539708,19.361939375024935
27.747570283433742,45.69359481189479,20.610644803005563,19.05239701561472
26.782981389523755,45.424961700499324,19.539914143559912,19.003756255983777
27.50320806695411,46.46729797324362,19.097553440066395,18.85822403031941
26.484619783860246,46.891379628739024,18.27288308242599,18.612088612395
26.6501473218695,46.71352602021388,18.001940005919202,18.348273734718738
26.55200961081067,47.649008421512285,17.24872964922827,18.266874972160977
25.808532058284044,48.108701892031114,17.37109124842215,18.48765526745144
26.01963508093165,47.81678537641406,17.42988038134959,18.60173884800195
26.277734835552593,48.16507723199602,17.109962305213177,18.8117866065646
27.020874202637557,48.804290676381775,16.38801157397293,19.177814673847777
26.472593068184274,48.77197803142056,16.27877855479356,19.790665366602248
26.492518142004553,49.38632620183384,15.659094422778002,19.972346528217095
26.743203380333103,49.92410552679348,15.468720955398247,20.087682958864203
26.645557651934173,50.28507387129423,15.485408286219545,20.601952324550204
26.79439714514838,48.91327764425776,15.61341136766222,20.898721658505963
26.190469612544447,50.71411506378959,15.435226698983367,20.479473272079016
27.196351719381962,50.959222951151474,14.795906638140373,19.964347524210726
26.789310134859058,52.3957037289707,14.453877136287746,19.584351666814463
26.669166643579096,52.88789881540548,13.967243037304701,19.470528815722243
26.50566565858076,52.511852776121614,13.632494213844335,19.384959151125916
25.943153682773904,53.095850697429555,14.127162330497114,19.32405711954519
25.717662749296835,53.86791497532253,14.150898103701248,18.919958470985808
25.621893126374726,55.3079841858181,14.259719454037658,18.83991465448685
25.691218430775635,54.725474869624826,14.256360898458498,18.866078306404642
25.432388255982048,55.578823548843545,14.565815071287858,18.942690884490652
25.013063025649437,55.844482294478865,14.713921403535108,19.136913554352823
25.21455819901716,56.5314560218875,14.591296047034044,18.710452976976953
24.939501856215617,56.95095436363779,14.289167216523843,18.287319330585746
24.944066455297026,56.52864425104703,14.241936822071963,18.41688981211493
24.541840745400442,57.78307037276964,15.03369292936513,18.913210298161893
24.66039872779335,57.42234839843911,15.448607909403531,18.901637279049513
25.662349189345115,58.22506174883948,15.69575221335079,18.917517951295647
25.931570153333606,59.45788446953523,16.214988508030054,19.77839533705258
24.77295750727765,58.799612946690715,16.902727716157592,20.47324191057364
26.51640601069122,59.061574329896146,16.48750887095154,20.51989104357685
26.801155207412904,58.75343105303699,16.327007059539422,20.222885666142815
27.61196837051446,60.36775195038895,16.40367632659803,20.24303842710296
27.067039589772264,59.764350239361136,16.61564234755508,20.506871573279682
28.18837141176238,60.64987226577823,16.52970935543032,19.52743823821894
28.035794589770276,61.976892461921345,16.626427940820776,19.36067201585458
28.602442126885748,62.016288735270706,16.072005547253895,19.23771290421444
28.905250545528435,62.128752634569075,15.868038185066174,18.876829295070838
29.93345002885336,62.27471287912981,15.781182675447576,18.739800773722806
29.238318248059407,63.061460047244296,16.27326813644955,18.579155863763358
29.860058717865897,63.24216767430908,16.207056178770156,19.36062391041504
30.715627014915665,64.45408520516955,16.549653410354217,19.683592132385506
30.68435666612809,64.3784547447398,16.85036854640593,19.65250289455361
30.93971019774844,65.87727500766053,17.18972862183711,19.907563174376214
30.567739609010758,65.4704317290347,17.17568945263278,20.023366125670826
31.307876128012257,65.95196966512717,16.952862703692283,19.372248566474198
31.10188023871465,65.18660334822783,16.886476186389064,18.956058898026747
31.807776128354867,66.45102579385505,17.022017170780504,19.20738063274888
32.80270342083023,66.33916875612938,16.841229358290715,18.88003879999709
33.22357541399773,67.30718146565115,17.305614827522124,18.839307570406678
33.27947628765841,66.69653184078092,17.435329193482005,18.846037728350275
33.74126570699227,68.07443783816422,18.073853626298654,18.98963979608368
34.55886999725729,68.12654579630866,18.62448183776082,20.0558874418065
35.100947242788386,68.5871808062327,19.38184956349549,20.399136159751407
36.161534063522566,70.30819704708631,19.54262019692947,20.20751566534887
36.09647237301576,70.01760783873245,19.522459764466532,19.88574760988863
37.031278910732624,70.50358461125747,19.616835946845292,20.047155881244837
38.02177038552697,70.71029467642285,19.990596954776137,19.895309542417966
37.36277562157984,70.60506537766705,20.17688787427195,20.040971692175678
38.69906139432145,70.37220210224677,19.862485884452813,20.011420838231054
39.445504392678735,71.22011717929828,19.97635800541401,19.965760056686637
39.5063631279302,71.66177636696044,20.614131501707963,20.46449887130374
39.564722167479246,72.28056295930486,20.921844269777836,20.744641140716443
39.18854562384362,72.64490627062206,21.1134597471858,20.81469109034768
40.88225704139215,73.45101577178168,21.744835740213738,21.734507915665148
41.18198468076909,74.24484201006557,21.857012236362202,21.02976712122628
41.63840988881567,75.87804953214821,21.815789627886232,20.76019350772507
42.34226724472899,75.77631683502946,22.52283626859866,21.255345913681325
42.38637899428494,75.8561054013265,22.478832740189894,21.067524762532535
42.87277396554481,76.58833524059956,22.462982494935765,21.003966878420016
43.77654158137645,76.60987072784357,22.509893674405305,21.617832549439804
44.02655703997169,76.7624435475014,22.672139978894513,21.679958333463986
45.017808841680406,76.37178399555631,23.118232872059103,22.040378999854184
44.32179016819813,77.11371548377234,23.37269697683617,22.297894807601807
44.84151294518584,76.43058449100843,23.925513690927154,22.375880120766347
45.84093945247628,77.21089931746464,24.451128144607985,21.475536417560956
46.45771652737372,78.29004141268643,24.98148238104357,21.951750823308778
47.290000238162996,77.64253330383596,25.18730680516815,22.04803657225971
47.89688716388217,77.73104042030312,25.272551813593083,22.31001770065353
49.77780058913088,79.49350181326493,24.734296740439422,22.186210332210386
51.313807353717046,79.70570081416466,23.556021004235834,21.920969129727336
53.0693057596709,79.64604375633233,22.98460701703516,20.998992962188844
53.0559421987158,79.78644398538289,22.906887727812546,20.6569284660018
53.41949858076831,79.8681848067833,23.086810791344234,20.817100998005646
55.3549721130515,80.49744763631419,23.05015327755911,20.78155202351419
55.919519487397594,81.09894421271113,23.344619625058336,21.221823641228127
55.65749369095968,80.90007277810975,23.380901137367744,21.26671464275512
55.82439390258206,81.84833918038547,24.010784796154233,21.57416133039117
57.96213428189512,82.94330287250787,24.08189217229375,21.72328423911511
57.38760117885991,83.52905442559151,25.34511700873525,21.840347722303314
57.540975219137586,83.88009171473038,25.925209748492406,21.768163585920107
58.47272970418584,84.93637702105173,26.246377902419347,21.51679139857039
59.70547521416731,85.65756335098469,26.4333527027689,21.261018470149768
60.97510150530597,85.72262787702495,26.147945335335315,21.915603163186432
61.36113320138556,85.44871230507343,25.658497604797233,21.65403947066368
61.24777249348973,86.21172645224985,25.644778651936562,21.653272101603825
60.92290626596855,85.66857077908163,26.47073486186172,22.325406507022272
60.70109252090697,85.78043284268655,27.26708451995364,22.489988043874938
61.140591732119894,85.39537091653668,28.14592148571138,22.459620563166865
62.04194604556928,86.87769742566245,28.804577604906356,21.69246205175128
63.09375069354975,86.75335142481919,28.764032884140725,21.492721131074507
64.05745678047177,88.47418740897184,29.056270978851394,21.522713591480134
64.44270526679065,87.87940485067955,29.78052498277613,21.867407187068622
66.74144115199047,88.66693268560806,28.782868581028808,22.141938004028034
68.00399997082822,89.1347478331807,28.31332345311896,21.242989837788997
70.50740090535386,89.0276753221112,27.47239987996611,21.422970431217074
72.32540798063076,89.88046672627274,26.562612536052946,21.211757129729897
73.05253012519414,89.94084963134661,25.99403414048087,20.972079576418107
74.05542027314871,90.12399456836711,26.128764403653758,20.879082243881008
74.67772182639622,91.15442223252089,26.75697929032279,21.091443163132066
76.03524306120815,91.56861433703342,27.335790580464565,21.454732232915575
76.56695044024335,90.94773115947268,27.61379885706214,21.50685472817378
77.59592697742104,91.48410839207851,28.407103106925497,22.44430839284493
79.66367799116452,92.78636112982417,28.441904424165102,22.52489965807628
81.64971680667462,93.1726957109193,28.784058665703498,22.328974575475854
81.17645107868202,94.77197508531985,29.79942251914964,22.80435839259272
81.45770945590216,94.77887747449557,31.04308099664293,23.007274195295977
81.78954845872015,95.08859671230351,31.170517798135865,23.16330263862541
82.03350506688247,95.08945931034012,32.23441580007295,22.446260670091245
81.4545698872827,95.05780939715827,33.446378566499035,21.72187128747057
83.13575037892414,95.721441016775,33.914301701868524,21.408142594135548
82.45014044634462,96.07723586343731,34.22171694056272,21.189694075127328
83.16330612924747,95.83779404735411,34.99899885600699,20.971830881121864
84.5552962348254,95.86468562101523,36.16026248030036,20.274302311436337
86.21593531804241,97.24119559739415,36.363955322167136,20.28431336453788
86.0717638944197,96.80905647233509,36.71328754929536,20.120683289460686
89.80067949482878,97.73924387814054,35.74443950277408,20.287980291814605
91.08679894922943,97.523027567705,36.62149563791808,20.5777584937404
93.16490057559425,97.62380819393745,36.26569216546189,20.893905065982523
93.22789384526469,97.84135744090806,36.411624876609295,21.178494987568655
95.84905949599586,98.1474303156346,35.08745306001023,21.291134089189804
97.75325767364262,97.11697535737356,34.63930908508781,21.695679564793885
98.21947231413745,97.55823042838685,34.81801719423486,22.079435291907952
99.47512116343651,98.10974080823061,35.200571729523475,21.684185833489945
99.74479334968265,99.23594310477245,36.20997918808587,22.313739248218788
99.82404603675921,98.85311382745957,36.679929929655394,22.49961722423125
101.5955249872466,98.59179678801728,38.15337522692281,23.59084718934631
101.85289262144175,99.19161577800145,38.814367802770775,23.417545879299823
103.4164416003888,99.75524843524886,40.66648737417359,23.398610337754246
106.26463923299556,100.26728379313498,40.38844232868662,23.372098215731985
105.25809942889282,100.78454581993591,40.74267031335694,23.561741032247305
108.10008161735863,100.4153683010683,40.31360400771438,23.310563599279426
110.32419190762619,100.8915439010615,39.654552738702705,23.444882321168027
110.01640346205934,101.0260052778415,40.23889488862544,23.23027322727598
111.36771095104001,100.11361796080475,40.91314148292975,23.37600885988465
110.85526620361705,100.42221604152205,41.25281979613505,23.34423139962191
112.6122421830371,100.8385133988564,41.39154728065432,23.435251186906328
112.85951087304089,100.73833236039164,41.980139783459244,23.601433576335864
114.13131020746815,100.24606004749802,43.34764340952661,23.760828665990296
114.40080006438563,100.51747834752368,43.95314916932443,23.8041584477749
115.42432740161033,100.52404876108409,45.35111707788287,23.790330975146276
117.93771754579495,100.6316663316096,45.39802148189642,23.621207894642147
121.57007945760537,101.18273299528175,44.48124382526778,23.096345075110307
121.68012420293987,100.70801507746967,44.23948685413004,23.209324611906382
124.01004972335845,101.08050257440246,43.62303180938662,23.662362923704837
127.78258272396283,100.40828721187822,41.64609630134191,23.29762616828459
128.9853197507923,99.4681160090059,41.53208037756578,23.709630561333917
129.9455415077334,100.21596248491412,41.64014028165233,23.69152244838465
129.4637923069576,100.1704583594456,41.90239051425864,23.842207823345134
131.7882704893867,99.58838828888793,42.1538400331895,24.16395599668705
131.56343616604886,99.6096858013698,42.6827628302558,24.234092905317038
133.8136075379148,100.58030806154612,43.87999088730515,23.696931636917526
135.70836275522083,100.69955780092434,44.35973704448999,23.853970488239206
135.80924981922394,100.18713723581376,44.33758938132752,23.77605893291348
138.7829272827104,99.76213206718036,43.77062080689367,24.091889582680295
141.36919747953,100.05842870071415,41.825970427902945,24.524412282409592
143.38161524838839,99.99706834918186,40.29866296635798,24.631599538208548
144.65013300799538,99.24444395745685,39.91088892175336,24.890540948611697
144.7232597763985,99.31695599246905,39.709490121275294,25.002932650071656
146.36811288045283,98.65590441449463,40.11457761433846,25.503945107778314
145.87905242621287,97.54227118936089,41.14766068102152,26.125849619569244
147.2678608897295,96.63066466108741,41.278918265707034,26.805981011077144
151.39303157307972,95.68123573871772,40.75399498982688,27.330525501324338
152.18016937907316,96.47568680615719,41.843919206941536,27.31379743871102
153.1134014450832,96.58595224864129,42.04431908859334,27.41502863870376
155.3505056281887,96.0052035896421,40.87713281710893,27.292712480139652
158.14533861030296,94.94585531515874,38.81468853256789,27.539598116020407
160.0431783041762,94.50293211064478,37.62955907157928,26.964949529931154
160.96004174233892,94.27549711626656,37.76314786908193,27.051808044078197
161.14904927671057,94.04839568340962,37.37651158451828,27.29675187658895
161.57914597461988,93.83104961668852,37.28990827659032,26.789488443624904
162.83229957976386,93.02687607819533,37.74458434266957,27.143982676373007
163.53107020118142,92.79390027526928,37.652173104717214,27.36979145995948
165.86215966296336,91.7591448093885,36.709232462403364,27.398225731564782
165.75968137930482,92.45113550764823,36.94913165667353,27.351890819420333
167.01882371410244,92.06630113659503,37.111282167742395,27.695915640628314
169.80516571837333,92.5229210266013,35.23891554201312,27.131674884053275
172.12838504923846,92.84508028583065,33.12351325723599,26.237066448602384
174.8739135760323,92.47910597133621,30.87596358890223,26.02307696723969
175.9702074365804,92.23269548992332,29.65192750354819,26.0001813773311
176.00135643239497,91.63117113845627,29.506965022172956,26.247244057315996
179.56079337392833,92.087537870499,26.689589552192132,26.078117160613303
180.32151195745723,91.09674860655362,25.83289390124765,25.9073290503205
180.97084227394618,91.11452667486009,24.817146476277593,26.18046584583645
181.57259051333452,90.8720373141987,24.22899881341884,26.579919054463915
181.99589469916884,90.75074209278831,23.99773925766816,26.736983984589394
183.01789992793576,89.82865008586225,23.293564920739804,26.354094329007914
184.08585556142287,87.33915923441602,21.537086331988256,26.70844987223241
185.82042407152449,88.88250670334061,19.51106454616001,25.539990713191827
186.40689345268189,86.74006446825045,18.39505632583739,24.758888550071372
186.86986970609448,87.8386815866561,17.772768980145006,24.123856766873345
188.33162595911,88.68362791401415,17.178396183586667,24.83810839926661
189.09911706652676,87.319707959952,16.81956142969061,25.34011822926592
188.37436675668602,86.30770257531792,16.482990272028363,24.557885102049713
188.15691136745033,84.74075467534414,17.093812000206732,25.868286944477738
187.3122782359653,83.29707021080003,17.80930049218076,26.94320164993315
186.25874872445698,82.24784154537758,18.397690386779423,27.792406661442087
186.34078183787125,81.92974513053024,19.452236830849277,28.8417846107657
184.87537658607766,81.54299381571725,20.367666475061476,28.490775521641655
182.31886854052996,80.63376398367251,21.768432810297483,27.060982317078814
182.14423395779684,80.48074598609284,22.59080073064656,25.908552736066284
182.02753764517868,80.84541594043215,23.119832393968814,25.82442309350094
180.88571531173176,80.57778876062889,23.789196360179055,26.078053612775435
180.51384809693081,79.10249380437699,24.15318530638251,26.61509219471283
179.58041587564102,78.43717868618648,24.486877141540198,26.93961891546884
178.24563570657241,78.40506127515123,25.119473063173515,26.911766945547157
175.86007863795123,77.42787712115586,26.540336956275286,27.466789855588683
172.74091633415986,78.11635827047763,29.397001102432252,27.320952434874826
172.49622908215596,78.55358322405871,30.489463985346266,27.633056482790774
169.18399566611203,77.43128057558295,32.27393447954355,26.707839086871203
166.79714786198102,76.70767855045024,34.0419538182743,26.22882701164836
165.13358202841957,76.68917190185213,34.45358865922533,25.197259681403153
163.4166343517217,76.31729005463887,34.12682574846088,25.501951720556228
163.6989481934134,76.30135419087206,33.75660266712825,25.369509178070324
161.49428538785622,76.3078754574183,33.913860712324656,25.4500335395091
162.25477197919037,76.12211995586864,34.277729448601704,25.785579576788106
160.95156294454412,75.81239731437925,34.37016283771839,25.8593018983411
159.8662003016577,75.161686747392,34.942476563432635,26.05401832040154
158.68081959459823,74.84586553855115,34.78018744044219,25.64992465409886
155.4467856052403,73.9373754884659,36.51648204269322,25.24077712975764
153.01817655572535,74.4395072454145,37.49013233166454,24.06926202894639
152.03686607339293,74.89208081290771,38.04136871380983,23.695860804604518
149.91577771583422,74.6154565405478,36.58818715256006,22.751421055867308
150.43205244778284,74.1365091882431,34.48696550848703,22.15458248410951
151.75430383755764,73.24481790524368,33.002763937433514,22.978965416319298
149.48664922325833,73.38014250883768,32.95266972364939,22.40430009585004
149.96153768858716,72.66405978675192,33.07749301271827,22.24849099168172
150.18630608467154,73.12589468447193,32.52824766342059,22.009360991163554
148.98051112827474,73.35502231826929,32.561038137737626,21.52186225433055
145.2518331583336,73.2741886056942,33.71855887254178,21.42628175467604
142.6287344743686,73.05731351614743,35.08047126732727,21.01786121843756
141.48184900701756,73.09734446916971,35.03315486072073,20.646615840713324
139.78134070279611,72.58309874288334,37.48657015080428,20.913464837231373
136.8134985200532,72.49946230306449,38.29819293181744,21.543628341869052
137.23744971256588,72.24040707952082,38.017063007729604,21.559396564835296
135.9393399406905,72.27051620983494,36.63026558370688,21.14033736182426
135.06002829731338,72.55851881539579,35.14209321616425,20.71284594464789
135.7230992956978,72.73783158476598,34.85305296500088,20.59958173403247
133.73085090472082,71.20301523332006,36.37950378748219,21.529627034580578
132.25459822128425,71.3840429365235,35.896881896054516,22.007194125732294
131.35639586750867,70.7868655871768,35.07953233114479,22.26175237667178
127.84546718073673,70.11419321821243,36.43610650156364,21.8467669144052
126.90786213850328,69.94985628644832,38.41574010897979,21.946124066507647
126.76525226125125,69.87676221438743,39.62652749043695,22.030414932797417
123.11089875230999,69.13980341249375,38.390213451190576,21.803008073694134
122.66769598707442,69.22009271666002,35.26161959201326,21.41607295901396
121.92249515102081,69.41398072209591,33.75244851021423,21.241210461325736
122.3722344940325,67.98371539295701,33.50465744626118,21.512858673314508
121.9847094892375,68.98007917720062,33.05155804178865,21.43181323373352
121.59379920905656,67.84097431550452,32.83899383652556,21.64498236874681
121.41382825109774,66.78386885349298,32.57015157275569,22.24132525077772
119.75630665716893,67.70657313496153,33.95482061510549,22.87977288901248
116.42665250010259,66.54589624036025,35.2875679551171,22.46830044530489
115.34788123861027,67.12468073745192,35.719097294507975,22.24213556489107
114.07983229739058,66.49153647017826,33.73271135126375,21.602372463696227
112.91810314627313,66.97333860257437,32.9936543947096,20.935093882497732
112.23421359129631,66.92191783549951,33.46539163454605,20.465753714987297
110.81658064501084,65.96468456854076,32.83059527125762,20.416833713260274
110.01846836409501,65.81077844629863,32.75489905672207,20.788297996318754
110.37597216560859,65.99103178979462,32.7175190171715,20.846744251221313
108.29553419367369,65.77043529380396,33.21240222422488,21.499195177772954
107.55571409075246,64.51664551864789,31.77265461268453,22.594062630917108
106.7973789734653,63.492902229418135,31.369113055266673,22.956475356837565
107.01600913656033,63.792320834135985,31.01276245808051,23.22948720746045
104.71983977050958,63.68255536884635,31.302656732174196,23.291669505227215
104.2006963721794,62.75634797891985,31.485123826686145,23.782908747970843
103.60533349517034,62.443671263972824,30.234901094376106,23.357732697884433
103.83051880881732,62.35239703872086,29.945281809855615,23.230542989208672
102.02211050370748,61.963733031171294,28.751276886872148,22.561841341221864
101.94954633726037,61.47703816727816,28.2007341382234,22.708319142738603
100.68181181353086,61.52901681849317,27.724919311170716,23.041808434546866
100.48610728521167,60.24972195377845,28.151942381480957,23.5791808177849
100.26628727230246,60.32106609916334,28.030821909252506,23.52047690201512
100.0078230446596,60.37368040734586,27.986989866491328,23.499232660650073
98.43349904436216,60.40981376515532,28.626780140035443,23.596941225792882
96.66028045542178,60.09654961166258,29.54973556742792,23.380245961001002
94.9928491807905,60.686565276242895,30.60164676171003,22.6740229204146
93.1614983566585,59.886567156517835,31.12132015069667,22.014390863966288
92.38385183869985,59.897550878684505,31.0347522246999,21.29680574385169
91.7285552881124,59.742045924877395,30.18420488398028,20.752568153907323
91.80603699108826,59.42461375212922,28.765279686036376,20.668690128798197
91.25432646461064,59.30945500533459,26.413355585183,20.270566765453864
90.45381467750262,58.65337763430446,24.895352975317017,20.739703929389126
91.23297987429962,58.16091708999483,24.047372618344134,20.90089454925838
89.82793424877248,58.720785509572885,23.755207094496058,21.574172236469465
89.39279833180521,57.188532909593064,23.62425822530561,22.334104377347067
89.42182056535171,57.421169148133316,23.566595227939175,22.66594341149704
89.11762074325604,56.44901688255316,22.84125463775549,22.245913836212036
88.35702682114506,56.16077930874087,22.916809547407155,22.526208258738954
87.7968990112218,56.38833272185174,22.36325230104275,22.869845634177388
85.65225984354142,55.13492790179129,22.573986019704268,23.133910828497495
86.23385374945687,55.60908209168118,22.448662892931953,22.816339753405217
85.24523758356841,54.14298532491809,22.32983351816592,21.374837913396245
84.41737754173772,54.477556983408526,22.42141328200308,20.8056778117474
83.34405264782063,53.8912906704689,23.11650209571615,21.10254668030244
83.13891185797368,54.26780395723101,23.12318870470694,21.259050746426645
82.97150976901816,53.633017395107686,23.194549889453917,21.308332732977995
82.09260725310298,53.0739283259859,23.800537599506917,21.802395880987195
80.93303713200851,53.09219950479064,24.376727402242736,21.913032173280047
79.96467861759095,53.0012367218474,24.748831088792702,21.220987707428254
77.98685911027697,52.47764497030136,25.423593943752714,21.29958905720001
77.19443550394082,52.134132594955744,25.443377679862486,20.970973549102183
76.98921029121414,52.07342142922246,25.28060880599945,20.851894476760158
76.14124899642435,52.791421315663825,24.480780968332926,20.125870900166483
75.61286931736406,52.05911733843828,23.742442975379305,19.36010928674649
76.45139007187242,51.844902387898564,21.67785111235868,19.02998663655639
75.07096429549404,51.04919255858722,21.0800219400178,19.73397801148767
74.69812600314876,50.86881395972317,21.132499366993496,20.310509745348583
74.75102398564084,50.308265503861946,21.243744417634343,20.66312826351635
73.65230322117056,50.14299501576681,20.84625339042256,20.459520069784745
72.82713636691275,49.776465187589324,21.18138629327411,20.773581007877993
72.04346973650021,48.31880957536897,21.209573130759328,21.196918355365582
72.24960863114468,48.85183052234585,20.7820594405915,21.208330074693066
71.73859254588058,47.75035899516057,21.1930534031119,21.088717587071436
73.35172636618825,48.59352893344258,19.840481136031705,20.26893197076133
72.30975472380872,47.05992166513779,19.871293317275125,19.921969566452926
70.66190914183898,46.73072113564636,20.297866744398206,19.9806162919397
70.64021321058384,47.07041797165705,20.42703588962335,20.00103646269175
70.5779102420768,46.7889904692342,20.774465923317116,20.394488391365584
68.90018839106466,45.625572968103285,21.75416957407184,20.856302641674283
68.14773905090081,45.20568542195582,22.223721269536274,20.570032506918444
66.73242074201521,45.50362817887353,22.512693763772326,20.098132283610365
67.45961557873585,45.887139581941234,22.55213953954977,19.858125163510106
65.59548643511857,45.4345395771133,23.407617980592917,19.823978859689415
64.49370784709552,45.65080861579567,24.002364731834348,19.58505192734421
63.180979279674446,45.097547832625736,24.019057218239,19.008818977082512
62.80660829023695,44.424005721115975,23.109397707856175,18.727729371977027
62.682206278572124,45.246069933853306,22.77877973411551,18.460119196014098
62.736023321636395,45.27815429226849,21.93534395120963,18.400215310726693
62.21956928375124,45.03693213221026,21.4399240850854,18.29171724803065
62.211652447891794,43.79825629661157,21.09095062789806,18.771792613075682
62.080299862623704,43.33077702280367,20.573565466402975,19.14570074565242
62.07049222918067,44.08616552162731,20.306544380749976,19.13709049605203
59.583964268791945,42.20006582905357,21.35428444459385,19.753253504246366
60.33725852695353,42.78706901738255,20.919625859911285,20.000168453272018
58.4454962994007,41.81873831530112,20.974482102126327,19.815232567395817
58.36394349120323,41.830472198981916,20.92638318971268,19.453111235581094
56.262337247370866,40.43444477291588,21.77789584827584,19.181315684881124
56.15554338516746,40.61876606915858,21.951658133229536,18.992917538196515
55.96075075378491,40.90533648484305,21.740230212400895,18.318938999308052
55.65406861418592,40.69884271579845,21.5888545013645,18.1939016350535
55.30054714850256,40.97201191614696,21.667029329703873,18.18038488962991
53.10973512082583,39.5112483665529,22.607262393846387,18.48339697416959
54.201402397852334,39.97940527523101,22.780869062937914,18.224329250563372
52.65077444246591,39.933144644159015,23.518775059159978,17.939805834972983
51.48833104360911,39.89753370568431,24.624232840760296,17.954448122078638
49.161018694323666,39.985518229079155,26.116923640405403,17.79070136532802
47.5098083801509,39.85785647784,26.579477630567347,17.88213021448601
47.52555119279667,39.323850198964536,26.726901307033614,17.83767023805726
47.223413346553755,39.20712344060521,25.615692380378825,17.455874120986852
46.244421067579346,39.44665083595713,24.906219357761227,17.583897882529094
45.34583786491181,39.56488187839321,23.64629500381896,17.760857428516324
46.35097589297327,39.74162301400486,22.918787197207756,17.891544163640674
45.33296375111039,39.78580740956316,22.974419024878827,17.4528640932272
44.30890133345715,38.94977079871705,23.15523428987281,17.61208178513426
44.75590797641567,39.55235043331962,23.3775845293464,17.701317962706472
43.02246104607704,39.2545183087026,24.631305477426004,17.485771579616284
42.50181181918922,39.10580948926827,25.340435352100073,17.4679655246373
39.736984531281074,39.230697524322515,25.348903099303087,17.143993592712388
38.97025754990619,38.360763789966725,25.133905829142705,16.995158668845853
37.61305982404224,38.065242540972434,25.20707355870264,16.472713923182077
36.01784737032011,38.36734770168401,26.44518218196719,15.985912354200345
36.06285225931065,39.06442083225821,27.059823282892363,15.75888798025898
36.16944385018534,39.01151090554087,26.354086390205495,15.49336994306866
35.78646324328654,38.88236765464356,26.254103695311688,15.43909540970703
34.35839223213151,38.309528229287245,27.814309133149102,15.569187407392306
32.5903849561215,38.19039587750054,28.565854080676928,15.512400536258681
32.686939546684236,38.52201830344369,28.800494533340512,15.532940169235669
30.30892957601132,38.384927751199406,29.690364572342595,15.616638180462514
28.455042527022297,38.07366009213329,30.159872679109704,15.646888342344749
27.581215227903535,37.829289776944066,29.491313288089415,16.059167180731006
27.83625113388129,37.312373961833316,29.292948019102653,15.926700898354854
27.769465121931493,37.85784057450128,28.789526634799124,16.069974826339237
26.491139451498775,38.22973501430683,27.216981808672376,16.0977847626461
26.841019896756055,38.18492266122081,26.480210725286717,15.921868392157982
26.47822673278739,37.997954076817706,24.765939570313886,15.940062152761069
26.529900081983683,38.27191618799791,24.13826273276115,16.637308523662384
25.29853639690525,37.69950489982969,23.68728618446099,17.08795537978398
25.486482136122692,36.796307229489386,23.2227716591511,17.502527905523177
25.27984825655645,36.906811321337265,23.28309599787343,17.807772468409457
25.718734079192366,36.437638782681745,23.05029810748441,17.929749442693144
25.569921691204147,36.11073718816078,22.12914236588272,18.25651100575851
25.44086061321408,36.38421936112215,21.626606257702697,18.385907743820148
26.067035780113372,35.19307774128328,21.217738895095522,18.694368962013513
26.14988403610665,35.15328858776447,21.232164758597246,18.760427981941763
26.422445119684163,35.95446739713229,20.728088734020343,18.63016203801081
25.29590140556709,36.34927566142177,19.8335702662584,17.896652076814664
26.397802917171184,36.464956773844364,19.033545319222085,17.7335347860515
27.065091318095618,36.43172786723673,18.592073070595873,17.681973495262863
28.10642243468326,38.04469398255977,18.292186716326842,17.214822697722255
27.63877679732009,39.89311616873042,17.717056238123494,16.860477104677827
28.16676121364013,40.85201821675372,17.496101748745136,17.332229893396864
28.087063891422584,41.73916181493864,17.103219781852097,17.323956796148117
27.00455917829295,42.396943371576555,16.383478841900423,17.49523297730588
27.407479431879565,41.60723178720353,15.959611601328756,17.530962603571457
28.382796385760948,43.68135088917334,15.392980379112867,17.15800058371387
27.203032867799763,43.53212244017495,15.274377074459071,17.271360740987983
27.832500333112243,44.19388943177337,15.246238957798948,18.117153540017714
28.04016662251668,44.717165219786764,15.037624823814296,18.074935460084678
27.12235070404863,44.07134811576073,15.135662056258216,18.187103420578154
27.21370342286709,45.362843585605795,14.882636489226755,18.32511315227474
27.061942990703674,45.156119150490646,14.314712651405152,18.03565064555191
27.387352446805167,46.644044260616695,14.539565125920918,17.96767548633496
26.7304226531275,46.68746209894982,14.306500122211794,18.14613674570387
27.063171979876497,47.555512922057154,14.336375003870051,18.21653076599311
26.68357620827434,48.31602288496221,14.321587360062654,18.11314389682363
27.416755962931255,49.16969834596422,14.030108832194134,17.540192388882108
27.847655878135026,49.87779595755808,13.845165996415497,17.323170139327207
28.252498750623232,49.12259760389878,13.553962459691034,17.521204175747357
28.632589367043174,49.49484502960267,13.349956458784742,17.638426548460664
28.383351022897138,49.878866594425645,13.36842216074869,17.637713588492453
28.391199345617714,50.539600770512266,13.211761007250903,17.749747433584844
29.61292947590232,50.77983069452519,12.789678310158255,18.327839373889084
29.03874363027025,51.09552364902572,13.062576978961452,18.397560490034497
28.31554941189747,52.47020833253009,13.085865897884748,18.421178488748403
27.687267103607667,52.53458778932008,13.434914034972167,18.85152449460203
28.407165907902012,52.90217110659606,13.76695938292644,18.790247020206316
27.807962782055714,52.9062161685638,13.979739413915917,18.583403539337233
27.64292669731753,54.08436752091066,14.39561175429072,19.237240299975554
29.215870342744797,54.00616416164418,13.454176978084625,19.282822433547572
29.513494252832306,54.81200925516663,13.220112324413511,19.132695356854242
29.407499070543867,54.9520320747402,13.110493191920078,19.254917173761783
28.87094209788358,54.3345122453517,13.192754781283618,19.400868392597374
28.853124970338328,54.96576420253709,13.280535947995215,19.1536232672891
29.51694212485576,56.07153484092032,13.898458279585356,18.597057881635912
29.6365630288347,57.22517323750205,14.152708598092321,18.847184652925588
29.536153576802555,57.02043301714226,14.165684179402705,18.93312535975845
29.716775777606806,58.40677194950743,14.432262653770762,19.71324290518436
30.39400647084834,58.5744410509367,14.388126889846294,20.83727054705238
29.61561629442413,58.68075661667068,14.747542435565801,20.382573985896926
30.137044793550004,59.08157905962745,14.625927197567965,19.908253013557598
30.18728764806965,58.7122399215142,14.564778646731794,19.679195999256756
31.35996047245864,59.316305655581566,14.252185988676471,19.41118904284078
31.463330208906697,59.45578200053379,13.757604718905359,19.73153292276055
31.954279592466044,61.15762557461437,13.437952655888228,18.88753815741188
31.615636176775652,61.84217625672317,13.125676498987755,18.170864466534123
32.01922295318445,63.02474838811838,13.53040174988109,17.811434620247617
32.35749526458451,63.86786202309514,13.235891428838798,17.39965193037222
32.76467436695564,64.54651708390958,13.41840517233872,17.846151928372265
32.8018116455195,64.46975089269864,13.339858154273504,18.06903932178045
32.93895456272956,64.49940404872598,13.041501580107274,18.689164925008996
32.77721047378728,66.37511777379514,13.213115215755524,18.549843798112846
32.9533512618308,66.90008682832078,13.594995016621604,18.699460132420935
32.89916687088374,67.1380115322038,13.436518095390726,18.939881171432237
32.6793504607742,67.78329550270466,13.926443884359792,18.80830218306724
33.122002807329295,68.1281971197954,14.091249054530856,18.587241319491213
32.56837216505317,67.69894018379874,14.267083337129991,19.135605045000183
33.677556363742326,69.43073898252422,14.270272556939181,19.247393494912515
34.15035806929508,68.55599234804028,14.204063677083672,19.767806563685077
34.60338415367934,70.67224506493072,14.410255160658899,20.825363080587778
35.03704254585512,70.65398160791031,14.333503867029993,21.259900248534844
34.75500669099671,70.16260655660875,14.606331069910883,21.709622702212183
35.518630726422565,70.92272355999411,14.64969304544589,22.1618847281563
35.85043306734741,71.46187351592577,14.718037216135256,22.03677085144924
35.39221758357917,72.2983949475389,15.068664655839708,21.402737082461258
35.92200981853709,72.87502668690121,14.984185471568402,21.248283418189757
36.424922014615646,73.402513532921,14.953466365055814,21.192119540603315
36.396396135575166,74.10822481811945,14.49853997372271,20.53932581542126
36.40730021225991,75.14499500290619,14.37448267484541,20.368411483445453
36.897682201696014,75.24244401372901,14.509998298023984,19.81847195789354
37.20841113419182,75.77947252944426,14.324361966235493,19.524779916697405
36.899795541915154,77.1222515129512,14.641353587800547,20.029293055640576
36.6331808541881,76.98410401200715,14.724463944699977,20.368866255770843
37.0501542655722,79.49839574023567,14.590041047713019,20.243305565427104
36.91658380658761,81.27583527589942,14.530491291854084,19.725505351521477
37.07962333896468,81.9130163318876,14.490888362353841,20.563325856732593
37.44142765997638,81.03964823528803,14.37419042589686,21.419673561162227
37.150926366673886,81.97077312143368,14.527595966603398,20.872334677542796
38.01278312183053,83.07452844578044,14.849658823477608,20.551603814005507
38.35469491122167,83.29964602585554,15.214136941472677,20.1415450454569
38.54358456372096,83.51848606520696,15.210197968505337,20.903259192828287
39.07654281837105,83.32016174937208,15.333002162330153,21.31371702859961
39.35240570381349,83.6635420456531,15.330379174648417,21.487521621584413
39.04507256968827,84.2404179419446,15.345542879422283,22.178107292380346
39.580084710134116,85.27516784456307,15.188551130268884,22.112536625326975
40.41131865321706,86.89409342149396,15.374960197227995,21.52704448025426
40.24069123083394,88.12204488648608,15.197553542970795,21.273557016578618
40.551630925959486,87.89771913808656,14.999212360727514,21.048883928416732
40.672297729859416,88.74838070859022,15.311398955564368,20.928592586725827
41.55010205065242,89.93907037488981,15.553654083509613,20.5118510104743
41.908788687247366,90.71024661947779,15.294403063737683,20.857720262020994
41.35457616859232,90.47641762076762,15.260539893039974,20.868018945476486
41.34688112531291,91.50700924602496,15.386754564559723,20.628727479629752
41.50205472758649,92.61450611676675,15.571837352688346,20.750891941271192
42.58265732617007,94.49811615389869,15.849452040775091,22.78991576349168
42.6816507890632,95.44153710368036,15.737509426512279,23.632054881994748
42.51658110915421,95.221770481997,15.549544233107593,24.362855520380993
42.20484439886584,96.41601521603327,15.666074904660906,23.53980336920298
42.106600895830944,96.78490919269058,15.871068685633038,23.12756930993134
42.25364446849477,95.29056793040371,15.897454257590537,23.124300845735554
42.69509389329188,95.92389337832293,16.50974126004709,23.2541343248971
44.35220810692278,97.69085556605476,17.031480850363423,22.749628894745946
44.348712155965295,97.1957246792829,16.868917088215895,22.593360516922488
44.3278771406827,99.69738636300046,17.470500754034987,21.57176474958501
44.53471385541547,100.49981183562758,17.60947777622961,21.632853135385453
45.83514439392292,101.986683798061,17.65344549560143,22.868208026436612
46.71856517433035,102.54992579033397,17.866233451388126,23.707483319234406
46.89931207378045,102.5828038879688,17.87036312660902,24.081905041445225
47.64493123072171,103.01154141117374,17.849881343488224,24.36894598624627
46.61084866109183,102.43268094865407,18.05313254231829,24.614122660797328
48.2091027698187,101.73695479169129,18.0418660240833,25.387525353140866
49.04987869533145,102.7028002731358,18.162041467979677,25.341538430779195
49.408200773247216,103.84007196273424,18.731385166152045,24.692796138008067
48.152265031714514,103.72243868884517,18.9540339319323,24.632240542231536
48.954135868633415,104.93345211918255,19.913135580848405,24.052956601478652
49.88033257254005,108.22788533614671,20.37565306170701,24.958062945870644
50.332345706240446,109.40561669232228,20.330246484247617,25.167991774046836
51.044716815735356,110.64460130635936,20.643266716429675,25.881260949293008
50.66815625384797,110.27261571189275,20.74970510094665,26.54819814164419
51.32040767158034,111.41478767724442,20.54819909165378,26.582434838382255
51.71924622161982,111.12950272079007,20.139766071164658,26.547459707345652
53.13356058209756,112.43092289992377,20.283969076283398,26.096703699664182
53.413834339379164,112.50548573006299,20.257112967970194,26.287292089678722
52.9713746500721,111.9892123282464,20.993632993556975,26.451491725343153
53.6942517554009,114.55042044817405,21.96924261346578,25.537586838026886
52.98033613737303,114.80626514327231,23.383234127841824,25.83126396394365
53.19219411001507,115.19012107226108,23.576583612245244,26.07810136133721
55.26191888186058,116.11741434903499,23.62270383173782,26.72599436101207
54.58265890992709,116.32209188191075,23.828582479218092,27.57259785238943
57.51131592128377,118.91266495567814,22.4753883295516,27.66781889235467
57.278546988239796,117.6518327149742,22.56050169612783,27.911369054914886
57.873721253809634,118.47060454818973,22.401296353464723,28.111716013483843
59.758069058565106,120.13184064002773,22.178796727840492,27.50691045578438
59.97077801729918,120.75842412719605,22.546286525216086,27.339154553225086
61.170419135957644,121.20723454427224,22.802094619930408,26.908544217119598
61.54570852547276,121.96017907561416,22.571779512775187,27.588202029435745
61.053095294908886,122.15279385296861,22.578139396754487,28.8990097672073
61.18426046379078,121.90567870150747,22.860021400299296,29.40344057061788
61.40108772720023,122.52693665546849,23.160421438910095,31.037328471289587
62.43048205525446,123.30748528876033,24.091180512293818,32.074162112909015
62.861017373839125,125.37958062333347,25.040740673464327,33.36020826016901
63.41219053943715,125.47727214143254,25.2903764589675,33.797317289400546
63.372613444258626,126.19215353313191,25.412857980867514,33.909317811665865
63.330886352414694,126.53918063823684,24.993031524906943,34.317802663956016
63.16596717398081,126.49771224017209,25.034677132751266,33.97974946985113
64.4290980344493,128.63589402881362,25.08288593183382,32.98416287010714
66.19026854997156,131.58790612198015,25.156804971590084,31.26078748748502
65.6761707500752,131.99666774922744,25.363116416109364,30.489116894123228
65.73335165010371,132.15176751327644,26.16975986507576,30.793938117978378
67.336676793239,133.64037980283348,26.677587117867716,31.95511075566118
68.17114451422891,134.34811230056295,26.846214236923043,33.08097419037799
70.79279251331276,137.1312740444066,25.664228053208465,33.18222272417504
71.52414715467694,137.4131870955155,25.06267904880042,33.44446168543387
71.62951510529186,137.6187281994466,24.857550752551063,33.244057578157566
72.49661819351364,137.96244765333364,24.845146333919985,33.30848787204367
72.95006503807,138.04812087528637,24.48447914627213,33.484812936927284
73.44162768578303,138.6364870423048,24.43214761305309,33.97598068833962
74.87293078940809,139.70070891912508,24.591124962931872,33.56869782337094
75.38215379190869,140.599229438061,24.742928896895513,33.53625181723737
75.65681699188663,142.4084751446498,25.371466571646664,32.933278592536325
76.3454405054582,143.80210174017458,26.358935120675397,33.26795838488523
76.66551352583146,144.70341128830685,27.263657549167164,33.2044826602027
77.38354570853625,145.52377418648098,28.15572581315213,32.80689040877635
76.90701930649621,145.81412034134527,28.742766043989988,33.36902799406725
78.06642908107487,148.2042453559176,29.389339561238927,34.84793323836008
77.25087174785878,148.37358966274303,30.125068485483606,35.137601558303025
78.99827623200407,149.1995023726339,30.27299023008365,35.45638771078691
78.91026884722481,150.66058414118876,31.120025507454663,35.46337761605999
80.73212755882682,150.67275988790894,31.628346658469397,36.25973535113527
80.02831581760141,150.93317278428978,32.03699247978741,36.46570094020948
81.22548506790213,152.22565499720156,32.56756547820943,36.4016563141906
82.98118058423037,154.3482999005146,34.01180188695916,36.344873587642674
84.89235066627172,154.88873232702036,34.297249808813966,36.06912348072488
84.03567811686861,154.59861457699225,35.65262371621397,36.37239670050768
86.77214062799659,156.17974480945136,35.02044271251267,36.66844922387073
90.2207435198473,159.40416393306663,33.78263023935814,36.33046607917924
92.08122288633741,160.89770067279034,33.095286618682586,34.87207912316933
92.09789305438098,161.69447991475062,32.824656853884534,33.85240369588941
92.49588530596125,161.1916338284986,33.63929857142711,34.12901566819809
94.71933835181461,162.1360841857052,34.221277367415695,34.07637288835524
96.7371919013064,163.6031885361141,34.94510701159619,34.20219226370932
98.25437758578315,164.34594006839,35.8758540508458,34.98953160638402
96.74478215905316,165.84322064815288,36.328211408212056,35.46115697029582
99.31947880796227,168.12920874738518,37.20697057621415,35.87315904331561
100.3327590674701,169.65931476776848,37.49121633161252,37.811939922470884
101.87232893634302,171.28311117254887,38.28388750695263,39.339661443964765
101.76143386316768,172.62265651930952,40.024766398420496,39.28149665376378
101.78735749474961,171.63770218809833,40.728946356936305,39.76638944704552
102.26451998743636,172.1456520362961,41.72155130320345,40.135148564126574
101.64295095897116,173.08924791893648,42.86051760720417,40.7881179316583
103.11427510739281,173.57643596245603,43.73528264043897,40.895635765517625
105.47433228449111,174.28494016650498,44.615845776476775,40.382878456052524
104.84668630540207,175.25439470714488,46.923353310826705,40.54258692848365
106.30207470885257,175.5108450553178,48.67190877931633,40.4085314469816
105.03935877532224,175.41663176057804,49.380781808486375,40.7044562054064
110.794906390557,177.09816860459532,47.71491668055593,41.03094245389532
112.66900717610858,178.35160060411943,47.68950868855431,41.11975106226896
112.5526787440527,179.18366402651742,47.8322760262989,40.87965070673076
117.3807238595186,180.5112577344306,47.441261478960854,41.93678934070915
122.16260154214949,182.39641672954303,45.64770875041781,40.83024393349205
126.31124525023682,182.84495363627258,43.850879097915026,41.143222610267344
128.97017671052132,184.30168789282675,43.73441693418196,40.75622809618245
129.58415525649608,185.3682095729957,44.58554614594339,41.412140424321066
129.97704719105093,185.71153959932087,44.182834176247724,41.56251650448323
131.24287394244837,187.37788328162074,45.779003549429454,40.92245609300851
133.39726069346528,190.7314818052805,46.00552362649719,40.693301648228015
134.74103975161267,189.32706692805297,47.2315397289524,40.16823858041748
134.79589386248196,190.7772990329623,47.98514327479194,39.75761201708322
140.6003740345225,192.6447086456364,46.498436348679604,38.576183294664695
140.21122065919016,192.5454193119362,48.34574334348491,39.16494445718226
142.312807560879,194.91882758390955,50.06378841217755,38.26708116030592
145.26661369797972,196.8363767353537,51.40297179227295,36.136038643550435
144.8502772607647,197.12241069174604,51.3719209118202,36.13399331377357
145.60019140087067,196.7767248483171,52.68276157692075,35.48417847719392
144.65423430812592,195.69546987234781,52.63626023506654,35.419118849054385
147.88723148317334,197.30639656793045,51.37534400997167,34.49211103894379
151.12360790131217,198.96288809128882,47.60245079283465,34.02380877835984
157.37332080316793,201.7138976284878,50.140958338732524,32.605514679547795
155.5463779307203,200.6003808623012,55.286268644174655,32.86608703028044
154.18137670574626,198.89669912386466,61.55251071814616,34.25947345637223
155.84314347835345,199.6283864404425,65.21330639656455,34.476427192357185
159.58181247589098,199.40184285725175,65.10605507141139,34.52904743979336
158.99073936117986,199.63685680280693,64.76079651567738,34.546583635597095
162.18438526936504,199.43810535683718,62.77339178426797,34.528665995309986
