347.0,58.0,103,251
342.7717734745097,56.505785777645045,100.25937053144929,244.62606272205366
342.4208584376424,61.51649601986483,99.30562199190275,241.18588003058284
335.6139175951583,59.74103136376908,98.88648365733972,239.8604055341806
335.24143854725673,60.768821371293214,96.13876597189275,238.64936897616357
330.0951353603382,59.92227706274778,93.5968996894799,236.9074600346607
330.7752910341236,61.5737949060197,91.51460347862778,235.3804863598356
324.5849051123554,64.81176827056318,89.6747332323205,234.4766221502799
321.76622997833476,65.91749286095063,87.71949316833044,233.35690880934874
310.4924087604677,71.74219148141668,89.95957945172086,228.85918393169788
306.4963213876269,74.763670244288,89.83877812318374,225.645266933299
289.34497719450195,84.3982658144598,90.85295332583989,217.8920670038929
285.2544551560012,87.31511759354305,90.08636556690388,213.90022135588265
282.4292774738336,85.79312849324376,89.46944798202026,213.8116922322625
280.25901249864194,82.48936870875772,90.35209219021615,213.6097025238908
262.2860505191871,81.28981798560507,101.30747659834462,215.1788479155086
232.99233352654525,85.16888221379797,121.22718597425325,213.7829020763103
212.12295045619192,87.51495114758161,140.69642086495995,212.09521977514927
203.1651537419168,84.08229071134181,154.67835950835385,212.12191760075387
197.2769863213676,84.34723608184233,161.6874824353898,212.74437060975285
209.126257049548,87.93511253590651,162.0854985962165,212.83869826803073
218.29763489581296,85.3333209433486,154.5230773763428,215.29911739064656
224.2428263917601,88.50768605463222,154.8455239742923,218.02631490245432
218.4698467817957,85.89147865781965,157.57855594812733,222.26983809451696
213.27423570344283,88.34866890652256,163.30199246030185,219.40745955023613
211.52877669846288,97.05744405898216,168.41351593901175,212.1659956710982
211.02549017624284,86.94117058018091,186.1013023623581,213.81950210135693
206.8341103261331,82.93973522071681,201.59343706257752,218.78666725387887
197.8736455035276,68.06464875459886,225.60628565310108,229.65842221736477
188.77300468412935,61.974091486592826,239.7630726629913,236.24151429243935
184.5185866856986,57.61332871553809,254.42883004657153,239.84902616267382
177.93746724303986,60.50244535126386,262.398686119389,236.43926212950353
181.59532023387277,62.50046693074967,258.11697671975446,232.93229367756317
186.3328673811157,60.536144596352784,254.96872568698737,234.23044518229443
218.13730845093696,59.78311310135108,228.3069260668761,235.1044891293291
248.34416367937433,60.473939022454374,198.2333645357826,233.61187537306
256.6080779906654,66.01479377234148,173.4680481202318,231.9207908732858
259.5542591371051,66.66539388376876,157.31292947969615,230.20656574808748
260.56747942890433,70.74450483703359,160.59154260703502,226.16864413452657
257.5308861677375,78.71935532124321,159.99303723483754,219.87427763876357
252.93393298576854,90.47422774674065,168.00011498549418,208.6545718502687
250.08886771423306,95.12815241182867,175.68847550903385,200.87016002009267
249.05859879598745,92.72690889662832,187.98528043536885,201.33054499971212
228.51177125405772,90.09101373660926,210.00392331219706,204.02506481193774
214.23014902390818,79.12254145165079,224.64309550687113,208.26187510451092
203.98830638907216,78.53428774364829,234.02680519060567,210.41335810645342
204.1509427159442,83.02710514064728,238.87011163842408,207.8437999726117
196.54330595863098,82.10669451259773,240.5714691374255,205.2938741583983
184.08948606599043,81.34251338284736,245.4530469109879,208.36215341008653
180.99965144703154,82.50478947422909,247.24941536765567,206.23016714529183
179.94546863196354,77.16202091373736,236.41741234544793,209.67992545768152
198.19540351632187,71.7919166615111,225.798829197825,215.67245329807156
211.4629205110489,68.97067954299624,218.6444714779022,221.61058183197628
227.33597869596218,68.02222199658365,209.82084045963816,223.7686663583952
248.23525797950577,69.51490018050941,193.02515054489473,223.86369329132492
287.5023460824218,69.40796258465505,169.91095724921894,224.17498059240864
319.1040257793254,68.55863652309179,146.0055714882242,223.41940908272267
336.4059256495923,67.56672514101524,124.25943776331536,222.57040713984452
356.0982808457026,69.22175465392705,107.00308430468849,221.1739223327709
356.80413246137357,68.93615370595855,103.15327072178414,223.98505342792666
356.1122692586615,68.08936979823393,105.80622320142695,224.51327700509464
360.0169443922281,63.048808330151275,106.38206580538758,225.1111846092287
365.06501508062036,60.76675750684899,107.78830479969673,228.16503234958327
366.0727349143326,55.01710491009577,105.82846815961597,229.83108558996472
357.87333371323314,51.20411028286341,101.62357183134617,232.96098109442943
350.83760199244836,48.783648718993305,101.12917833932208,236.19411613623214
337.6487908492976,45.21978735123501,97.75014779359225,237.70959521940497
334.0584006173034,46.029606854526335,90.71291067945573,237.97038834172858
325.48869744488627,45.54351846862738,85.93428723913377,240.56481853149523
317.86339805390776,42.04761106180018,84.83655838437204,245.21813236858713
303.40252143224586,41.837133217054,91.63007676441457,244.863575362767
298.0728359771449,40.740598745491525,95.72761906133519,245.89160524339195
276.8902077726644,43.07504020449517,108.73038767732749,244.30951431757217
266.0881952836321,45.5390727363731,118.16381939367328,243.5572305038163
235.12540786592126,50.81370070681109,138.01328338925123,240.36234468012782
233.6988654988341,54.41618365623762,143.5863388265506,236.2198177461185
223.1852105776008,59.716733668928015,148.68274046589212,229.99603705667522
210.44891192048982,62.12739635515311,158.0040926629266,225.43496559047503
204.3972602383203,68.09716818724276,162.83334817570315,220.24658159426448
211.4619085804603,68.19272150469018,157.98676633517317,219.83989878749463
240.21315995722694,69.77879850543587,139.31647793710863,221.2683917586595
258.40925374464473,64.52718538220819,124.33932942477304,224.17780696995862
261.337578885071,59.21248852424546,120.90675140954546,229.39893652572783
260.57582557723435,53.46008932031438,117.96639083771879,234.35679889843374
270.3801473525583,51.9538896074783,112.34810373238342,236.62231111707464
275.4979336788072,49.241206629805035,113.50993098222933,240.03717902554618
281.87245372992174,47.42883259062671,122.8210715440627,240.35168540468408
281.3826769032437,50.320093203784864,127.58431660366887,240.11591710805527
282.92377550696966,62.90003568520416,137.4300979118419,230.51584659834168
281.15005433815736,68.76153199714827,145.37188839399772,225.34979977523471
283.6871351024513,74.70338489860043,152.46343731462872,218.95162864029913
282.2579647291463,78.52353203380758,154.62200999483244,213.80767226050983
279.52987407777346,85.56369748868558,166.09033729367187,207.9040381280976
277.45772854858853,88.48277874431412,173.653146418448,204.18452796059051
278.51175860854744,94.54535445713739,185.28312340790518,200.31053620291271
277.0064308923935,97.9891675290539,191.7846235667755,197.2291844731422
275.60140909790556,98.26011801564664,194.4232804370014,197.41793535542547
274.50667523980746,96.3193595598755,193.78932286022882,197.072706661499
272.3370289245299,95.32587283842557,192.184279553284,197.34678947939886
271.0116681260702,94.89088923273147,190.16446892364084,198.28767954234957
269.4084919783576,91.75433239709974,185.94278166828488,199.93048315501926
266.8922963982861,88.48691924829316,182.09834177374032,200.60898621044493
261.561184218625,84.56610597124137,177.07013644556253,202.249807100486
263.130184722878,81.88771412151215,166.68775067143147,203.06642966713196
256.88511060745634,73.8988857803156,151.83536960539976,205.96510685733756
260.9843968172517,72.29174953023478,137.40773224440284,210.5153168574992
254.56168894623244,62.180869350288646,126.59463968566014,217.7752241900477
254.34286334895626,58.88267974256287,119.12683433724376,224.89394227268676
255.3690024194102,55.466993787007254,113.26712211430461,232.40115646895424
254.25146875080333,51.98217875900397,111.35277538901838,236.53991494292956
251.90696854787436,55.0273636597223,108.05801114643879,232.57069992664916
254.7811419717628,56.532777221859305,102.94595580256816,229.81414526331264
265.3074686202264,60.36515442732947,91.10839039626593,225.97660032502856
271.248010611284,58.54953924265543,82.8063469414946,223.5634581357829
274.39487915528196,60.906434068135766,75.21744383787355,219.29424856294722
280.38594381176176,62.23761697348226,73.24703327491397,217.43779095537923
287.3025109415908,63.784419477456495,71.61311776525592,215.36567032243076
286.78590058343553,63.89922063236399,70.94443418469147,214.20326771964702
292.70910681709825,62.815629199617206,71.53912279158477,212.5946937492031
294.9461828849552,61.71440243989427,71.6270434097771,212.42629765927396
296.3606516584456,59.27683140249344,76.6074930698276,215.86455008563811
300.06027084297324,59.778301982595906,79.109804993741,217.3907837301207
306.22430711348005,53.87877522984971,82.12413967928987,224.45295979420683
306.7746153818944,50.249523591702655,85.46969013464864,230.0844489103447
311.29634896625333,50.50832695047731,89.9522239424933,233.77546035685788
313.5136404758057,52.97205570986941,93.76269707573236,234.07364981072993
315.0589531794078,55.1888048326053,96.70326063337194,235.00343281525815
317.76851882950854,57.957953033281996,95.83863372770169,233.24711883577976
321.29296987114105,62.24796563449246,93.27001728896789,228.63620984429633
324.9037680429994,62.89371803723225,90.12996391400122,226.904092245848
329.70272380726874,67.92747441265374,84.2486661549938,224.56674306922378
329.88011526813625,64.94560586039566,81.13808489341505,227.22023847452118
327.9057970114941,66.80672019438694,80.76604269576177,226.69442093935112
327.3079188722618,67.45969927325737,82.11011440391395,227.588841199579
318.878440822436,61.58286596426416,87.80323798403421,230.75003955584668
315.87281953554,58.41208671145853,89.6264922765763,235.47306778802044
310.527878848096,45.16730230493164,93.17727453037051,245.36052478466797
305.9508918258584,37.830886527142965,94.53791361390822,251.43460145743282
291.13087425158835,33.265275240076704,97.87350540307325,255.5021643635966
285.24357038659423,36.81039749745827,97.96689975415526,256.13616301289596
284.5379291024167,47.52952760671559,95.3906945295416,249.89602291156882
290.3117812975853,47.39269811365645,94.66794131107946,244.51800953440585
280.84002907698425,49.227322679426976,99.81408247103145,242.38593081302105
283.7401136744173,52.66827080978152,98.18877899882175,239.1105408999682
279.3242011560896,51.01627451264366,103.58310403547704,239.61131083799393
278.797575397862,52.97112271660312,107.6884185402135,238.97779851210626
280.8163257402129,46.66160183872363,112.79923328519918,241.11930120536525
277.32470160851483,42.23882209727512,115.23920762281404,244.71229721169976
277.22541578134235,36.288145925572394,114.46109470684661,246.9516622504177
275.28596627499337,39.19695639769981,111.77181745001332,247.22132157960039
278.8456075512833,42.63106614045077,108.71735423337088,240.81098783628596
279.29380185145556,44.35389207161553,100.08311162912011,235.84079984114393
283.202286027146,54.834382521552214,96.09902901992683,225.46191122642682
282.7455356781461,52.12231964407184,95.07899700308282,224.85588561420008
288.9505110645463,56.05473711040713,93.23142415996989,220.6250838846545
285.1343110094709,59.061945690196126,93.00298442637072,219.35193869773275
289.6628040475954,60.41106897472085,91.00819317434048,215.54096019508955
293.0130586339411,65.19094369325498,89.55664640399277,210.2401218908338
298.08950749228023,69.3390696022075,91.53924673418955,202.02614546355375
300.39520886596017,62.60276990307861,91.73802465089214,201.80916966649903
303.6294673440071,55.5496506966352,89.88584070261088,207.28381628251086
304.20924206381187,54.18294881607797,85.57870825518873,211.90564777800031
303.6091948131553,40.6547150422367,84.78734767837693,222.80537704443284
303.2455797004354,38.64362125777251,84.81047634131664,226.86717642976748
305.7945504881905,34.476094912174304,86.33979306658773,227.6794019725264
306.9830205897066,35.82384941103096,85.66628303933686,225.22382217403182
319.32650830609026,40.01183006303398,83.64971776281945,221.75343948330703
320.2078782918437,38.86409434733059,86.66535913896882,218.47585183268257
321.8311139227368,48.02427922806079,94.82855584593264,213.09932972747217
321.82368445334464,50.994848017274506,98.88626146440441,212.01207398498224
318.6386625666326,54.06592963687689,95.05678131204733,208.57840683952747
318.73708905971654,52.467725201703146,92.03638096259816,206.03287235049996
322.30410713374596,56.66020633220137,93.5194102442268,198.7868261051285
325.05878597380195,55.17134967839627,94.07920539614605,196.3031136314887
322.33601774005945,53.69537386871784,93.63393375816241,198.13854913756433
317.9457557974356,57.24827786740198,93.4136641863788,200.17116887457104
308.70526005285893,53.55627863175617,94.37689444506337,200.35155406461266
311.4171448848061,59.867906605104594,96.63537575773162,198.7615012429158
328.3957014587663,62.37644141503253,100.70285977777988,194.3069926582162
329.45258343741085,62.53337844633154,99.27513097674077,191.66310150577442
323.2348488089787,63.13373944907852,100.45352015548012,190.0565567463742
321.63771558636785,59.44067967533874,95.84444187413926,191.26994680166626
325.6321558464611,57.325144279499625,97.5539866469215,192.57615187068825
337.94914944742345,53.18859355363837,100.24665960124679,197.2666727560045
336.2100767915683,57.0327981664737,104.09724143639457,197.5269329639276
343.7222269201582,63.71921389523692,107.75830494874606,186.4601928149949
337.52599398248105,65.17803933108388,113.08338801160038,180.13793989251974
310.80697320933734,69.70412141339004,114.1742005539815,174.08357846228242
318.8824101249527,75.26144289498271,119.35993560946967,171.20660639753459
300.77380743558905,70.65306048833295,117.77410143741567,170.3418282420841
295.3745087880573,75.40321523454705,115.94782080279165,168.8280910152809
295.62495752485694,73.69235478754814,114.03695018466111,169.11791493662247
290.0256546547711,76.98899042819984,113.96352223342657,169.13462900688157
303.44441795608134,69.53507623031591,108.31923293549357,172.19406873077443
313.14136689346634,65.1351344945023,100.96702207244232,176.08208696802666
322.35132211790767,63.88924089900398,97.61376201418466,176.33980433480454
337.6870427672675,62.23913779987015,93.09973038343372,177.56707352135345
345.15466094529603,60.65150239545437,81.21930359768919,176.91281552159126
346.2304539553186,58.557731060483974,74.78356840772216,175.78892630676643
343.12290827710666,50.87138302164766,76.65909067234915,179.1171277555328
343.3990372667364,52.528844281355106,75.87212199973027,181.91396060721166
343.09693626018475,56.383676746925545,76.19128983314619,183.08259157450829
346.95507253021697,60.04173937353926,75.01810811339418,183.03587550096836
341.08186540884776,61.05140397334807,80.0623434010545,180.62531094978823
332.1778042861667,61.415186346956574,86.764356027276,180.45231163225873
327.8986039598425,60.95576304225247,94.93573275414312,182.10089456979193
332.6128148295826,65.56085915171377,96.77556052638167,182.09120283915058
338.2992816191522,61.92637900035355,94.2313012636487,181.68969195046478
341.6620835051353,62.15216749510785,90.16359544090129,182.14631808595618
343.2922966629636,62.338916946015274,88.67483660571334,182.39507260211008
345.4185416921676,60.477087169068085,86.54209752386795,184.12276047631696
347.19976108669886,58.87950007711822,81.95335258246168,188.18664803912293
342.96969859449695,55.28089811950957,82.68294778170925,189.19769472777773
333.8719500395921,56.049024245669614,80.55465338761263,190.39300985827015
332.19034901491494,56.15247515371118,80.91175192134202,193.99158899921827
333.85913888846477,60.03921468557061,83.28108135392986,193.6365669667494
336.14089430401947,62.18538087231974,83.11295626500794,193.88732541356364
331.011368218566,68.08146876848653,89.04370033044613,187.8544880001363
327.57086571096687,69.00751646424595,93.87453444720687,186.06385501096122
328.1882686335051,74.91685141068064,94.5704536997866,181.8167793563731
325.8714663899219,80.10325886758409,95.65742732757806,177.19231649334745
316.72736943332046,78.58058442058388,99.52429555718717,173.41015073891037
320.20024759284024,81.44302754614847,100.8027824022102,169.08034505418743
321.59149800683747,87.8611549172143,100.021319171872,162.2892563276808
324.41557581771997,87.80616040448456,100.15447458526316,159.66682347814026
328.66828837338045,87.71048950015079,100.39373941534845,155.9242053258703
332.0728649410519,88.71531232110925,100.32182993234939,152.59290441051587
335.14931788242194,88.30464737978349,101.92356272148429,150.99925626582365
337.4916151642409,89.43755258401228,101.53175380237761,150.0364854081473
344.7584750552042,86.35083014216059,98.74461605170102,155.76995836802257
350.2971546683357,83.26975793766746,94.23445653246924,160.03262767935257
351.3227556076991,78.67702971832507,87.72826808147681,162.25577332702173
352.29821813324025,79.30651836756104,82.03893971008195,160.88427771800292
351.8778565221478,78.24327683912641,78.16329330336072,159.30687283541906
347.77699025087736,76.61190449703454,77.43390401972962,158.72681356452466
348.9160398693833,74.6929886194533,74.74482455810835,160.42112114976527
347.9398108586856,76.55060576532169,74.9575059681757,159.12547303966912
349.30621298045526,73.27239364237202,78.14968951760508,161.5250979691622
349.1892395903085,74.09744865569442,76.83035260649237,162.49769912415803
343.54792394446366,76.18526771345576,70.76078052904143,163.37568039340098
344.3777727722327,77.96692105014601,69.9253626586596,161.62664373955172
343.2403756860964,77.01898200564013,66.3334270946041,160.09817490473537
341.6790778800884,79.73192689232206,64.27969214021381,156.04206662551212
336.12076831856444,80.80078864603948,64.46695945662111,153.78657578409292
332.495840217632,79.06842302283154,65.52168626395479,155.0370736320713
324.6198540067226,79.30109537674358,66.82987206467972,154.75169108245035
322.5080776043564,78.99659126045285,66.56984332644346,155.32642807479743
323.33710762952717,80.59357959467812,65.35221296360189,156.32809959970626
327.13611342898827,81.35888624036431,63.30956025139848,156.9297189743495
315.17532983833854,82.08059197811943,61.102038077229125,157.79191052618302
316.8175824538614,83.95565720630506,60.40755970165216,156.48285062645238
307.4108339087698,85.48607311673541,66.84654507308537,158.10750464543543
310.1947961453713,81.11307086695238,67.47191893972611,160.05492516062648
296.64520298250795,79.35169624114914,67.8915093181872,166.5845408673111
296.02993532400103,79.34848717579143,67.79929072895109,168.67662183982338
302.68354647073784,83.97731503581544,69.9344512479774,167.68321782875975
299.6624522648923,84.50976002838287,70.33378687646544,167.24222921081238
302.87001123538334,84.58309497340016,70.28350658196769,167.1830837348403
303.076096763839,79.79455692805564,72.05883552505637,168.60696158334184
309.95148141817174,89.07562328505936,75.2770603570159,165.78387305878752
311.75697881653684,92.16698370646661,83.54811512083259,162.77098253823866
301.20715081451306,89.50412865024944,95.37433362488017,165.54496535575112
300.2767787238495,94.24983202930534,96.30075163433231,166.74350000388932
304.98083658569277,95.5372375237279,92.60918864502074,170.34550786270046
301.96175998119656,93.92168640326081,95.6692534751069,171.65540649035339
294.4974091639309,91.51064480404617,100.58605325416949,170.55689642706392
268.3886153559969,89.15094029729478,105.52196362394378,163.11364674916044
235.71980100093828,90.68541643506555,120.07339848640473,159.3694015048689
220.18315000680136,97.94121455404616,131.7928796738973,154.9160328059702
198.33517669042135,102.98650250897963,144.64550355275108,150.93568638829075
187.625372069746,107.26470385141342,152.57103320425801,144.31971339092317
177.31612308378985,105.54191487891441,163.60402092226406,142.16189778123368
173.71918715265173,108.26388175691014,171.96293184704027,139.19422134946097
169.17120806672045,108.82219320068165,173.60912195249657,140.6711653564492
171.98330805795962,110.7910178623751,172.6062598606433,142.1296341971248
170.74183285536978,106.58056636807345,156.67612432832294,146.99163825994685
183.88819249876718,105.28440617893875,146.40708668215314,149.42636586477875
196.36111473778124,105.65808126702473,127.40423536818754,151.28955035657555
211.2927301391686,102.97326554885491,110.77116813963153,153.11218472260268
239.24984588970813,97.29057128533793,100.83417052527128,160.96890625744913
232.15447519031113,94.15315318554205,97.55768780297151,165.70986794532215
234.28187296246324,98.27464226867835,90.44144206335474,162.3482984704558
237.684682533654,102.69601839466678,88.64583268659821,158.98171198996332
245.0265750924508,104.2503951045233,99.24384688541089,157.94534626556276
248.34603580235165,104.87808194266307,112.71277458670293,156.85537786272073
249.4057091242862,108.0504665752651,129.74400167330262,154.16093818736041
243.6446164204221,105.6545854423174,139.6192144247808,155.03814967200583
240.388155375039,102.65124001765048,139.87102811710955,155.22013349008967
245.50680561017924,106.73938401019765,137.59002647495402,152.26448759483907
250.08052434993073,104.17874493831775,123.90230579232605,153.23403234016138
260.37264724365497,103.51340428622879,110.92407807128384,153.32685964043304
278.3543504814704,99.67309421352165,95.68308370502785,154.82712089912857
276.98520370842004,98.1928183097728,84.64708525894116,156.2387530288919
293.5635767664846,93.56483699843949,75.6009348459371,159.38265510468352
300.4501122973213,88.29749084540623,67.84553346199795,163.0182385240313
304.52028315281575,82.47944573862347,63.22731699514976,168.97540417704994
307.13856083499195,79.9806209634082,60.27637564446924,173.23526075873048
309.9416800079245,78.18420326641473,57.75711239626038,175.82669234412367
307.005671746217,76.71076167720172,58.92051075561285,179.2987220069247
300.21765843305127,78.4912880358028,64.2894450967881,179.72512656511316
297.07024584721006,80.20521341862117,67.68955591300171,177.59173991080453
291.0553882878687,91.12252056326064,72.33478006488761,171.5854947621506
288.5313227103859,97.17440230936164,78.24726058508756,166.47324738322985
287.05893795299295,105.61917557290961,85.5225049533891,158.5280367936339
280.01842454960365,109.26561704970229,93.06810085196454,154.4224707345798
270.5589065052789,113.5424059034248,102.54771433319218,151.8633998630723
257.68346067429445,114.88623357644201,113.36986454008301,151.6112303568816
248.86176317605447,112.5609289943522,126.83467066937544,153.08886588824873
242.35219666582628,110.35604567690984,133.33457761561303,155.19614228875844
241.0205265129901,109.6257748211124,143.7905204603479,157.25104435191582
237.58941876068494,107.75295242987382,148.709559695427,158.059677415643
229.02206025970992,104.83590528303164,154.3217547247208,163.72018772495235
230.4369582991843,99.0922236953196,160.24543764967825,167.66336144725142
230.48886688837297,100.77140033587389,162.72059996348847,170.58235191614284
227.3182987840907,99.0759258341742,164.54318148455297,172.53592298985473
235.40718145504485,102.92225728340557,164.5944200488947,172.72326497420448
235.70707421549116,102.35446310476306,164.26587476237708,172.8783845814895
242.5328250619565,95.74338141482404,164.11766896788393,173.7735826293363
237.9423896579038,96.02222374385778,166.1319137994268,175.32838576423757
230.20878495495,96.7639222145276,167.64959927955312,174.58809185024168
224.60460819928778,97.02480408809444,167.28574820103384,174.4997997827955
229.43870872588548,89.57853762142902,160.06322585877592,176.19042841925133
233.0190684197087,89.34384920888887,151.22239172503572,176.91395563495664
238.9032202536983,88.49671769763793,139.50779899455657,176.52283047386476
239.58252084691188,95.07614621177973,128.93594097219187,171.91176397292492
253.31195959560387,89.3039970173916,114.21522265449538,175.32202915857619
258.5918204962,83.45583443671673,103.18327184939692,181.95115461289467
267.90899169039915,78.49739718133674,93.08054567193614,188.25462580334215
274.5923873014784,75.10971869669208,89.5667817935275,191.21259996013146
275.3664241054712,75.97631516163392,80.66018767772947,190.47141142477903
277.76253877770193,75.82847052372875,80.62577083326804,190.59162462637062
283.79132617421396,82.57427712160907,80.5915725050877,185.04123457514123
284.1037488619922,84.16374635352884,83.52373396546876,181.9813146659892
290.9076638292819,79.88284140895934,86.46198557385809,181.8976167426282
296.9566322448654,89.09598384396163,84.8146713012849,176.43233040777986
298.51600524298567,90.44224746465267,88.73767335191923,175.81127533436654
298.0410744825423,91.06759416521716,92.82376534155601,175.45462490198756
292.6548451073892,96.57847017731302,95.3801596387373,168.73933039732708
300.52443956269536,96.45573046335136,102.21396877499994,163.90784449321916
298.8112499345958,102.75144163473621,109.40109021869893,164.46547000201195
297.4687922979061,102.80781280803593,113.69129113660975,162.77063537025626
299.75910097794576,110.08989206562721,117.38282953824908,155.19494121054245
288.0777576200125,102.78520628416703,112.89035267989686,163.1132727344003
273.4740235678093,103.27247092531417,108.26792576477204,170.59357743648104
264.9589015687843,109.13520808755695,98.95722738000944,171.11785897137048
260.18620534211993,104.95712641315725,92.94146260677581,178.07656138266987
267.9994718679708,105.41110581687411,85.82872350038656,181.3140493525799
264.34764328695337,104.74558990498949,86.55749052570262,183.33673156697415
240.96802777253993,101.68291905829099,99.30198156429518,185.3377446470899
229.36213592578812,100.18855558482937,115.826814574205,188.11919620338813
213.44131964143628,104.6453541764499,135.90605700618997,188.72085780920958
205.70980166550365,104.84662399815204,150.7592296768052,189.3743484392428
197.33742420068853,104.68405435064832,165.55580345409166,189.83455853503148
192.5279010759529,106.1467457052133,173.8801109340317,188.03948588449526
190.25540015757613,109.2974982808845,184.90198044656648,186.83734596752788
188.40771056449668,108.69794470172259,190.6149377577254,186.78126513757044
185.7342624323784,111.11857556093449,186.2625542368057,184.11493017695915
189.2117961908892,104.00668336482586,180.85430068462784,186.07363888558265
184.6192984972932,86.21812886677793,169.73418132572613,198.42729817464726
190.3766573069342,81.94943430012376,159.40018880410037,205.10909648764311
205.782522773716,79.40168546467442,141.16798667913048,209.81268742026054
220.74385716481012,74.20989492123405,132.116350611786,216.69993061651627
222.39584893462276,70.74964696463203,121.57762586122323,221.5255778969078
233.77610471239518,69.58922861713798,123.08396000880337,224.43326761923967
214.22970922220875,63.660767010937946,116.22002491495749,231.68795694492098
199.83231938804664,60.14989389607965,129.53976796218797,233.67863628010633
221.69280674008843,70.10839783557523,127.04920097294816,229.46072508080266
227.14552016992204,72.29319129768498,124.70725067578093,225.2141239964269
235.23823842847193,74.20386625343744,119.89681415868114,221.0794195927345
230.56757577062837,73.53405625631711,126.51517804858699,218.87069974322515
226.60535244353827,75.32513282048829,136.15324774964222,216.96841722035154
225.5598371359452,75.4054255512317,145.92359965389085,217.90768527448972
235.91678401528574,75.94727815918105,148.94072396161602,217.93756648437227
239.09673636462102,74.36974512498472,151.1795131106017,219.29453684963994
239.3979778692952,74.27396472489195,150.86096564812834,218.94520409513797
244.91859916137543,73.87523687250871,148.42329972412415,221.5181114600607
256.4005471778729,68.2194000078515,135.65190857394168,227.97907718156262
275.00404626026636,65.65866481246964,120.43300855368602,230.98616768951385
288.8793710403289,63.58386405989012,109.01695372012341,233.5160182181104
288.92487162383134,64.41613947643711,108.47075235780602,233.5448267600164
301.88350867821964,66.36833806582776,105.88648606152947,229.8259764562351
299.27617140286566,68.55647736741341,110.67171725286238,230.39690244290756
298.6162625136104,70.06992829717456,113.35011657434163,228.76660702869776
277.86751966445166,69.56664240260973,128.1388620382842,227.67222666938991
291.23667711912384,71.17415342307284,128.70376978518985,226.83385257768245
289.41835477594464,71.293616595198,143.15053410045442,226.68605172171337
280.72640782463765,67.42822115099676,175.39600026869343,225.2757903640221
279.4634733712619,65.81825914838382,200.42778958560115,222.9509145645605
264.4486805096667,59.875969947712164,171.96103741816663,226.95884501668505
278.07469240199845,55.13980294448692,149.75021236397185,232.8073386911043
285.9075617063528,49.06656934968029,134.10260119666947,238.09613986509254
293.8697807020799,46.66338453781452,117.29516759974646,239.30290011382408
286.32604394559945,50.37162415748227,110.64356640567613,236.19367185105108
287.27917564220206,49.8939753078258,111.92260574684592,236.52714337848903
281.82614505050526,52.83114133064096,123.08879876617702,232.7668250047337
278.39216690468544,54.983324334914855,130.2517990031291,231.44189014852967
268.01562288754167,45.7582404969054,121.90765803351036,240.27291719954857
272.03726153570653,42.06222999982617,116.33087243639946,244.32057784214453
262.8421652035147,35.69162637253305,126.00847965156433,246.18092572173077
258.40912140917203,33.95530728649538,119.2869207558747,246.6479486594311
254.9774338559286,35.46874303617864,106.65585006158028,246.3066240350646
259.2732429649215,37.57966654605292,98.28670498812569,245.39929117547229
266.6705596802947,35.640512914255524,97.72540895972318,244.70612627109833
260.5790098202493,36.41432367219882,99.29400672668888,243.99798229427424
255.169810973094,36.07087955360436,103.65116174521827,244.43938713302566
254.0550083385446,36.80892162250262,105.11038127212956,244.12797584679163
257.21443138378277,39.378339809428354,104.27981643165327,241.68457404325267
259.81999156268444,42.304367297651,104.27194314416236,238.60522414493238
267.26508322672066,47.79917254871407,93.98661821452737,231.80750817405624
268.2640818685011,52.450152926112324,89.09842317706028,224.08532036847848
264.9079929978478,61.95776096736162,102.54589144571062,219.22971121957363
243.0443670230735,64.37180688997826,120.38312874682173,214.9553913469966
209.7769231718398,68.24279414163031,143.93095590241415,210.3054578593175
195.9741099185036,70.85068020856043,165.34670203799283,207.01082830358226
180.49980968520566,73.32049983803512,184.52772437958865,206.0580054508829
177.42788136767055,80.72735267713193,180.15735982325265,201.68363082737676
176.97367026918926,72.16813523528997,169.031785438184,206.66821561340444
187.45516256196007,63.871440703296315,157.00562946592362,213.15076483364174
193.82279739940503,49.29681925943912,144.98032072853366,223.7005814518249
198.09681402953262,51.2448696196103,130.8016722339035,226.47940748929503
197.90063425881004,55.7316919980649,112.96844583784866,226.70534769332332
205.46299994738445,57.27237445311721,100.55562852319989,227.0625814160312
205.5769192792274,62.311031934789156,91.44729669545143,223.78757358159356
206.54184527229918,66.675795177575,87.00670252180788,220.52148703742813
205.74546572180864,68.92163965707927,85.24893672044522,218.71711497295084
204.8998568266673,68.44350778225015,85.39450021385287,218.82456280464032
198.04453830542582,56.860551888249944,94.18881645555462,227.91430271764074
189.39135644788968,57.94539075040257,107.37365917453317,226.30974950505424
166.1708813712281,58.919346610480375,123.47922114426258,225.77767030442988
144.6579192654889,64.6718830620005,135.82380990652217,223.31141576076462
117.78727139708306,70.59297456203933,157.90848943239638,220.0553533661557
104.46543369801117,76.22393601660434,177.45987967429016,217.5599099492132
102.58484532233362,78.9527799394333,191.43248220689526,212.88670696683653
98.71790334498529,81.85526155440004,200.34825092721692,209.7529473501843
96.22112695389237,90.58583925635345,196.42456738127777,198.78721430955872
100.92120324322477,90.34699197327632,192.77563550573797,197.371354188213
112.49311841971206,90.25758929817684,179.67001316057588,198.4230233079432
126.30970959337809,89.20988629344833,166.14113989527507,199.3476529502127
154.12478649377607,83.3503063448461,147.0330808210416,203.55973276929217
175.23481166073498,77.59658537853022,127.21848703009253,207.57700136208018
193.91228546637274,70.92343333415833,108.51936217272326,212.45894998207396
202.45255588864435,69.75119772876124,95.59043265630504,214.2876130873994
210.06125108165938,75.5760653761785,93.69604031715001,210.68072447225236
211.36479008892587,83.2268327028263,96.11087392371076,205.64359411583177
216.99454690859966,87.58230802291894,97.3122367492069,199.907863202209
211.54893150176775,92.1523849374685,97.56101150818327,192.82581484185988
213.12534507740588,100.58642282822747,103.07621414206326,185.3105832986232
215.00625612820116,103.76866113955438,107.7571410639102,182.1210944689381
209.13443702957238,105.34826956650133,110.38517867523024,179.31612566191922
206.86555080164624,101.66983723338849,115.0893940021763,180.7879805625199
198.93007795628284,105.00471419857665,125.55177035696559,180.34460602667482
190.0125219737671,105.7267220515036,135.2267871071533,178.76417674660217
176.71780360466664,104.45934817453714,147.70123361097922,179.61111932475384
175.96032851096018,109.0223687148754,153.1267672944859,178.36160412298358
167.7124403926075,107.78920025596099,164.27690144134752,179.3694449470624
166.93940560851706,112.29483460233334,166.22098126343462,178.03389646916145
171.48904760496254,112.80284277225275,166.11815723148118,178.17541186760388
184.18344642189254,110.55378085054762,169.96178147262117,180.82179010554538
173.16913977637512,108.52426980154374,158.08341234178098,184.50605634417815
179.13762999001744,103.12699823972102,165.97016238324633,188.7800916553236
173.9578378524364,90.99765040340174,156.04459040840845,199.18588205452465
178.4556617970559,92.33992639655531,152.19316859338818,200.08122508774875
195.0245242183029,86.5161665454948,142.4083490243317,206.66435270002603
203.29182045402058,80.56717441128846,135.4751969825838,214.0841875543762
224.60715044565683,76.51939593730123,139.92272303446757,221.76330163125692
223.21044562171363,76.277316331603,137.3397288737602,225.17586660437212
236.5248090155688,76.45375093030165,133.31201526964364,227.79681332494357
239.55122427113878,78.23208986468754,127.87777606709744,228.2209704171093
241.1582354685615,84.05304790908141,116.48156373084579,226.68122717988405
242.7609985028814,85.36624680452832,110.37882086533098,226.10243681086524
247.04503557095177,88.86723420543024,109.70594936590898,225.56390195046765
251.35338732734164,87.31915988587274,112.99708276719171,227.3332073278639
256.2300491373985,84.43451013582683,118.72349547520302,230.39883251154947
