142.0,125.0,91,40
138.76376287845756,124.76536286349159,91.02316394035049,40.03442930231368
134.70955441554042,125.14674374858622,91.06741765817694,39.78448491493693
129.26414560871146,125.25546408556353,91.40511942710835,39.97356889918544
125.98879469670294,125.35270372846237,91.28855440542223,39.92841212315338
120.88684178342533,123.58423743230504,91.37045095463372,39.99491624867116
116.4726810234113,123.93234789758878,91.74670033110709,39.975666753650565
111.78699997519595,122.62123825965247,92.09154265214715,40.082352582257556
106.66446906216134,122.70640829601612,92.03672349677106,40.02599566382712
100.71102478446251,121.3040330058351,92.0672845375203,40.04195840239231
95.48147489910353,121.06406215185328,92.19316287269137,40.07356637012157
91.3673400144209,119.90645752241173,92.2771607914707,40.02134398837967
85.55630932867537,119.60866952230579,92.49910619616489,40.10944318195093
82.14362647299625,119.44070852179274,92.48951097002313,40.03710102282076
76.15090015767245,117.24418422559485,92.68315451863947,40.12332588474779
71.81912953285538,117.88595628449153,92.71562277022674,40.12737942320443
67.10622421866591,116.43118009473835,92.71687285173067,40.19180851169517
62.38796333704096,115.82797495290973,92.30439559154308,40.03881327777431
55.75648726291063,116.1235430177315,92.43484041558499,40.28431655242761
50.87025017970164,115.46310341433812,92.45639905465922,40.15023970452688
43.821130824785065,114.92837113382453,92.77770600179706,40.206398601491564
40.5768375129227,114.13632364738064,92.53338246927179,40.07909831070748
34.06742859443308,114.46720370355641,92.25219725449321,40.12485772960594
26.106973883865805,112.79578015349273,92.78972960043245,40.31633764223329
19.604410801817117,114.24611459336299,93.04740398230327,40.18880108671153
13.822245040739674,114.49046306797678,93.6152145083644,40.273559948030815
8.301347616314793,115.45942789365716,94.11422371268291,40.20599162479503
3.4666899102033426,116.91262979111124,93.72106964248394,40.48797283965252
1.695113438927926,117.94105499685124,89.55011125690977,40.68393004536002
-0.07069145725333215,119.89996479922118,86.16202805610823,41.25069906366701
-3.4717593742927235,121.24348753952633,81.52103339702295,41.37960206938484
-3.490905203615256,121.81837961389112,77.20054514844145,41.87314372631933
-4.462273458517423,123.60436387221053,72.35376139457391,41.16802701632113
-5.048056137645396,124.69989428081452,66.0699434520486,41.37398463173033
-4.088516173471142,125.9111721332935,60.94107043287978,41.20689157325674
-2.089452476936426,126.01657481676904,57.73783439723223,41.40735634790724
-1.8064596977970595,126.78856116383784,56.774204795984744,41.31512010396494
-1.9524029641219087,127.47093820846044,55.017949849142255,41.483157152415075
-1.6205109013652397,126.95970722107846,54.45891731054298,41.23958213987434
-0.768240572654669,126.49342577573485,54.5493137869109,41.37629236942873
-0.9545171960604399,125.38281776395644,53.860358855011505,42.013768158610546
-0.6741281765002185,125.43810968908232,54.33626294479731,41.788072003671275
-0.2946629897414965,124.57961153086045,55.788254812490806,41.45759822734161
-2.100632538729524,123.76957392050778,57.37289593683405,41.55142833085942
-1.1034657934563654,122.00503066207254,59.158256049803356,41.86016267487835
-1.6636141687972028,120.89867214745698,61.478046208688156,42.54472723828917
-2.241821771241945,119.42324764570009,63.92335606689795,42.478150704693576
-2.4961926046889857,117.7091043112292,66.72102290469047,42.08775756406504
-2.055314310800618,117.26050359673474,69.67906429054655,42.35275684461647
-1.6657871361004197,115.58687813515063,72.23420793919303,41.93433699141749
-1.806904552749863,115.12461428856842,74.08318471585129,41.801186461925646
-2.15918809043103,113.4420431703995,75.97686922285425,42.02060726271661
-0.9179728511376624,111.7949603560474,78.02593288489251,41.91989068927238
-0.9914488314548606,111.8848837914254,79.48881807306597,41.57894152359453
0.7363426917036904,109.65492837499713,81.6087812913973,41.9219700322323
3.934565134261291,109.12267964131723,83.45182310061804,41.21309103474833
5.195774918673564,107.68651691175059,86.13783859038725,41.21336144017071
6.739667778811231,106.82341979502505,90.47153114159629,40.59579041483272
8.231176660696356,105.85736081773267,93.52556171766979,40.64692692410497
13.780641058994554,104.07996277323579,94.22414879021402,40.11960021036434
21.841673908789822,103.73188136489452,92.64059627421723,40.13903573212504
24.711849112822478,103.10761274681235,92.92350026068317,40.201263153836244
32.425767787706434,103.28395408161732,91.54281256911838,39.66565812094503
35.52396299844363,102.87148538368152,91.98390383709712,39.81112163986353
40.309003789399966,102.77890463549402,92.10699852471569,39.53659685694166
47.76384551030017,103.45587878965928,91.84914003408716,39.4742440075955
50.89141122078376,103.84887392730232,92.85713117171373,39.31130060730942
55.26277326435507,104.20619251655492,93.48507358847736,39.597792579194845
55.91404042573237,105.43756637239528,93.15684346494152,39.999272162436
57.15682390384989,107.36891789848386,92.70380824698772,40.06637868057133
56.744522956654066,108.77327341937155,92.31896800270749,40.59043131067098
57.15023041436119,110.37669606523372,92.5603484974495,40.677867024806
57.40871522447888,111.88171935475621,93.10426144557348,40.72116517232351
58.771643694734024,113.66666919283395,94.78755367498508,41.903859490308655
59.590770990486405,116.20650887058872,96.70523780418344,44.63780928518975
59.63944096006976,116.52273560713914,98.3578673474386,47.30671689607327
59.494937204063895,116.52619399888609,99.85033555280971,49.298365786407516
59.02435856117475,116.23237267977296,100.73161735030675,52.67809216486815
59.64908770516745,119.18141613461319,103.83216516583697,58.00009802862519
59.57889218802915,120.7045709495382,106.73427495011357,63.640006660493924
58.929513299408725,122.99222365567105,108.6454289675888,68.87039582830633
59.53248792481138,124.40982180475336,108.90136326170537,72.40437067271982
58.81864588808152,124.99389630477336,107.40955270625884,73.9272006765861
56.89942550741655,125.84638521870542,106.90424346758877,75.07131342489384
54.34223032721189,124.88382954816254,107.32823465807623,73.72310933629213
53.67727068402826,125.64219851545445,107.73267787022473,73.30591974155202
51.95945005219284,126.5621944669337,107.67732181944244,73.28852915695289
51.54021873036625,126.35403720589264,108.17307206075188,72.83060661848818
49.12901584380535,128.06654018750845,108.37261406434243,72.83525763767842
47.099948338443944,130.29017449034507,107.28942217076836,73.47719191286453
47.8399120631431,130.31108846570922,105.74495004363567,72.93658466526124
47.23108156550974,131.72488821695651,105.15392573616802,73.50705645182916
44.93179463873675,131.44583819839448,106.36904622057338,73.94067528778137
43.64374723260622,135.04703896480436,106.09043522228755,73.96135725105532
40.79344603165338,135.1939815201605,106.93855959684949,74.47560812667119
39.33935985904887,135.33103591300994,109.40648536002726,74.43154084487855
37.13666139917953,135.0699130526612,110.36986567820344,73.87141962221668
40.09492798568935,137.56555834172667,110.23427732940254,74.40139979603887
39.344757317599516,138.2080917522737,112.23001051128534,73.82626339486666
39.46800175265801,138.2504091195913,114.32760733452773,74.07768823054397
39.95659497199483,141.59193740519473,114.39967626694784,75.15174225504022
43.918846353127556,141.24731202246073,113.40125993046364,74.97371396777382
46.322702112665716,142.48653973847036,112.09788190748107,74.62758275450457
49.90460405648182,141.1645109589689,110.36300258039573,74.64749480569505
53.27494038142824,142.96375655212063,109.06868002815915,74.03285982056343
59.55373335783635,143.67305206248093,107.3159951983898,72.02958252054593
63.81478356085522,145.35604031930325,106.54221632555519,68.18759282330754
69.9402014572847,149.2094058651254,105.06020987839935,65.49352652658514
76.15407429168698,146.41735751828708,103.84211997131354,62.527452321824285
82.46214366195414,147.10491909023642,100.73705911163859,58.47755500800371
87.44405128827134,146.99152332266326,98.35863204259795,53.448243027525066
93.21638264262086,147.41822789693603,97.62094565225827,48.39216664265139
97.95292953499305,150.6787360510191,96.76223175032641,47.69338544190714
101.15559989478821,150.4536626323086,96.84669815964233,49.302254203156224
107.69248286340923,150.85438321801468,96.90934579661906,45.60023930127532
111.62962361624643,153.51512659790853,95.61807210344463,47.79202768797199
113.98254740164668,152.97092722590227,96.5331656947535,46.72173502573452
120.04821135621889,154.34626249749772,96.36100526607785,45.64849368176236
124.46093853638588,154.88678962662254,95.90780432371261,45.148677216481445
128.80784260761766,156.4052016966383,96.39273763632721,43.889715625278114
132.70334481258985,155.6120540098516,97.01735212286718,42.87936182892962
136.39541087612344,156.71504660917378,96.54920510322191,41.883368085363394
140.51684535396936,157.7652869470318,96.88879464362378,41.60258955808484
144.89801198895586,158.11350110011296,96.14535175451017,41.96417516793815
150.14688125488212,159.86494140584978,95.00100677734515,41.01903381427701
152.4473834748403,160.34266048010366,96.39948353860062,40.058621300534874
158.11729227693354,160.66585473060863,96.17175699886727,40.00055067061868
162.19004691417678,161.1793065013103,96.56109879859955,39.930068027652865
164.80211593943966,162.69336145601287,97.7576150449488,40.42298472957584
168.7694997883975,164.22610603652006,99.98810003258002,43.052624963092676
169.0994343895656,163.14679996878948,101.55946251969694,45.96840872941324
174.87771455233263,162.0458205293927,103.7406341277566,44.42241228594115
177.4463492199649,165.50317806791665,104.11831840577332,46.79181586123701
180.6382457823816,164.85730291054443,106.89043958758057,48.10291432051271
185.63528218740618,165.1330622030516,109.32758015643766,49.26001389956085
187.79339691350444,167.53050435992532,111.86901671986612,50.81599018151657
190.7830342684303,167.52802772145765,113.76101886548312,51.14827500142065
195.13017260912954,168.16264424807838,114.46139550439716,51.24864033685107
194.87743920298072,167.2853579764987,115.29404127177293,49.00846190344796
197.94328411451437,167.18941558867266,112.4829080893306,46.34930297792815
199.5038015014792,170.21661430747088,109.20482985836972,43.53510939775357
201.82357957893524,168.84020490773418,111.04302638900454,42.69793185933631
205.31911539491156,169.99954150386037,106.73362589963001,41.32292321786521
207.43702666489781,171.30048803186696,103.36135926786064,39.97756092357079
210.63658312617986,172.51163912576325,103.05880396248403,39.78658197796568
211.7862918681458,174.12153723062423,99.83415454495837,38.583112672540594
213.01189858965412,174.64468057036495,99.44666180506675,38.00936017274665
215.30330410893134,175.59580108086215,99.37105291494984,38.95746094862726
211.75167220239794,174.9110749412534,100.12501252879787,38.935555805969784
211.89707892673408,177.7988258794797,98.95083726371934,39.39284201545469
211.3388693192677,178.90548927572596,99.48388245521461,40.048533777649666
208.5456048857747,178.83960479416706,99.92124140032558,40.315770270064306
207.38152804748788,179.77143687144869,100.00891656127426,41.56273233620419
204.88460904113333,180.96362060937565,101.24875677124894,42.61916075878776
202.98975495977308,182.02653995713763,103.02171078357884,45.14728324490443
203.86660498089913,181.31792488582687,100.52219164952984,45.961943807447796
204.51130559873312,182.84943808250827,98.73184436894003,47.868399835960005
203.4425642464443,184.62867995076982,98.58853483718948,47.683115562327515
204.74732968729387,185.96513335206697,95.51147465861536,46.21302858395198
202.03973159359353,187.67766169725442,95.28223114875043,45.199867645530226
204.48446608423637,188.60069768864173,92.51297090769916,44.484990731115005
204.4696868597046,191.2333494069835,89.09819341926263,42.73165018505644
201.82430562291162,191.49945697662739,90.49814778737989,42.07208519225302
199.54309219604522,192.2586651087537,92.98275481689393,41.280475568625405
196.98121574154945,194.75215796224336,94.91174454229173,40.51431505695858
195.66280590774852,194.3776574569204,96.87253881926858,39.95484438791705
194.61538566068347,195.8949738682541,97.39343522160179,38.72026039337456
193.62917804143586,195.90741186458922,96.96491051869077,38.214091676095016
191.11908502058387,195.3362786808353,95.78673230258225,38.464512340477825
191.10011059571528,194.62838192058464,94.3626145019288,38.624904249651046
191.28979081803828,193.98515240640555,95.90302334439215,39.18766943035296
188.21177398186828,192.9636960596064,95.76502015149781,38.99745834465439
188.60265726425678,192.47607542681575,94.89273845000204,39.43229433679819
185.51096909803616,191.21079810475274,93.71487821017769,39.8514903383461
185.60592906091645,189.5456132391635,91.79223123363586,40.040502647649596
183.53036418612527,188.81931392364686,91.13183754571824,41.031828085323454
183.17188733935973,186.93508894695353,91.3334103798743,41.05650362464764
182.11158888158678,186.16349964893243,91.82751193409206,41.25529135154923
180.49348441781547,184.07003455268608,92.50750748272844,41.158469102635635
180.74319856954153,182.99874294771945,91.89614070271381,41.57790778131889
178.35342569250025,181.43451858765962,91.73586712085884,41.967281794407334
179.69663815209057,179.45894694008774,91.95755377394386,43.0591721598636
177.41662766437537,177.4199897879867,92.97173734703053,43.61679227461255
177.3802880509478,175.44530697150284,92.9301282438075,44.36477240953336
174.41883434295593,173.84491064361123,93.94278785705689,44.835401491097876
171.38270911378015,172.63327704071781,95.0767753759553,45.360780513290905
170.3969129869923,168.58250229696512,96.12505830335913,47.15404142657759
168.82266243925275,165.7595135902235,96.95327741641637,48.3333440353733
167.9686935053097,165.95676820256597,96.174032667115,47.9048382286571
168.8544730056659,163.48055953383343,95.03784964296506,49.05870209932533
166.09530057288202,161.5408842782369,95.09437199876717,49.35849328434651
166.32078741361528,161.33750455806967,93.63268664737879,48.300042763743505
168.31194923662036,160.59946333705722,91.87790206386866,48.629762901080895
168.60803963195457,157.94872266789864,90.16474959351271,49.77429233510119
168.06030903235225,156.61709976453525,90.1039913102955,49.79477691135919
166.23206830441046,153.60778626169048,90.37024449469467,51.576282335017495
165.27438875629514,152.64879633125543,91.25966364951907,52.148742176356365
165.3345744824139,151.1018373176237,91.19379659181283,51.75758329932291
161.4191926218393,152.95914534093393,94.09597144577452,51.07418673512433
156.2160487525035,151.6850275754392,95.5836190477274,50.7847452641607
152.70070185493978,151.89983182749506,96.47515268660479,49.9107397873927
147.71092411884044,152.64594708044834,97.95196157677225,48.84813574632988
143.3100285721302,152.8248318523251,99.38696189870835,47.213449698670104
141.18328358515865,151.81714737086364,99.69513937265145,46.29736114206178
140.4718852686023,150.29390604801068,98.49104391592041,45.53476175651768
142.75697407496142,150.5710593395109,95.69427328562404,45.32737900164226
142.57029725473961,148.05903274959797,93.34146115458327,45.3292153845931
144.1234508016282,147.4568406268863,92.91511621900922,45.00439430775084
142.2715148647867,146.75649480892503,90.36972051456722,44.194636724923406
145.64798291693032,146.82527853152422,88.38768895129562,43.48181293206873
144.7511763639613,146.2210286831172,88.8631257877024,43.36612439646091
141.6683247127512,145.99771758291007,91.3585410041851,42.73556764179702
140.00305203762915,146.26469290451118,91.17703191106982,42.80464434234485
136.2766604808419,143.92093642397256,95.33037654808179,43.23193391475021
134.98352629972183,145.78282345792545,99.09917054508757,42.787548274578796
126.15338829644836,144.94861168444734,99.8000654481189,42.94913588403501
125.24015281523525,144.34683693863153,98.266642611717,42.503484936213496
121.86285897335662,145.2187944434968,95.10289533453677,41.63734702609234
122.05133075122603,142.54309425511946,94.86877404442292,42.00528793019075
122.4761036804905,142.18690523912036,93.90139981675337,41.55100946804835
121.08440202505227,142.0909573903976,93.04732143817671,41.08482411080637
121.51354681071241,141.81291648558295,92.0644896305283,41.33780533449819
122.01552416431564,141.08005659686168,90.91954371238435,41.8551608541282
121.1829924771312,141.86029040167753,89.98829361019074,41.588730109730896
121.46672628674469,141.0469660862248,90.15874103002625,41.6080484183707
117.49060649421985,141.75241666600476,91.30214272445093,40.881046184592066
119.47826559136656,141.64687716856645,90.08518634656375,40.345360042749945
116.64081457620183,142.83026760710476,91.1998314188854,39.220797183251406
113.38952700374216,142.36257878273597,94.46244684700787,38.923752956989006
109.10703925937828,141.85039337272144,96.24473800956375,39.18265136490866
108.86997346034553,142.5494055203554,94.905332009973,38.23293029229699
105.67395554970557,143.4741708157004,93.05218960859668,37.527045941841365
104.69914287370962,142.04115312408706,92.22822487269795,37.8689724383493
103.71075354839651,142.00679614096552,93.52064683387104,38.45636316240491
101.7321079021225,142.24968082100014,94.46420521626283,38.085889212491914
100.12584650015351,141.8554112241957,95.70364452410703,38.1179891971164
95.65984914277749,142.04496470030423,96.8313484673747,38.09654826052436
93.74018665939454,141.29462775335318,94.65987021148437,39.45159227161397
91.25003367132209,141.6482002799576,92.78788126575427,39.39654682778015
92.8753680329535,141.74982603315578,92.64185731788204,39.426968417086854
94.5328403503311,141.31617294119445,92.79789046632997,39.70122650530641
95.47781904358514,141.27788447983312,93.99829562865003,40.11514473662281
96.07573022893155,139.55399899730975,95.62412853139472,40.734943289560164
99.03727715418378,139.77339654203715,96.62211622385898,40.881658454011635
101.01006776337809,137.68198929520088,96.8902801226579,40.51079252776229
105.55857136607294,138.04989447337115,96.53527731179943,40.834033685093615
108.78908354277134,136.92880748471373,96.92731081973076,40.95807411748658
112.74408795119348,135.4760741582371,96.41464087007398,41.08561718645549
116.1679099728589,134.6606717566567,96.55982519588377,41.14134874742879
120.3242679864116,133.80968450404984,96.61164163948148,41.12753345772065
122.79727674148513,132.8783308688286,96.41126011566254,41.014532720350594
127.08074789850542,131.28010084196325,95.84852922740322,40.82869907290944
130.08111975169032,130.6992586597377,95.52225451517404,40.71169691392303
133.48646465702734,129.59159565934632,95.1870285716875,40.86861227017453
137.84104724260823,129.1789209909097,94.84071740443201,40.671409116813436
141.00703160574028,128.29262192829896,95.10942616840222,40.34921964437864
142.10620899642873,127.7729601063469,96.13516196319719,40.14827839570464
148.17062930487796,127.2418211164705,95.01312676622065,40.35844455905118
149.70696261579204,126.58454909805033,94.89703363072063,40.149795236516525
156.22174114840925,125.39192834426777,94.14964209282992,39.836794556581665
158.5057209936933,125.79316570583507,94.52763577140246,39.96742530219707
161.1130182075428,124.38039765985215,95.00106014253157,40.19695309338162
166.36251429107952,123.129820056045,94.1928028387394,40.418750390839676
167.76274991057338,121.87987322026149,94.13296270326732,40.83960353506296
171.9107407374563,121.28145193932642,94.44779037567334,41.140327932870605
173.20253714010425,120.66159408607332,95.15191729693994,41.19266570968929
175.24395232214408,119.53350161779986,95.87383546801651,41.48122979662685
175.3186975289484,120.15660217441494,95.2274578473766,41.17063659355293
177.27098629656993,120.0622595445995,95.10608343713358,41.17966487076194
178.82843014648617,120.63666290535431,94.8873139013636,40.948582758627325
178.81192620401993,121.49822025178155,94.79526075113986,41.11749687436659
180.39478837864496,120.95079110339094,95.07021023001477,41.01685956567904
181.04181177171841,122.93360215001564,94.95737682277414,40.680082687273405
177.30751287829585,122.26366149141978,94.88132739282236,41.037145400949484
178.1135153946433,123.50528868188078,94.18732162770561,40.9928558637775
173.95233844715554,124.830926440336,94.38278343283736,40.66122146014831
173.63855882395654,126.20893403782911,94.03500088236035,40.870965542505836
169.9989856667515,128.74393835829503,95.26513596630166,40.71407335665215
166.06107732939682,130.07124270326543,95.9277263226517,40.601792547570696
166.8497270144952,132.5213296400951,95.4044735833143,40.57655763875511
160.2162698116041,133.49770236742893,96.58953984456522,40.8577294204156
161.7443026826852,135.46311832146978,95.89654172935619,40.941881643193234
157.39384174039697,138.2041241874549,95.8533229889326,40.68075614169172
156.18807294978038,139.27055188591777,95.46472018930645,40.95375401625041
149.25460390117937,142.7224558714517,95.97823421424283,41.185413574479384
150.4320249328412,143.9340269038212,94.63773541263794,41.021335230443526
145.5929499601674,145.8242631397564,94.98544102204801,40.57799044412002
143.19570127918857,146.9883215258683,94.90374819845879,40.77309754884939
141.8400183923231,147.3372352897916,94.71637129640854,40.936415040533966
140.55296230887825,148.66688860683306,94.34330939103256,40.93686792793543
138.8315561009545,147.20871655782378,95.20146604516133,41.22741856892274
137.37982448463683,147.02378288525176,95.25614387740603,41.36925857031676
133.80430425777655,145.80101898662733,95.79661914557968,41.38287108436255
131.2370942228214,144.5734351812777,95.43015420572436,41.40087438842118
130.52689894662126,144.06899084175544,95.18254549054657,41.45972034285633
128.30374758113823,142.14858354768265,94.35055842659072,41.20571681576753
126.05897608423108,140.52696429566686,94.89835947704566,41.75693871823661
124.38915645361752,139.14078074840896,94.7341230058509,41.56150185767425
122.15277779786939,137.72065451743367,93.5111405712534,41.51277726884358
122.12096781623006,136.18514971314352,92.98900614000081,41.58348170164266
116.8524132096588,135.0912134356072,93.5353621793152,41.51424366101221
115.70455260383878,132.24495034530773,93.90643129134588,41.60053815215798
114.09751176833626,131.11030500218783,94.02612209321028,41.674180645038376
111.66202265067288,129.01828543216257,93.36136424455268,42.20532671868269
112.07765114921986,127.47610864625955,93.26820539198998,42.65390758541058
108.15739580449392,127.07345369561942,94.25684840566062,42.470783648800214
108.13619841075264,126.64645649240546,93.74910281228378,42.72486350444687
105.50685794428091,125.93674100332709,94.596589897571,42.97318242205677
108.0898791651314,126.65209203897479,94.32315609844812,42.91467273357387
107.40941697704146,126.58819441326787,94.17651211525302,43.376788053347084
109.67369016309064,126.99641372413843,93.70680363377966,43.21217438277782
109.61137359085629,127.49693157045178,93.59608521574837,43.043353045619895
111.24327044555145,128.05467399079242,93.65977563721742,42.815410929547966
111.29586169772466,128.23197281317255,93.46178917779287,42.96996855822519
111.75565622635183,128.16572030405962,93.41832927092915,43.34389813699795
114.01089811465476,127.67468285837334,93.11789798455767,43.196303838917366
116.23915978597105,126.84059363610993,94.21136243489384,43.36078965649109
118.14998478349094,126.94055826426525,94.54504691251032,43.56854472635232
121.22101971015704,126.24496880350455,95.1037827232406,44.26148146037373
125.03750101431463,125.21217380144246,95.99138896258168,44.89591912074789
127.07662603821714,124.19985543358001,96.6955485827454,44.95256879592593
131.48487459032373,123.29423037420375,95.95574215236033,44.79180353381908
133.34647846984086,122.76505223398752,96.57921408082609,44.217103173626526
135.68490720096005,122.8851013458348,96.63346623772833,43.6741790221976
138.6817043245091,120.8952857580752,96.41840592617712,43.83917396724803
141.3487985950968,118.9807607898228,96.2969859396892,44.093547390080985
145.48893763988434,115.04260104066005,95.42372078956726,44.06666864621897
148.04533461094593,112.80696888390631,95.42347567556911,44.09051474683582
149.8759801950771,111.03858156389119,95.35285223191616,44.008026691553574
151.9804735248006,107.38376541846324,94.33914755489099,43.10180815233133
154.12479647958418,106.85101687678159,93.36934930157385,42.68210626108525
154.3313571913336,105.3109550942901,94.45937118862183,42.183219816302625
155.14372141480544,105.14092897214877,94.17454752683442,42.130510830116506
156.1091513127526,104.09109482444171,94.48145018211198,42.25483732865565
159.21535720369934,104.71892601254734,93.4898941131091,42.196135401663135
158.1968652197446,106.20695203587614,93.951041899378,42.07286655813052
159.64405240732725,107.4037460925415,93.4587976511658,41.94313342526856
159.62551528364196,107.80897892901979,93.12453400791142,41.89289114098385
160.1312618138549,108.45026610732282,93.89319231467297,42.01464417695594
161.4195203210574,109.43157614937415,94.14852344479922,42.537100997150134
161.3890968811303,108.69321463354865,94.22804708246593,43.03509478075425
161.79109122042001,110.39502524565982,93.84361406794906,42.87753678895378
162.9142539951925,110.96078073306631,92.25665131137282,42.89537884148454
166.10251050086097,112.21244425104828,89.79655065355149,42.649955858255005
163.8755512311091,113.90917994235839,91.35505293328958,42.49974009086916
167.27874964123248,114.7830532651495,90.12861216773032,42.00541141403693
168.8746695078247,115.18010506756258,89.59802731735842,42.20712690100764
168.82790477980214,115.4696341680937,89.48626502535666,42.70622421752354
165.65779264278925,117.94006230025042,92.73032841071057,41.63591238680384
162.18010564893098,118.31461784250826,95.43704517186461,41.55998855814756
163.92600340635255,119.26328609363182,94.51577578006834,41.488549272697306
165.7620403767817,120.12091579727254,94.34141302085068,41.04382819549397
167.5652343523152,119.6513176137227,94.25974430806488,40.44802090048429
166.936276896741,120.00443292045762,95.14555838913522,40.03759717178007
167.24945145972478,120.70642785665413,95.29987942918324,39.65731945759018
167.25269403588155,121.12138797435728,93.69381541944784,40.329047171402635
166.80717107848392,122.69632070054135,93.33391528932123,40.74751057645636
169.3850052816081,122.19021175882907,92.15340557447911,41.03569891886531
167.16356344337382,122.77757343554201,92.7417055107133,41.26145774317379
168.16020816056712,122.73959341827612,93.08291925015482,41.92454546325246
169.2951784917485,121.7994624099765,93.65962775771396,42.515104110711064
169.92870249622672,121.54226674653047,94.5263688112575,42.96998616025937
169.20805099744956,120.95080783595876,95.63640349826491,43.17954582710592
171.20121483619937,121.7860479399281,95.23311415084342,43.345918646511
171.23004645978224,121.67384728680099,95.49713669469331,43.31891614417145
172.00907483864802,123.09518327519262,94.76458042524303,42.82573147207568
172.51250826173901,122.79282856120543,94.83913447749852,42.85921287270635
171.6001764846183,123.31678019438088,95.39618938916185,42.65585306338667
171.82247935175442,123.43212134480767,95.70643594981148,42.82464586018934
168.64813857358172,123.25798721149617,96.22210969365686,42.89541778892172
166.8917713495012,123.05285595052585,96.42362588009917,42.925339734690475
165.4992227826749,123.32427189469908,96.28388780867363,42.656952426422166
160.7735878528849,124.81245208386207,97.02293842997238,42.14613770239304
160.654693104926,123.6797971066814,96.38005165635894,42.28171743214499
157.67452522420092,125.00010566863854,96.39611251546532,41.793108364871365
154.36096383423478,126.08752195050035,97.19910809813197,41.78502384802275
151.79510539796024,125.02025828590877,97.62895119138417,42.633754058065286
149.53431908414777,125.60127750967102,97.41694227604042,42.53580252460327
148.50911389435393,125.29496439346221,97.84720495054994,42.49257548553651
146.38633390160152,126.31221895946322,98.25649174269539,41.66323603126887
142.35957427036766,126.68663743584557,98.75343141531934,41.44549649061355
142.65208228869898,127.10844413038436,96.77067978295362,41.58253495700471
141.39410000848335,126.55817377967183,96.13582647229109,41.61602853928914
141.96032945754024,127.26223025146776,94.65571132417736,42.42101984374417
137.78769239101322,127.70992271320199,95.96814854316888,42.128936922228846
134.4488724611124,126.09711013482396,96.14761945765807,42.194772039922384
130.98818961614623,128.81978797532236,98.14912430774659,41.92989731595685
130.00071246804993,127.79570238694984,97.49990257854861,40.689524791530005
127.53297467029525,128.44021936530666,99.8380270998392,40.15842540512886
123.20672311278081,128.01684355018426,98.7536222558837,40.35838748459239
124.16794404048623,128.56594689535467,96.1177404590666,40.199176155579735
120.01343344406226,130.22747009632735,97.46661760894578,39.66772521261871
118.39089389236655,129.1400833629776,97.05526360686846,39.47967519299012
115.64395473353187,129.43003579435933,96.6660547663347,40.32054669741417
111.33167162605707,129.44473703913766,97.28787439925304,40.883246258638756
111.1995023402088,129.66369398218782,97.14428450415272,40.38188632761656
108.43653918845737,131.25890954797939,96.53922936234305,40.47273571361154
105.42052714776241,130.30021483806632,97.40362038709236,40.2434271353908
104.61661008039181,130.52536046920653,96.49192327183356,40.44798206451665
98.9975756887243,131.10191083124,97.0864373676686,40.69591283459036
97.03468519030501,130.97265606162406,97.01746738794466,40.742294688275315
93.37365633100106,132.20432302394318,97.3778857022557,41.04827839059023
89.81346776348114,131.04367632380698,97.8898338822174,40.72034083383137
90.09801445805749,131.753096921546,97.24731520009597,41.18007019499397
86.1001531862681,131.5664199123072,97.58947329054975,40.96077284628402
86.28888012980472,130.77596383150828,97.72624059488274,40.74673261530376
81.12082007595568,131.12937490781968,98.49723619086208,41.04232135135282
78.72391214977358,131.4845494515182,98.9042417404919,40.82321371903387
74.58308948229313,133.2467472108409,98.72586510279656,41.040914147654114
72.06226199563106,132.03277284771144,98.57019341596444,40.49468074500679
71.52093141750046,133.66811948543057,97.52910579292876,40.69130314339666
68.14563593225914,132.76087413205465,97.48382884348953,40.42418984624225
66.77601509131026,132.27586650877822,96.87327804491856,40.457773208029494
62.847143021358825,133.665192933187,97.07910568091516,40.32441454866506
61.56328897074695,132.57689384251628,97.2190794071389,40.16415970266274
60.963287433395834,133.08504229319078,96.5652616810599,40.48129785990753
55.514664617522484,133.95674508430795,95.88355833819722,40.51371014876691
53.561901679493715,133.19717783832616,96.44988133339538,40.4908219356524
50.78771085384704,133.7542476526296,97.20523319953249,41.1479225414205
48.5667162187553,132.6025279761131,97.8213557704972,41.42871785148472
46.50160407248824,132.4416720606031,97.82453538529695,41.81979613758283
43.09892025631571,132.7820752702557,98.49138373053265,42.27039840968396
41.71651680448838,132.04335190553584,98.65493330996856,41.8881954809205
38.46422003067375,133.5996503935658,98.63071826384781,41.92092321189179
35.744027162001245,132.29954494782586,99.27474780002095,42.22529670102797
34.93070437783754,132.12675173659994,98.97329278241085,42.453451482854824
32.09071800846681,131.8071997935983,99.53476576529295,42.74578412862373
31.220244863609878,130.93780119151742,99.29032997492868,42.66573367653548
28.253773513118105,131.8567830182785,98.86942135755285,42.45463159527897
26.50669230790615,130.8539123598429,99.04852029141426,42.346237169962656
22.161904049961834,131.00397761886597,99.4318223932404,42.69329293121336
22.695906410762845,130.74476578318234,98.78871391187275,42.46312041117437
17.909044276533542,130.75667160804602,99.24695966470635,42.72031462082203
17.19558933030504,129.20793365652625,98.59073967435086,42.024547115658414
15.453192201970467,128.63784755405408,98.61551195836375,41.88273689872781
12.126630213117714,128.5813287926301,99.39656562356926,42.17979541766949
10.845411065469918,127.76344141378571,99.14125489542735,41.41215831012389
8.630782631642461,127.8776525152937,99.38136381386352,41.510670921561044
7.01682773208897,126.22105407905556,98.8099572067205,41.21775817489668
6.6048816402783785,125.07660951855355,98.09271169502918,41.258356280275706
6.377717087795865,123.32217039409831,97.19627175702546,41.81127139442057
6.846670460204365,122.0063795732985,97.21292433838033,41.28364283094206
7.306873172704137,121.14732324167106,97.32920104228704,41.285782593806324
7.292768077167281,119.57217870760977,97.95421299117325,41.46524646661642
7.958972082957274,116.91709686007681,98.58329179599951,41.6687207085573
8.41226378099973,115.58021834067031,99.4939691421021,42.01972384112031
8.440991969981965,113.16473830587478,100.604084785622,42.33737824664889
9.028151025546492,111.92817735464297,101.16771223113358,41.99983120380001
10.471230201126332,109.93828874089294,101.02975334286452,41.805475130518786
10.799466479475058,108.98965524943041,101.25179030765145,41.61854411539698
13.543833651736811,107.1568132155265,100.33187310179981,41.26411709922044
13.691208644963623,107.3242773304129,100.17582550792432,41.34651675030701
13.569723222492684,106.95803939088981,100.63785152864745,41.470227980915695
14.158293360863453,106.0179806193022,100.46065021674966,41.43863287760654
13.753039232275697,106.85262526229747,99.88614870830017,41.12429354278788
14.327196091412048,106.30972973598152,100.16144949198059,41.22311560127915
15.25985359160974,107.19523287663236,99.10771896424146,41.24062250357121
15.657252640192745,106.68640574540608,99.54842501746607,41.6418522054769
17.038280542154745,106.07791199436451,100.08501423307332,41.88743467826317
17.756373204236326,107.45786908919278,99.68880693625391,41.41548435579411
17.848358339881244,108.03104540948792,98.92481957512032,41.393979127313244
19.500591742872473,110.23543305831217,97.69420530820037,40.83972653474285
18.405822161473594,110.49015606544457,98.48130916826375,40.95848486618119
19.522522317201833,111.96739876406413,98.89164664977602,41.21392988886392
19.56879612668189,112.06436331454668,99.51989370855028,41.55201372735196
19.984694937637002,113.12210966737311,99.48402504171818,41.71709963498035
22.87529566461526,115.49374622033106,98.63513559948042,41.45887291578319
21.832409896528304,116.05634964005641,99.00011245791995,41.57860015836375
23.23786945709203,117.74952039301596,99.93446311218312,41.832029160257164
24.385180586101555,117.97205456302285,99.73978592252345,42.23653967766525
25.621672066800038,118.63126036045263,100.16591184784524,42.69318301444631
26.409184493816454,119.28384389520518,98.5692805484999,43.126541335566195
27.61319729741151,120.47355830422991,97.28811651357542,42.728039031188615
30.782836775492605,122.37859010211355,100.57243374881948,42.294379244015104
30.9729016616634,122.46626768069459,100.09727223819664,42.616643715759274
32.03632826858715,124.37714611638275,99.40367708098977,42.3622086217267
31.194851963680797,125.40506527931605,100.00075322595872,42.162174739219466
33.22929708532463,126.68850144547677,99.8010646428273,42.100490395179264
33.397311658305384,128.45500985699496,100.0354700671783,41.40237347448663
35.552380452611345,130.24405237315978,99.22356245903512,41.18650157692264
35.32548621338652,130.82154157492968,99.6386851660004,41.67211765580471
36.921179129490085,130.84554972039396,98.90707716582452,42.738206589485515
36.32283485568589,132.36732106285433,99.97769759819853,42.36949910964292
38.10672531828949,134.1644297018348,99.48041227846008,41.870923921525744
40.78208419103015,134.58134824678552,99.78570039235376,42.3541339507649
41.61438850864027,135.6759311645377,100.30505171807103,42.34059677736991
44.99138962400024,137.23067107678398,100.02477385258545,42.31385010717425
45.203012449014814,136.83288187667074,98.70952991154068,43.29619608552572
45.742138540468666,139.18057360425502,98.71050136144548,42.76954431981028
47.89174335329756,138.52278725803143,98.0712038451627,43.20373883842932
48.8037886540172,140.93006375431588,97.5549440542703,41.917994439610396
51.035344208846446,142.9894037194301,96.17905218289305,41.3331585035226
56.83717971184922,142.47255655662434,92.35653962415313,42.230866501009125
58.55596142681832,142.18435888014207,91.68618810827742,42.83753529147365
58.625833669017666,143.38615610090278,92.83752028403498,43.46354290073353
61.04245674484732,143.6378206794903,92.11850142729755,44.149972044339705
60.491400973204975,145.7271269412944,93.69198748230099,42.53868129807531
67.93674638290115,145.73578071537105,93.36739773712739,43.297588349531345
62.2859031400429,144.42953661917835,95.84214940839077,42.397747440354266
65.73809797694602,145.61436358294833,94.94081149239703,42.029863532345544
70.37195826072801,147.3793570167506,90.26839732131741,40.02657954560037
62.882381279075105,151.5554003515673,92.9251330717326,38.751702348623226
69.25205278878244,153.9472142771015,96.05764674177107,39.331386265132934
74.5744021193947,156.72965181455848,87.95866341257776,39.01910518435958
74.54364233231436,158.35545090888172,85.74114551115251,38.91188565782248
80.50489114698469,159.44283661733834,83.47389080173375,38.590492536807716
78.57901263020825,160.0191238299013,84.76977014973974,38.92519228160365
77.17471490746439,160.4951267873975,86.6690028022587,40.671947352939355
80.51826757734688,161.6007281756011,86.20476733554062,39.55878229625876
87.39737780278871,160.59106821110862,81.81385645496945,39.52535259145465
93.44229581069521,161.44311981679064,78.0913910446252,39.00467528341088
94.24541814101114,161.19039147330423,76.11290822481365,40.25776685807902
97.04842528197675,165.11342149320896,73.86004335694494,39.715204132722704
107.90223795172746,165.15525785508214,71.00002849107634,38.36415164823413
117.84435238336258,163.829032620083,67.86406012585296,37.269302923896454
119.12045606618939,163.1879059070676,68.3852780531681,38.51307368391169
115.55226393966836,161.49536600867964,73.31002290191329,40.066869911351645
114.12657547084332,161.0960722990646,78.15851592843055,41.469827447769234
104.01016917916851,161.2515760457772,82.47441261822547,43.794302742430006
52.85758103741385,154.4632464242548,82.76626797888323,44.1397760723888
56.85737439956379,157.49205561378403,83.16865879364586,43.461704812471
71.43052020647255,159.00477135099527,83.22344750209396,42.925973655431356
75.4451659565098,157.1980982112508,82.8786347617851,41.74482530601404
82.1696729843183,160.04381168840266,82.11361118468372,39.00597403530407
87.28647407747212,164.89791923204479,80.64558822200888,38.45129288356671
97.33837966803232,167.75352956846183,80.38595428698224,38.76749225467791
107.75182992623763,168.7395968753048,85.61218487408723,38.79900449157786
104.2601927447108,171.42343184204395,94.4595492029612,39.72679049071678
103.39170629209863,169.30648805952606,98.4027599011543,41.622756913174456
112.37421394494856,163.49010517296665,100.63116500561068,42.46783347730887
115.43238882095774,166.5314895019752,101.10383502898296,43.57622692866681
118.35922918863007,166.7546465133799,103.94391039715393,44.75210528866988
113.95936720820002,164.60726916827872,106.63792146738902,45.11436486168478
115.03486311786057,161.52628148913323,108.18007540002105,45.53781482935075
107.00047492718492,159.71805373015434,111.65855026770046,46.336185630511636
101.52250307984042,158.67534157374433,108.16960870848322,49.51993758005037
103.65159138751623,156.1044743445108,109.32314473961597,53.329793376408055
115.55040346038163,144.77730916420148,111.42014339661955,55.463646442104874
122.12827806055134,144.07794360714047,112.82899990917076,56.43677941169563
108.86791015444663,136.31107623589685,117.3396344030208,58.07290062879227
141.41041176582868,131.06985929750488,119.54421247908482,58.03989261104495
179.11726979951865,130.20443681529338,120.13318195857988,58.698166774686705
130.60538931871946,135.26550063931958,119.55119951197517,58.127400210618646
91.175028874314,147.90950842176764,121.94869408242668,59.33108386447253
90.23361692365312,146.1343188275908,119.01019840367033,62.04354191024812
84.87949737037877,148.75033762634163,116.5711901957659,64.96009440063706
89.51048524304574,156.93132064481384,120.67927060277573,65.23921112736451
99.43232533557799,152.67412634625802,123.97780233177372,65.40078600377302
94.26736121638561,146.64460427607727,127.4207981971116,62.25160870858764
104.38202241457778,137.64770130810328,125.07193844721164,61.77205649023875
110.30228057873627,140.2656997094301,121.97406738256652,63.04619152352262
120.02919513839308,142.25779528781027,121.6460927554404,62.95042810113729
128.9852438731627,141.9602023270015,123.00901969996366,63.667714852832944
140.87891711220686,130.70126415744969,119.88082239179724,64.99833533256157
129.24613839921062,136.37805476147645,123.30668865568033,66.48285837255494
96.32438170221414,125.86446698130098,127.29851747936078,63.51729711649962
73.91911605451656,131.81612562580167,129.95002167514656,64.56155062827948
57.096971213994706,119.95989687253997,133.86393415892465,59.941946367224745
45.328808220124756,129.15817244757187,135.51024549822705,61.057998976926584
63.503155343132036,127.03060748389201,131.49977757057187,58.730182126942545
77.93036772346666,128.3088583286246,127.47958132552762,57.00891603318047
84.18319313347543,125.79526537806696,129.25017562269758,54.89886438546765
78.1097422423604,134.2006642797034,128.90461524672452,54.26512957047602
88.09007708519657,132.87927919093184,126.62714258253655,52.44021786325352
88.46112763327343,133.1919226452626,126.29062009966407,49.9737444311545
83.77062088959534,137.9646045605353,120.92886625303589,47.38959275881224
87.19886739297571,138.26251181207383,113.32704243572826,44.89317400768829
83.43909604114937,140.16429967515003,108.46746526633407,43.333403213176496
83.72000415957784,141.1061571027019,100.60950645135213,42.57191125846336
81.46734767852595,142.95313079274754,96.6903504193153,40.82782349751272
81.53485429013469,142.34202328150303,97.41065335820717,40.169514838361145
82.94550365387067,141.8045634246166,99.23748695495397,39.15456028455586
81.43433205725839,141.6519683378569,98.51672712083479,38.941592499090845
81.19663536514169,140.6477017877837,98.79915785858381,38.655234241815435
80.04007919438632,141.39353896437055,98.07940276845392,38.158677076141736
74.58948754753594,140.8472517575934,98.28924084731094,38.375122339305385
75.7904756475162,139.1840866330748,98.16320458875666,38.92792353560819
75.2642357077924,138.77680525520898,98.58784633343865,39.42452364485545
71.44720030737373,137.8444353219397,98.55416200732284,39.44279744694093
70.5159103615606,136.29595964488334,98.72985225051163,39.9576870334755
68.5399916366622,134.59167713458737,98.62398096007405,40.10044394859867
67.57600174309636,134.17427692909914,98.67293242689324,40.42779807051268
65.2302884731715,133.96329858477444,98.72559553900857,40.84111828455269
64.23366119733876,131.78723551697394,98.58680053012718,40.80899759398179
64.18540974728006,131.650059327844,98.79869039313517,40.77948644685108
60.225340784859014,130.0394065696884,99.50941669688353,41.37939303738102
61.19843948011838,129.3938233714525,99.2313101266773,41.90200474635281
58.805622378440944,129.7731148246042,98.52182714253217,41.935017299033824
57.07418153235548,128.8461224114871,98.64330868821872,42.45846623659611
55.63117245542547,128.32304412552324,98.30081121707875,42.93583618743007
54.93697255781743,127.54944372025895,98.19348347323233,42.99835682217741
54.0852497715,127.27682505613005,98.11473300094531,42.90153482426334
53.180374348754924,126.59556863560681,98.49262959838859,42.63828472585668
53.91836987695592,125.81727083116772,97.30347325878347,42.323878137469265
53.90209888738579,125.8199344377497,97.11998130237686,42.24796376610217
48.22623955557141,125.74701980926466,98.03334547381812,42.24141875549411
49.44321513022828,125.52291310451092,97.19030618973875,42.45617269234535
44.83327315877167,125.10987280151657,98.16870453694885,42.63427356200591
44.92589884917159,124.69130049067348,98.43139016786776,42.760267060645205
41.761369698953345,124.3047897846087,99.79169846830425,42.557946675899785
40.77166773257097,124.07110705252265,100.02653452997525,42.3081795717125
41.36222011231504,122.76823527069226,99.6006787939246,42.43198954162328
37.81251814074614,123.5080283375053,99.39884372339053,41.95240340799722
37.62128811420324,121.19991792256721,97.47551764366384,41.88396237263903
37.276181527557725,121.27793065709486,95.23497520172049,42.093445936786864
37.979147653781865,119.83368106476155,94.09347776372533,43.318218314812825
43.76615203968754,118.44146229238717,91.22039672628898,43.832910986514705
35.874236189680374,117.73148234644546,94.43824942239706,45.33212502878877
42.800113359881024,119.1481156977398,97.02558199605826,45.98616301370011
48.962637925013475,118.2474075760885,100.22564883259024,50.98392935465893
47.01375847613501,119.92176540277293,105.75557936120654,50.85228523449321
78.0236479179839,143.13953081680722,109.5027987685244,51.57419459197146
50.879188896039,122.19216170196155,107.21722340421107,47.34594698181908
53.94326367995235,118.4843592584664,101.21364659029061,44.484391224278134
58.47753972679611,118.14609559425057,99.82182179152497,43.74023373825668
63.503745848939786,117.56168734983552,98.44451941051886,43.582847834508634
67.56902685057895,117.10783590367458,98.28231067872491,43.649059027611784
72.06641016162902,117.02495343543615,97.91413097068727,43.2033127336199
72.90241665712506,117.52747370726932,98.80113897578896,43.021911105969174
78.89330034102042,116.58985632605413,98.36087551424822,43.27855455980579
82.33940861049679,115.53725604506556,99.60971122138923,43.53072777803293
89.16841311495676,114.81705207035499,99.07212457575054,43.330846420813465
90.3690559006695,115.53119877645852,99.42694251995007,42.957545684387625
90.08499685669176,113.63314443214516,99.89203326415556,43.1731184843425
94.09626377584911,113.397220268587,99.26610587115334,43.18460914544317
96.0172593870447,112.78829782662974,99.90308803743403,43.5218387949827
98.24152529535245,111.24260681322554,99.28033136730292,43.78949035304113
100.10795373475987,111.55515905178987,99.38133679317556,43.96150501653745
102.46283915867429,111.94815441648383,99.64568703909674,43.40766150394641
105.23228885931547,111.44402537679657,98.95609183703311,43.14556435871154
105.46870164274895,111.93963141027803,99.15532437563492,43.29354296557675
107.23487088888668,112.59175682924943,99.51550297320321,43.52026746943082
108.68926896315355,111.77376037535672,98.9485342172476,43.572031861591256
112.59211635471688,111.82566072614097,98.55854988333968,43.80780025181962
115.6391107359891,111.7451151742204,98.2699505250921,43.736835691598266
118.12358243640153,110.85470986463234,98.34827885278288,43.520301340071256
121.78257498414862,111.93006261647523,98.36302691158558,42.983914684041736
121.07809134837086,111.8209607372468,98.24706132181298,42.94693045421733
124.31544758702228,112.04714457209238,98.26859518240076,42.92843119272932
124.38637628990209,113.01320043042736,97.51171702468801,43.00422352879372
127.86815711390965,111.31339179162751,95.68456895089165,43.41192796459653
128.59658718955555,112.24182562788971,96.75837896561548,43.317206288165906
128.70115812732294,111.56917886910186,97.40647585961193,43.50579204206972
132.97635102191418,111.63992982496376,97.08655882042945,43.29004086276779
135.86442308016498,111.08354068937766,96.68803921564658,42.979814983549375
139.672875423175,110.65860288650953,95.33627124837659,42.96936954436376
140.80799639252865,110.0596727322236,95.71965479795053,42.52346154238872
140.59827168300114,110.16036799675896,96.33975729317737,42.63817208753675
139.61992320568373,110.82505088979485,96.64255410132782,42.263060451855615
140.4896969456712,110.13857843944893,93.17394167994664,42.17079539160996
132.71594631865622,109.9332754727116,95.42884039491412,41.81095454774087
128.69301542688723,110.17990694239784,94.37753420970212,41.87717036813402
117.59027229813594,109.6142949246794,97.27415205900155,41.622896356695904
114.39803537010614,110.11867831932409,96.70879681349865,41.381188893578376
110.89390505962817,109.83262586468022,93.89659234656398,40.78913975013174
112.10753103143921,110.8094410013865,88.87137897716066,41.15042036539105
100.72844226309482,111.31031227154142,89.85747704607599,40.053157805549986
89.54547194386404,111.64060648549092,95.11889497945943,39.75652201436972
84.85885197330434,111.27454531877115,95.5726708092507,39.14822076382491
84.73201369656178,111.03109160569304,97.06926728461082,39.14449708646549
88.01780472160513,108.37695411566945,96.8415573048366,39.389661714950165
96.18544989806726,108.10004566145575,97.06544053589673,39.76662925814319
110.48102128036051,105.93523655066613,96.03191495881023,39.78808097581618
126.04158775012934,105.1310587702313,97.19505325950695,41.072370374576444
138.49190648173544,103.68908079862176,95.5407842044979,41.957058739670536
155.26092257272202,101.91079076664471,92.96265192486845,40.79256946768713
168.99398141492566,101.52517779474451,93.15852154514872,41.47834619273756
183.0177221946406,100.79047945184544,92.72706781775005,41.85847896252006
190.27384980338996,100.47387432917846,93.41314634048572,41.77910375863527
197.86393445507628,98.96748824970204,90.71863377539435,41.4892636129006
206.17349759635943,99.12083199299656,88.34105412368743,41.27235884115531
215.50184718494572,97.678238435338,83.24435250510858,42.28459063420681
224.7704303878205,96.16223796256949,77.58685528881209,42.551409084626655
232.70742840657624,97.32628194105058,71.99566564778505,42.43686788059415
238.51340752258338,97.00946288530648,65.6868232604973,40.64892090907453
250.06554266950647,97.78546673601025,60.816165027198004,40.7318466793467
254.15883686849622,97.6043864936001,54.90437216144505,40.853559166120114
256.3495683072652,94.84699543957258,51.63768589523517,39.114267177495464
256.5884584695358,93.5385527006388,53.26323809022529,38.09409821200366
252.9457651236902,93.60491837154186,55.81301382000241,37.40211699226786
248.43814180252747,87.87581150432058,59.49827389006225,35.5914098282729
250.47082502889452,85.67763444396007,62.05889925861722,36.42387539918924
242.110595426823,86.73418194509293,67.06465204186178,36.23494421528291
198.83911070481273,94.447395195214,69.7792141982847,37.33990504414231
188.6292091736347,103.20002894426908,65.79559013661729,35.49915780970404
190.0283747879144,105.76174564111069,62.25848937680791,33.514182667973934
191.91130435806667,105.57068007633701,63.79838585173777,33.76017488150566
195.60607175405752,104.12266713461543,68.23397007831075,34.053753255183224
201.81361739014847,100.43005193775267,76.10061708737886,36.562885016096246
201.89546157095862,97.89324024232397,82.82170960954761,38.519137801484874
201.36458496270834,97.76090775783968,88.58388702038413,39.53645779975032
201.77087002070067,96.73183922266361,94.50392188486816,40.49158278514152
197.98060846623702,96.65908195646556,99.36419963246738,41.28666396792827
197.89777718501176,97.2748269403871,99.59837415780854,41.70590031844454
196.12051197429912,96.80009574239034,98.96809012610876,41.55514298787558
196.1357669053403,96.68354712877446,97.95647064488585,42.65725876979482
195.65710416165246,95.4600861104734,98.29236668890209,42.788384907959454
196.64551743547867,95.49062346697389,98.30205137171848,43.23692323206784
196.00325618860285,94.80538826748275,98.05773475414199,43.07925642401888
196.94309612449797,95.00725951046877,97.33656318313295,43.256232932187444
195.15938801799132,95.90379602419937,98.0111571305213,43.540552482851275
195.2740252084563,94.80397205818906,97.81035564998191,43.259121313309365
196.28447900719993,95.33025047243505,97.11491802319779,43.41570144770802
193.11834475633165,93.81256214178241,98.17249780423121,43.50954978870081
193.48326237153825,93.60842148197167,98.02457175350554,43.603469536056664
191.0681316949544,94.7117658809629,98.50653598753263,43.68932224198044
190.92199993207026,94.197552193774,99.20852851720711,43.57111265346762
192.0447115148458,94.13301753778534,98.01104846689046,43.613451008413705
191.12544007796407,93.33520143475073,98.21357449495076,43.71887935706103
191.5571970953373,93.0091328139407,97.96849918090743,43.669814206102984
191.76058952706535,93.31958484986107,97.66111006940444,43.786825173324736
191.15481185168187,92.0039061230225,97.8341827541558,43.8529055273925
187.54069307576577,92.1055378212979,98.33750575520672,44.09471049021669
184.25648813293247,92.69517559594526,97.92706432251394,43.92098914014074
181.14919509543842,92.63796636874066,98.96043701859583,43.942451051581166
177.39706579204648,92.80806469409774,98.76077716834845,43.950063238757664
175.41153439165714,92.75619019433199,98.38036902186151,44.274027082039154
173.0019736767299,93.62608559328405,97.71319284429407,43.844783159135034
169.53581560020444,93.57629496912398,98.28607296218874,44.07873330393954
165.22242697519766,95.33585339723109,98.64069445048361,43.289291740694054
161.86383741370867,95.34907874360974,98.37041629807098,43.249749006921164
160.59558819591425,96.78873648425517,98.53258612037854,43.2738759084428
154.85515366969167,98.21291314968443,97.87499692087053,42.44889904242804
149.39268304574148,97.22856210644574,97.89130779767717,43.123808404296014
144.5589118145828,97.73319621961537,97.68998429319763,42.969123918191144
134.54389983941263,100.15100741564521,98.74188934705366,42.24519586206897
130.27189556413606,99.66493003228554,96.68290107143491,42.45874467175704
123.5339837006791,102.07081547160463,96.79220868506758,41.771454994290735
117.12426757752216,102.5494051533011,96.15921783567833,42.143010982460304
114.4530130356063,101.74566412576301,94.5160701812288,42.841710078552104
103.05389128468232,105.07708414552924,95.897382530733,41.76288493159776
97.40985508704352,104.81420841539015,96.32781942796373,42.577058022735315
92.44552564316885,106.31376856721164,96.21787357938496,42.2729450433111
80.57243109940774,107.80307157520407,96.9278383016728,42.490048255841856
76.13997755472974,107.27608419320973,96.20427493204444,42.70909259990867
72.70517028953029,110.17465216945843,96.11185332963082,42.705627301708134
70.06279284571241,109.73616694190021,96.2414873676572,43.35130503221521
70.19173363084602,109.89338963536326,96.07314437160873,44.08953298513286
68.94817200236318,112.19863139931289,97.05874174966817,44.266769183796086
72.68698520869776,111.56921438054518,95.64535483895212,44.27291767445652
74.21500089039897,111.29801539032539,95.11889500875284,43.99372141661483
75.73399392281382,111.5766696712717,95.50583570173563,43.745922132065964
79.15301070246245,111.8252422423606,95.3316510193915,43.63107069106005
77.34867568687233,111.7365136814164,95.62443359939988,43.35369382857344
81.70689239192858,112.67006617404068,93.44877167366238,43.427720435121756
81.2640957941658,112.24785077037356,94.52738855082856,43.10906530495602
82.47801564202183,112.11135455347156,95.12768606214775,43.44330651805688
85.09039869349269,112.0942113344148,95.36355228342477,43.55281878624854
87.61788643336725,110.90136753334218,95.37431166695691,43.512267374721894
90.96604845724211,110.63309768823095,93.68128351764469,44.01282684033498
92.85804291174016,110.9545189101523,94.48753508716422,43.88264919141416
92.80274536850958,112.48676339557208,96.29771513456288,43.90266339440271
96.95016987762934,112.77449002888855,95.30364736632336,44.47461003011352
97.6783773578917,112.48288766246687,95.3850436850955,43.93174664772253
98.5166559031531,115.57958005490639,96.4383449930102,42.92946293706224
99.1250435868642,114.76726533545553,95.92457255527552,42.8805999443233
103.60409059574745,114.679064535247,94.41346950430588,43.75100178888103
103.46491719808427,115.63037001462443,95.36341664142913,43.93033052739175
108.21867288254026,115.56787705674674,93.32679150298588,44.3304018923659
107.8067543815097,116.64465718342211,95.761224208172,43.90917196128076
108.61227414024883,117.30351854395963,95.2016373274125,43.61397121286199
113.06344010071032,116.81369710425108,94.83052488891138,44.69075154345096
113.29077984771125,117.0483036436249,95.60515447694078,44.284130017437676
115.31366477773855,119.37657641776553,95.2557041969643,43.81786156876579
118.96714735753578,118.72132265238069,93.82578371510422,43.35847163859799
123.4420371043723,119.21205372216181,92.96780109643116,42.934077370129486
125.74841333111294,118.40145884129076,92.89417217810613,42.739990032262234
132.09615503715509,118.89061862448537,89.84685160781876,42.11802422563864
130.9025758919147,119.47368402747335,90.96386829673703,41.60799083177203
134.3034337464419,120.24932851132586,89.97272998026074,41.13281270391079
142.028547109113,120.16612732371317,86.32789265921542,41.398244620151786
148.5866905812173,118.66690210655017,81.29882495328802,41.73264781326685
156.67290897806498,118.32343884802872,75.35630759318641,42.08165318773164
163.88688578659134,120.35711186965636,70.06876535308683,39.9666692050232
171.2595810343533,119.66769669114767,67.18990622963324,38.291147755399976
181.9722302832249,120.88841936243189,62.089162175249434,36.46426540111278
189.14530661410012,115.35056541123207,56.555814689280226,36.39789871855149
194.9060875224424,117.38110298226525,51.327999820837896,35.824647062813256
196.58046688267513,115.02686824847926,50.79364844900523,35.456944655385236
198.17941750433934,110.08337367871796,51.15426466173145,35.5476386288922
182.82620648168475,100.52024677183621,54.032790588876594,35.924609605741644
153.99962297593387,101.609795117748,57.54874293973383,34.79180807993369
116.95155815666739,122.53230027273601,58.49833479750506,35.73898832171548
110.51097683249013,127.99887899913459,54.53097144488302,35.97733965798083
109.33951061952047,126.92608898331846,55.398989320041096,36.14698279996462
111.81014307575411,124.65640674198755,61.34036906089412,36.903327263095214
114.98157874875506,124.77228150057522,68.02577225102505,36.49375181818549
113.89549068463884,120.697161028324,75.21921913121061,37.637904505852
111.73106656765012,118.31659519349834,78.58622959663336,38.93530631710487
111.34004423200928,116.9760102575665,84.95477634311035,40.05525792724981
107.99088585327785,116.16888429649734,90.04853987791697,40.50415035231782
104.51881804612046,115.56639886540404,93.05056733793487,41.01826428091067
101.47127943747743,115.07028980950562,93.15980471147091,41.05488546887936
97.19553608578758,113.99727333485185,94.05388174688188,41.45046065451505
93.43517041375428,114.45399297367386,94.50607061047972,41.45184681632416
89.01186790082917,114.5828361730399,94.96064682773618,42.03150172618583
86.42995124047138,112.55369130729474,96.06503190626427,43.28785053970739
83.42218325723884,112.79958386206121,96.11734155436997,43.388686279783826
81.70242140597215,112.1488804439776,96.27564577448149,43.450072363997926
77.31714720132956,112.49507755601968,96.71172152751664,43.55964957546063
75.64836943415786,112.2045477814006,96.47969698373507,43.6064073668863
73.33669006117385,112.01639336598751,95.98733307345307,43.39482557271247
72.077129613646,111.83247534399709,95.89140269897754,43.87340990770896
72.64811633296273,110.70445015362827,95.68726495370345,44.547032309930955
72.43123234411503,110.64211199934084,95.4603273649926,44.85505822788082
72.36684120641642,110.3161027350217,95.54363844898356,44.78106357292536
72.88977491974443,110.36697683680191,94.36822390318693,44.55584124827118
72.30610602151633,110.12076254732605,93.74613298870563,44.26445635066038
75.045880405438,110.09333964903502,92.29353124234667,44.64522988161745
72.741191379742,111.83321580662408,92.36982823905115,44.2728384062831
73.69010839514173,110.2874861709941,90.93076496020481,44.5596712126993
70.75705792324581,111.04868995045152,91.91225286688729,44.92389085105008
69.32942435622857,110.44573307525508,92.16272263764051,44.99574088073986
68.55363941144876,110.85275837967062,93.21917533970014,45.325763758236896
70.04693911762884,110.11611216357355,92.5485244136681,45.174452918946656
76.62258548756024,110.6028827350319,88.46775779685217,44.660170809233094
73.70526820609994,111.1595680989802,88.51787697891339,44.344773714148985
69.00598865102344,110.3099017715962,92.33825005391013,44.751564865010735
64.46560428293523,108.90405929358816,95.27741722758657,44.9431326335268
62.39426599501809,108.67102331041738,95.8237192917021,45.28643238307147
58.498601983286456,109.16604290415617,96.43899140696224,44.63999060770327
54.939097507340485,111.52802016437882,95.48253038815106,42.15181489585174
55.28387695582772,111.66639180269563,95.29422271187971,41.325083826249376
51.24508773302402,109.95993333584147,93.47122742701836,42.45406521308269
48.88820720646272,109.90504548477233,92.89369819693785,43.468046237486604
46.05407897532596,110.66349083418174,93.72131745218012,43.836500997652124
42.94225450802442,109.7447020131119,94.62883479498632,44.179236110494934
38.33425549930753,109.01273819473246,94.54878178702947,44.39462859100381
39.97199543108401,109.71403236290439,93.57774528285151,44.13278732497247
38.82173458515703,109.41851377429805,94.15829627158047,44.33362674827889
37.14496886362951,109.97472024993857,95.11503816385427,44.31972453918537
37.86562697319613,110.13394443409234,94.61463991347102,44.15215507712781
38.76907427555299,109.52399122926026,94.53879389274168,44.31703829343261
38.5709711048364,109.34668832321869,94.72821312479985,44.50935162504701
37.65175364274636,109.20148416943852,96.09893564663619,45.01295573338858
37.24232644014083,109.37909391102059,96.5101362432535,45.05007023459943
36.01391729324639,110.95424145132272,97.19119770110488,44.38433325946394
37.787719916614925,109.77945050853606,95.30432853835218,44.29565220558412
38.20501604938063,109.28835275747986,95.0314122982114,44.51185649675905
36.108568027140194,109.49360198960349,95.94562181925477,44.909341430949254
37.4118078195453,108.95741155737097,95.55630532038205,44.650331914554926
33.15209447985292,110.2682916839309,97.85167194117307,44.45804553838819
34.56350157825273,110.50089251179176,97.49730256859219,44.217788951025845
36.1055338884962,109.5501591355742,96.73675479380839,44.39809481478909
33.31241042045092,110.72374547773795,97.98031984513332,44.85896656405534
36.24395169765922,109.15939947551409,96.86607762274797,44.915698119284315
34.02158706926329,110.57414194550154,97.3473974557117,44.408539839465675
33.509501573265254,110.53939803408687,96.62837386762965,44.118255933779395
35.80682157502588,109.62532194797554,95.74390842465527,44.69424135795518
34.88304362808167,110.05615272965872,96.30267647674681,44.763060751620046
35.613099666759524,109.93030702922012,96.14749604001611,44.41950679116915
35.82159633895162,109.47758133863583,96.23761329133504,44.494635906712716
33.52095963763344,109.34407328705319,96.17229123498703,44.19762613097173
34.45883943677627,110.55743099378475,96.74672694920136,43.65625617649299
33.21433418146036,110.2320807271974,96.44481338756756,43.51380485419895
34.210498554658955,111.20932241896416,95.7611089087485,43.26574236910292
32.86659992221416,111.15060150298476,95.72081779473184,43.44107604676486
31.549657104722655,111.00653946091073,95.73608160354297,43.587293392631665
33.76328871559313,111.62525073758955,93.95835451461453,43.35637108341464
29.211473105923332,109.77717566870713,94.82321620270412,43.670349590320114
32.381634566936306,110.00460549333818,94.3072646185688,44.23325117152676
29.549408810810775,109.95035436835619,95.06574078902298,43.98948901719389
31.412295801080802,110.63697234452941,95.05142310731105,44.089611219144295
29.80278858385411,111.59328314008795,94.75578910426444,43.84047229404285
29.974052228608357,110.36165034757921,93.72188608233407,44.17751717593532
28.79613861945103,110.08233275501512,94.35166959947685,44.43662233176664
26.222833240663917,111.19036892551154,94.62138826720732,44.476378848195665
27.288211160252374,111.02249575488672,93.66790903935853,44.49050043358594
27.730082318766094,111.39437284759467,92.8852409410811,44.05280703918568
25.691056061223733,112.76641407419525,93.12982787999394,44.19141501567199
25.34285079570688,110.79502653221329,93.29108216102765,44.68106509963593
23.12257052702637,112.24604837285793,94.18751428041992,44.952941096081034
23.475878506457462,112.15561631942887,93.32971423952648,44.62471096465788
26.41500513048578,113.52366658362853,91.60029521998547,43.950652672586706
21.071794125749207,113.87540453159886,92.23264008102112,43.84068263602103
26.073421234058443,113.00662580975637,90.4445347901839,43.998375577752896
25.60908098821489,112.73952016789397,92.18098505726162,44.28820209585269
27.61180032665829,113.49649534710258,92.4196564877967,43.89717654212295
32.571382139266795,113.23368254915907,90.33466034304844,44.07065980402561
31.65037183186439,112.4945144133282,91.81230107504075,44.541061505374856
28.479602805604955,115.2579439798464,95.02816774084087,44.20301462819781
31.89644481001048,113.75254093409704,94.9962110269517,44.84614493844654
33.34225711814279,113.54928980744123,95.51605491654645,45.12459543394566
34.202232755163806,113.29346995395215,96.26387708000442,45.42328348076758
37.11160550717047,112.92063814255835,96.33743504278797,45.47137630277395
38.46861143626451,113.47953944767312,95.80558260842801,45.223019493325644
40.932093848085266,113.26031625320486,95.34428550939587,44.9092075814809
43.94013502003695,114.64744202470885,95.31770511861751,43.97592893886355
44.17070308523971,114.54634526999494,95.24252479875886,43.78362171586949
47.33774496538819,113.81705350211084,95.19039294275878,43.78215276140333
47.81139901693443,115.54011141461409,96.1378602302913,43.40393854772495
49.970793913176614,115.44973527480595,94.61536560382255,42.948704499216234
52.98301283175928,115.17677466067676,93.27708499321972,43.349087397396474
52.43208694424109,115.6150780251763,93.78430175849047,43.611366166444256
55.37529706171742,114.88212615354885,93.1421137012722,43.371154187042904
57.404982497364514,117.6326638904875,92.833963533103,42.17684140847811
56.23665024258749,116.29414176289879,94.11539122625081,42.73987199178055
59.60327093690891,115.71125772080842,93.2518397790142,42.982941101351926
61.35092467072981,115.49601428548587,92.56543123715366,43.22522606770013
61.69222534822858,115.93472313693604,92.88807890559362,43.33132887261229
65.14148316057602,115.66854586336467,92.4306643551175,43.25223322444255
65.97634015530164,115.95923338537696,92.42659977972875,43.359700953855466
67.79396063115047,114.87134742177919,93.2959059471717,43.62546921894162
68.15440017780207,115.47218793350146,93.34071288902477,43.1352444943252
71.90478836992854,114.73081372396092,92.81823850672495,42.90995458332817
70.95111791068703,115.85063514634936,93.24553792130172,43.22817306667626
73.38371545493666,115.65073057353538,92.22210919022433,43.08803470253859
74.91006211741566,116.92568280258936,92.26859799417258,42.7549881545869
75.03970451728068,116.30774189546752,91.98712691514565,42.95873495906498
78.2554538918869,116.57659252214842,92.34264598819887,42.612592543593784
76.54542076868188,117.32283448306325,93.78654646312452,42.70076658074849
80.1892553764338,116.77210069907231,93.7720095718394,42.807788347949135
77.60398710183345,118.22395444880698,94.47532199994637,42.252835731292286
80.64405519498277,118.13572501140605,93.90598903630399,41.9734230240629
82.50579239930838,118.33802890460719,93.78804441280903,42.09344292320751
82.24000132040806,118.84174000914383,94.16175913896905,42.48760152468108
85.1238955854339,117.76682616383444,94.0262337925111,42.67310426412801
85.32843134070167,118.36248947125895,94.75528484056932,42.81176422154461
86.56259752121547,118.75700766446379,94.89675472563547,42.59957109685368
88.42554013377926,117.61054768299914,94.73843541847661,43.167759614470455
88.57361226494143,119.51379051258897,95.3188780702148,43.03861160177518
88.16824415202,118.50257489165789,96.92465824137017,43.90531164246547
89.63780272623418,119.51229136555315,97.63312410075429,43.35972513022182
91.42379102942262,119.4890703311925,97.95873050218992,43.16312520675563
92.6887054094351,120.49524536602067,97.62110144919622,42.7479431058493
95.13128565205034,121.05746225995983,96.92066386435634,42.505894571877214
95.12276999091702,121.42046475928304,97.2168699913105,42.635175217762054
96.0125356317026,121.39569220146687,97.66402328005182,42.835263546285
98.41439100145784,121.85177320173035,97.9170142006976,42.78339207310179
99.50053958159943,122.61762008851815,98.06237451111755,42.825337215541836
100.53827367674398,122.2470697699086,97.5167830298128,43.242921007057795
104.03818104409605,122.4228378973806,97.08374075604618,42.95660081656692
104.9360845060793,122.09276964990292,96.29666185942344,42.980232184569175
105.91132671217936,123.82241996729225,96.79545723237956,42.56884414744675
106.40656187076797,124.33775660446146,96.5873965831711,42.28942209381146
109.203981847225,125.32829415187831,95.98327928650704,42.28255964546214
110.62985518809992,124.8209992816518,94.76971619850717,42.41754123161829
113.60749331105752,125.07494410183176,93.56636256001386,41.90608103461774
116.60690058804639,124.68188668547046,93.3164188556455,42.26113507632472
116.17311064406003,124.68811314160425,93.9795004526026,43.25506033788527
117.3222265957649,124.77572252953487,94.90282616638035,43.67850489210212
117.86081623181333,126.03554219169818,95.084313886471,43.389242765041125
117.12635144586989,126.85996833381304,95.87392216929538,42.800113381202046
120.06517901631156,126.46275774153646,96.09285516317766,42.67644374544269
120.20655742830812,127.33541473412603,96.1852814446533,42.94770080518545
