122.0,51.0,51,61
121.69601688695376,51.6431148134324,49.84475211476436,59.49058006551802
121.63289109182367,52.33780049248997,49.81385343646987,58.88555624158256
122.40057888650277,53.0885818815577,49.42639654828351,58.63760979645491
122.37459291717693,54.6193938020435,49.21193477111491,58.56574730802238
122.51638347399566,55.521449886465085,49.34423195337585,58.72521240968702
122.08716017944519,56.36613999080013,49.61658845458618,57.62837675668099
121.97978384075063,57.71392467307574,48.96201740150654,57.55031532670009
122.41921583567367,58.48699283773463,49.03525607279329,57.603284832343235
122.03034708283968,57.823798056812194,49.025884203461274,57.69740510707874
121.90175877170162,59.03269374833267,48.99721793022957,57.46256660489716
121.66816128821017,58.79675440597633,48.95182439623592,57.536267189023896
121.08607946010031,58.979153700946185,48.89749745186968,57.62312875533419
120.75073027118141,59.42762315066924,48.598759184199686,57.60941434319277
121.1102715404485,59.66979835915051,48.5137556251577,57.52035811568335
121.47926822456006,60.24517490078098,48.37004631455174,57.70020195625054
121.07513732799688,60.521331310871645,48.32256469947499,57.791306494467655
121.68078577838101,61.04479165076723,48.443665259644234,57.684556102762414
120.91084696068843,60.669579672054404,48.459647631357505,57.95200886878182
120.31374701959479,61.01045112763366,48.57999497448232,57.897920986920184
120.31958207920201,61.07156399206219,48.61748867362722,57.93101447193031
120.52384961572722,60.792518255775434,48.857162218740896,57.97543406950382
120.26207814059418,62.03332277675073,48.47561483697571,57.64502436837354
120.88545164624537,61.49373666829461,48.41610842625926,58.03013530598891
119.27826906591758,61.92369431039887,48.61158320605547,57.928871755178825
119.83673614549417,62.64819389726722,48.57257568264447,57.94982802577806
119.38544114124491,62.24776473914109,48.74407133079144,58.041442567616265
119.2533589491363,62.44022084546847,48.83945824918835,58.004140828594316
118.84210018332325,62.59580389465674,48.76233283647851,58.04775683470996
117.56820329400341,62.6403903073119,48.890952420782256,58.04835146545433
117.59603728878753,62.29556632481705,48.750979621643694,58.23880814626433
116.787508771382,60.962638127021066,49.56673660762664,58.73173668541099
114.07492261080878,61.247799191883225,49.962840935608995,58.30078833498355
113.38284454551166,60.37794295196978,50.260052486125105,58.21185701598232
111.4092258853812,59.90291489770031,50.30200111009697,58.24601956983375
110.61496484880891,57.76869459481759,50.763875234022805,58.738138764466385
109.23413821369233,57.699987208720636,51.183014466170015,58.557636666543104
108.3292847199392,57.57837924059399,51.00518788434035,58.580591982679216
107.64213018342582,57.404051056938016,50.79684009701556,59.27278472694427
107.86321544306588,56.81887600358027,50.584894187110415,58.92770819791758
107.35896304485213,57.36557491669741,50.60430901771762,58.898183662698926
107.44070487426242,56.99820388236151,51.085356608897015,58.93617890519886
108.03854188279027,56.98694326142627,51.460864842817884,58.86760517636621
108.39838947791162,56.1027738216175,51.29929038011424,58.308597254225944
108.8942756657205,54.734694446598326,51.37685394199649,57.58557326500647
109.97772289626502,53.79159902167472,51.235151741649645,57.42571308946306
110.96460920686017,53.03960129555603,51.34847628842809,57.28418547041137
112.1245201074731,52.54922305800635,51.26019135243662,57.23178459687793
112.29361194078987,52.64836558845589,51.63711083521713,56.84192543929916
112.76859937384278,53.656109678744976,51.51079014391601,56.676702761650674
112.30694771869261,54.582018597142465,51.40259931359134,56.98192838188694
113.3227830034724,55.77654086338183,51.32089517469584,57.06344964530665
114.06932460563159,57.531374527043326,51.16143013443994,57.51090512071804
114.11522204434618,58.52835798081559,51.35349450994046,58.61755466825163
113.96102958438495,60.74892595525276,51.40312088494104,59.94242518910386
112.58081807685505,61.696017222654,50.85934468125084,61.46137436816856
112.44339151303038,65.02781112280908,51.40459880987673,61.809047554186506
112.77704758556938,66.62459159440235,51.85110197241594,62.13503311978907
111.89200789460128,68.75611129297104,52.47928987485993,62.695144357417306
111.38152150611248,70.3358912959472,53.11218586961097,62.72995080654309
111.10615317929631,73.10011753398761,53.611820838673005,63.25087577186852
110.82486119968192,74.20853652756296,53.17187183891741,64.04708404936626
110.59874148147915,76.90532758176843,53.82143793547918,64.90156407474437
109.51848724020829,78.01891411555563,54.028592536184995,64.96308729623249
109.49443488259155,79.39585771094988,54.70882310591067,65.14682217575648
110.2278237548932,81.21504960599681,55.02657600095581,64.55165127628763
110.09138454353385,81.85969341972225,55.46441719222919,64.54278967422738
110.67679018275936,82.42541271414322,55.74412166084845,64.81270301409639
111.823948328515,83.58816390378607,56.463217844923136,64.39509858402943
113.14763112680103,84.01438453255935,57.61294087139793,63.5752348411313
115.63945496783307,84.92286270517107,57.3548180916776,62.71514189922816
119.97617782856774,85.75620550573286,56.734717096770765,61.98533068775301
121.14776944560151,85.40055854031803,56.430138599031345,62.13697801213737
123.33680796008053,84.51305495692391,54.75895549097173,62.12641694162093
124.66668175504795,83.53132856275145,54.2827711334588,62.5981857700049
125.26675203058437,82.18890880474468,52.87775082164377,61.38863136512001
124.56523330340818,79.0555902947329,52.361614081660214,61.31145734998732
124.61103388335607,77.2140681793008,52.45871836610035,62.074366082804644
124.12097183036441,74.16667718344206,52.414169010169616,62.18898450030339
123.07253152968661,72.81284727704704,52.37394939179863,62.47945376133561
121.92356947106053,70.9507919723205,52.515257298113305,62.508099282898044
122.19682641961455,69.30900205638821,52.5457239918256,61.76920291847358
122.47952879518951,68.90990875020795,52.12776491938662,60.358801884349724
121.77176373502282,67.95565132363018,51.973852290696556,60.06446639570838
122.21996712097788,67.46512785038789,52.15186263304423,59.428524206450774
121.97262809564447,66.96322978211677,52.260493320429816,59.52188943478991
121.47836813814607,66.85024757880618,52.47313432917662,59.69115218125482
121.69396292247852,65.82295615946404,52.626936215589836,59.51139053751723
120.8846856952116,65.23096600760887,52.92627680293617,59.296231436930704
120.8289005464224,64.90143549339552,53.12936931731146,58.8361518403574
119.54572954181145,63.62211560782072,52.52041835778333,58.723603257014815
119.04289969742788,62.61399738244285,52.10971146940205,58.859773789801814
117.59414134642714,60.36124816907572,51.87244728761448,59.046928100325125
116.52908451779427,59.96473972664214,51.597653718317716,58.56369986800479
114.86780502707876,58.64244626814674,51.43866057572529,58.23653080355026
113.43403548122205,57.580973669743855,51.50148164986058,57.83284941344198
111.61651050826667,57.42250058837627,51.22013450104479,56.94844059570839
110.60119590333501,56.333427547130334,51.09124833004872,56.708160164528394
107.986635329263,56.631538302866936,51.17869162174744,56.77857988840675
107.38939600719074,56.112254235282414,50.68440378639976,57.37960224720861
106.01012926192224,56.28688757683665,50.38326015291332,57.70286669202982
105.94653053398717,56.209288059417645,50.24001083143972,57.506564262024085
105.1461105683414,56.48739775516049,49.820831231481264,57.98394472405403
104.70701682061923,56.08139324704825,49.963423023800615,58.180047978559756
104.26146185147539,56.20839322409581,49.85146594548674,58.63861821489432
104.56826645930504,54.107751324462,49.86369596322586,58.779324621583804
104.58966395798706,53.94510105537515,49.51073556058839,58.37040274764814
104.22163114973588,53.85186214214101,49.738164702481356,58.14130745399923
104.65316035359263,54.37413259318046,49.692153413908486,57.113123973795325
105.30985665633514,54.67773367902802,50.14168500275942,57.07789751010801
106.00405583138178,54.88601001413034,50.07318716536144,56.92007286724713
106.05532189694317,55.076817507692866,50.06507642095742,57.71361351977052
106.77819140946413,56.07243298496987,50.27593834806393,57.93595983572432
107.34348607235721,56.44466450656107,50.38324880255121,58.11872762750286
107.66293977674539,56.32242418580029,50.29202510959515,58.4615664233213
108.58244855769738,57.53818343349202,50.67020115120681,59.041904007039385
109.4237146443379,57.87174096777153,50.62643240566013,59.51571911426162
109.27940455367073,58.7153579293968,50.653135472736665,59.821847617768896
109.79608772791191,59.824944858614224,50.80441573069962,60.06187175738093
110.02509501240209,62.171531359552674,50.72240824179737,59.89469973206653
110.5410092347588,62.60734043728452,51.01020565157614,59.303293978946584
110.75429067071128,63.878331825271204,50.99817830213211,58.898014694184155
110.46629635202895,63.98148665666639,50.78836982035616,58.580773634909406
110.79439258541822,65.13152501131346,50.79739952154637,58.561260280107454
112.30020162703235,65.92111172569528,50.62399249788842,59.05311651442975
113.00005108460002,66.24081728114703,50.449025028065606,59.51407771797936
112.0719400883295,67.05817886343696,50.480753612403504,59.463247375665134
112.27372452578571,67.36853872891083,50.46819120721764,59.164716975772095
112.231605467414,67.14309600423755,50.75762951927355,59.21492188312645
112.82168735543101,66.81013675758155,50.58950492780985,58.67432792526661
112.91986836117107,66.46636060357316,50.446197725900035,58.743533065314615
112.52075442150549,66.09842304039573,50.2110241159734,58.56230919264604
112.6907716624748,65.6925761663322,50.084399057862896,58.69037867319497
112.72787789129409,65.29225638910577,50.03727095081026,58.715124062608766
113.1310407805691,65.48088924422727,49.8520541810493,58.58790412873296
112.68719655581378,65.76455431673699,50.00468098505212,58.86745203547132
112.94919112629398,65.6501107722372,50.1693057356933,59.020121473103735
112.61348905924487,65.7088250388012,50.208996002604025,59.0136701128273
111.21242316184896,66.33699761681345,50.299106923372406,59.082459234146526
111.43790788315333,66.03044481909068,50.51291714384959,59.16898401904522
111.08953681754531,65.98184807873477,50.36459701920627,59.26869519995232
109.48942367808667,66.16589747028549,50.46414580788918,59.23326853599152
108.92520913481475,65.61113692442639,50.18774396181582,59.41615388552222
107.29805827410968,65.10408383237763,49.83311318810877,58.99189031864317
106.1047388523095,65.63780758085343,49.48813887252945,59.121326976964994
105.48776177696128,64.94405369516446,49.52856580154619,59.113799958303915
104.57999141065932,65.45632862391167,49.670919278290725,59.404435647684465
105.08305188604928,65.36590542702608,49.58308751208112,60.10368414106503
105.10574029150469,64.54434896379004,49.86562207812344,60.465409738435525
104.30033439936014,65.10882666236957,49.68396865245161,60.59144396529993
105.07220302219814,65.62771740824348,49.73756722220529,60.9532749003099
105.75310697998407,64.33795539076915,49.64512270995375,61.44649522432107
105.09389281152895,65.58288710620575,49.94626283885618,62.073269977041626
104.59491379050561,66.08947128733746,49.815757135785645,62.145581351106316
105.4389882389199,65.91450476816235,49.996840416691434,61.88386582988623
106.0153448263837,66.83461771929443,50.14426762262323,62.184966831918956
106.22246008629833,66.70604161315943,50.41405809888771,62.96868459594677
106.53486704414627,67.15393137995241,50.445463665613715,62.79174661509518
106.52999681891313,66.01655069005207,50.87826930162687,63.85708111501306
106.8316189638494,67.00461803325207,50.8237463252309,63.13212135537086
106.29645431866297,66.29785950958993,50.90669463415844,64.03921445249983
107.19224049305333,65.23639433400352,51.17923971701833,64.47636904683671
107.03216625152947,65.52330139127565,50.78355262877699,63.99097961490965
106.93464803771545,65.24645167267607,50.74999713745973,63.97110117124943
106.75050208975517,64.88940548534424,50.71945480486467,63.81113959083494
106.72517504748217,65.349472659139,50.86276025659818,63.59380980867515
106.96848330790233,65.93142787354273,50.78459100138284,63.32664315428172
107.34086556571603,65.05162850630884,51.02987775528669,63.67420880769481
106.96911900927594,65.65359575344135,50.981653338869975,63.646894796828235
106.98145105588262,65.0241557626051,50.88479991460196,64.06950158514135
106.41432896346453,64.41060253994816,50.6829234939694,63.914527952330246
106.57838745865106,65.07999919372187,50.57914122039317,63.392385035407806
106.13496505641416,65.22188592058961,50.60362030221075,63.38748121057857
105.55006146252279,64.78442596674418,50.90865087866537,63.174510493269445
105.21912523057867,64.80135713185341,50.68240078395985,62.948295868129115
104.94750747994254,63.577539926907114,50.88673858015398,62.34374521942796
104.74867629893755,63.840559846602794,50.68970489724208,61.837511288239725
104.17580322305949,63.80901855616517,50.21875183024821,61.41989623727904
104.5556951003206,63.52381715789261,49.710585507366616,60.871570396128845
104.45618810393267,63.98976476500472,49.207283215962775,60.30228504518587
104.57183898884949,63.517637246099746,49.01667663655883,60.438571943347384
104.40271622398092,62.998339027054186,48.530291428991276,60.32541972421194
103.99327238751044,63.718400211358315,48.125363183963486,59.559812126111495
103.48158644673165,64.31904246679156,47.70810701376324,59.07392068165125
104.09370929017769,64.71231726984112,47.88422143429306,59.46640244762243
104.28369971803511,65.23985902427356,47.469175881312594,59.03554074051539
104.23054757516623,64.45246759751046,46.96586102642536,58.97970835966656
104.77315917089442,65.67091270410182,46.953345964851806,58.93484695507759
103.55110584572202,65.0232004893198,46.5405190214466,58.9407358621807
104.29287891731872,66.0903962079787,46.670772927081316,58.8203825108004
103.59377647707852,64.88786832511599,46.38810012201484,58.543461958166446
105.17049433049309,65.36794233744736,46.183318589990385,58.327698699128725
105.83525972916836,64.88793588685036,46.021161449866405,58.312018851299285
105.47555743329164,66.31237486621418,45.63598230138547,57.76895754296225
106.66428399498037,65.86609580817024,45.63757275710957,57.72476333971421
107.05169543212855,66.06849712858288,45.66621667968822,57.78069983463112
107.00971133094933,66.56340461450012,45.52308832442945,57.10780991162477
107.65272814922439,66.79066540693569,45.77005944862154,57.21678014804267
107.50224653035619,67.80733235585468,45.59786289631888,56.942479453329696
107.52073951897161,67.79610555354128,45.72864730483022,56.55651630990964
107.94493811772121,68.90385815239746,46.06321824697946,56.957725589736334
108.2555877299744,69.05746036605481,46.32830207911371,57.25016105499975
107.89277690054936,70.33336370023113,46.33816446062001,57.11264576848304
107.99431375730046,70.97678480369831,46.67340556645377,57.54287509475183
108.83581786388629,71.00425577724916,46.818461318125856,57.72412394354856
108.06674177409852,71.89172203404357,47.533737521138896,57.58615432058475
108.46714954554844,71.83875557478082,47.76246299386406,57.9004765213368
108.17913280283659,72.92394809534542,47.77204445292056,57.95836296458258
108.00535645111071,73.33173489263703,47.96145506652857,58.088788515507204
107.68536161192836,74.11697792240543,47.91534855348704,58.13295699698602
107.27441617261297,74.02210387743378,47.86350591160999,58.22343140528871
108.16295240373503,74.34000062900142,47.54366306362367,57.80528926934092
107.47549376888274,74.4339120603689,47.5434430042267,57.59209104039501
107.65375129857128,74.02395956456114,46.98563399953713,57.7845698845496
107.2139356867223,74.46433285659349,46.91424593612573,57.55761663544585
107.22387436353932,74.09205798223208,46.120259695772916,57.37795678944209
107.71988725818777,73.33064676488853,45.73297023460103,56.79357097217607
107.20909194274392,73.68833801401772,45.55175630005903,56.1321740696208
107.7822891914535,73.44658241151458,45.54510179287425,56.085076143767694
107.33615497924862,73.48076617078706,45.27666465087776,55.679626716043074
107.7322939231929,73.15281805319954,44.610561689747016,55.04221850785874
107.0070832612295,73.31557652992277,44.64035923437695,54.99944691574042
106.96396195944979,73.44873793406614,44.42330288774103,55.06767305764896
106.83464843504936,72.79957835677033,43.562865605487204,54.81539406770936
106.35175129671545,72.43521638307232,42.930667938795665,54.27763852291787
106.43926842783564,71.40338699929548,42.46620496561778,54.02040495648716
106.05452620690028,72.07263901204183,42.02804780592601,54.04246611654133
106.34284552659231,71.96668928859808,41.99157029935443,54.03473055366322
106.19232039304713,71.79375372160268,41.62324800785106,53.59369067691182
105.88037016442618,70.96339162501472,41.57496828931169,52.906773878876805
105.80749676052156,71.33319232033342,41.50547461860532,52.9712496366769
105.44578322887156,71.2670479408352,41.49770051003031,52.55124652555618
106.08873568931585,70.9634249461953,41.46648003738393,52.49276680682815
106.32374639369091,71.01889813676979,41.516172984102546,52.744506582905714
105.88674299998019,72.49279180439146,41.272839683633364,53.64210193809208
106.14454932507039,72.24214978867401,41.42356309302329,54.34460362089416
106.35981682688598,72.70096130718952,41.88722364603275,54.940774529175656
105.5346657701013,73.24939098082751,41.94757519807865,55.033826070571536
105.45465003725556,73.90863029108687,41.968171849316995,54.93252579477939
105.08977787451525,73.68206657821749,41.94536795702419,55.07686110626034
104.56226559860123,73.47927518351707,41.904536795961604,55.142569628083024
104.89599463087752,73.44290846304025,41.907336299768396,55.08999789325543
105.11800843721961,74.14377585981045,42.3287109087639,55.214523475691614
105.3123220445018,73.34928470510033,42.67294807408233,55.055611498002456
105.11486051659264,73.90395187457858,43.103439367205354,55.41810943443657
105.02815104134737,72.78139405848553,43.385424601875584,55.53537167306799
105.61315694792519,72.885828834845,43.61937397036056,55.771448409411576
105.85329243872073,72.7823400844221,43.76091390185541,55.69934265830424
104.83210131211956,72.70207350469482,44.53481776150305,56.68874849842286
104.77502164923206,73.0902323836101,44.68916873766871,57.007233597037626
104.44762418308383,72.73528247146228,44.58175663871515,57.003357786567605
104.65495019281754,71.78093554935191,44.53421582530243,57.121570063405564
104.58201022784245,70.96757921635407,44.57218559900261,56.715079604401254
103.35713230379463,69.85724929131496,44.920775675613875,57.18798249647165
103.22057246128435,67.98284523436618,45.191621801064116,57.5799027929864
103.7325599546068,66.98171499864534,45.216474939419214,57.11696856227964
103.88695433147048,64.33328787271427,45.183000516746546,55.62157122722771
103.42762182366195,63.55497930940152,45.028316533340174,55.5523796380329
103.68660646223267,61.67990998973839,45.86743343783933,54.35770931739822
102.50563873673448,60.53271878169184,45.52786132047633,53.84922002938975
103.04718246193372,59.32922369937072,45.736567693320055,53.69747911493043
102.473243433174,57.656175302785215,45.97525080455043,53.56541123524989
102.82970415864965,55.04768939529577,46.10897852352101,53.7658120053069
103.26470805504081,53.729074261633855,46.1680478791762,53.8374599972401
102.78794945509819,51.27678867797347,45.91909620699114,54.60940177002962
102.57897816736867,50.47501623066381,45.63685872873922,54.31048084433644
102.38480569294916,48.597009678373496,45.58658978597667,54.750911673526446
102.19280108003402,47.467880094138856,45.37437708797885,55.183304142776976
102.33658238232923,45.6749183020002,45.60323294041968,56.17776654541366
101.83154968304973,45.04711841870685,45.693910521595846,57.37245322606286
102.32173574117141,43.3591220037588,46.110587355547814,57.88739258916209
102.3799577875231,43.51399207818977,46.45041157339131,58.22296188854232
103.37964148864813,43.11935166057505,46.331766217039686,58.18588774330303
103.4379266644128,43.839498021057295,46.15007135379159,57.70554070104947
104.16029834920278,44.79555715808671,46.41506003987571,57.36997577171721
104.86059706091478,45.81180806557451,46.38340487719387,57.00107869306973
105.95213929672221,47.53688492435984,46.2738525100712,56.829992968663134
106.75500492722954,48.71326717424406,46.545745760775304,56.44504768276188
106.96344274566883,50.37045879657457,47.137109869990475,55.935901254507115
107.48417817672981,51.70225420858661,47.1599242861888,55.77957361407678
108.22713601173709,52.46788943724268,47.22979474898675,55.27972100344432
109.7253249239306,52.94112188390277,47.18321550858412,55.145527228288216
111.3747333421926,52.822489502164174,47.29762193866169,55.249887939031034
111.39246766218945,53.95046926080353,47.15753904085548,55.096208084838246
112.38431422931231,54.999871447736616,47.44107307946132,55.27193984378458
112.67388113457571,55.1830317803919,47.58166583143452,54.988230262458394
113.75871839939926,54.847609809710356,47.675373259795236,55.18753184542304
113.67253536452617,55.320708499382675,47.7945624496586,55.35403588209403
113.08918557378047,56.051302757401096,47.715320869040625,55.43110115023687
114.24000832168448,56.686166963701666,47.54218489471697,55.19213445638574
113.81037132459619,57.491495263183666,47.80386367404979,55.469188428710794
114.78805479008327,58.74231721708776,47.870744057528796,55.58691402773854
114.98303393249526,59.3439237630847,47.895321295165736,55.360263435744656
116.11269993299842,60.89729172407445,47.83941946994066,55.30443083407766
116.55526269516447,62.208933653308385,47.92589733916324,55.40035473928167
115.59910395137078,63.81512186646775,48.66215891854752,55.94095377683012
116.15553229951813,65.39391414554899,49.12483322811218,56.288969194253596
114.17490194071377,65.78510818103284,50.506885571697474,57.17914276879369
114.46584278128705,68.03697683130608,50.672470931566515,57.26790424754408
113.94166009945971,69.12477586435526,51.50059093389309,57.76144985820356
112.27212721425876,71.71649138635769,51.9239615138653,57.79419007884712
111.91601569056091,73.32438332806649,52.48815904856568,58.034628729609196
111.65066303267506,74.69130233822722,52.1553694912905,57.59232513311588
112.40102498682968,75.55153055865651,51.79075398141877,57.27225931725728
112.75752580114397,76.65969930917075,51.64470791919642,57.584059023260075
111.4229646003724,76.94072569176632,51.69235510101302,57.61719058424082
112.25095572857873,76.4726389209601,50.51356095495191,58.3246196190173
111.34653624099984,77.27834208715662,50.48867495452375,59.19700845263989
111.06905805493349,77.48349256506572,50.67775608251584,60.70322666186077
111.25781531134363,76.07054222926757,50.411096672234606,61.34531996041018
110.75425846805047,76.47482596641666,50.32786306878188,61.30137040603386
111.14890455764328,76.30115704422275,50.09833956635406,61.8413352035467
109.9590436438464,76.57241791647442,49.89094896719003,62.216934796933955
111.02223861015668,75.55510564445326,49.70935273574134,62.85940846207004
110.2825513642951,76.07325926272787,49.7873600399645,63.13521975579425
109.21827439840804,74.53747539371537,50.04169216998079,63.38357582389738
109.19034074466556,74.71796896101938,50.04757168449701,63.341360051594044
108.8111204463863,73.788592377074,49.94889558183678,63.15297882007076
106.87643696602284,73.53679438818364,50.200312103110576,63.191258025390525
105.95260276131194,72.43231018395085,50.60121842757144,63.55876525221551
104.29257563902492,72.64272917364897,51.00083199831735,63.20788882067081
102.05734318502468,72.15536475137655,51.2825456856147,62.90589952556721
100.3466731094343,70.94749420718225,51.573713107303256,62.78427183954176
98.89945663736889,70.94103630704805,51.48961516764504,61.64391310367733
96.50591578079275,69.88559103608951,51.714151104430144,61.340756404383484
96.04412825188142,69.1242653698657,51.61111483412779,60.988606101088926
94.06036085336834,69.004979578497,52.12128268779456,60.712422434802875
91.42213703082793,68.21437459696818,52.13831566002383,60.163871655673
91.6060712804692,67.58786385516072,51.93164100839754,59.929908886358234
89.31108497568144,67.47063870888425,51.38669540508245,59.50493535078617
88.04061798721207,66.42522788343416,51.30134764373993,59.400597089577005
87.07615559644844,66.22765388484883,51.308977259251556,59.416106414872644
85.85664699362007,66.27256046775034,51.541008991275476,59.63372733110089
84.09723158830809,65.82560256602156,51.34598787318852,59.27501862283968
83.21618809508999,65.52607896874804,51.99450369263253,59.24238246777737
82.4492233995878,65.27594575773908,51.46004319105879,59.189288904443714
80.3762341994728,66.71653347529836,51.47827500925753,59.28279913827047
78.96157987007808,65.91979238066787,51.0533417246876,59.56027180604708
77.77637098567978,66.16008140232385,51.59548190559357,59.56806656546948
76.25354461031965,65.26052106211266,51.80119935357945,59.69581578593093
75.11424544450017,66.34467573517884,51.90529817349967,59.44735202085327
73.57096729661218,66.39540543249356,52.269732276892825,59.88197966235661
72.33708785800314,66.95499991608348,52.29011871758745,59.874332443223665
71.4820110267719,66.11237387488714,53.015195475753075,59.82797136643664
70.39617222941197,65.4917296533692,53.26037465738698,60.0525056590819
67.81890007346351,66.32527146384552,54.12578017533859,60.25912504105896
66.39026042558478,65.93466723591646,54.702969139064805,61.030506836760836
65.77624345054895,66.10339983396253,54.461520667261496,60.901873427778085
63.90420178476066,65.56448643572115,54.21195165508805,60.93079580531551
62.65521500186736,66.61926613379738,54.30945830192933,61.15306929490524
60.71472780408296,67.43282411519752,54.651965290271576,61.11330989948779
59.50686539820241,66.84111878801914,54.65083524363425,61.032835055797634
58.85056708741466,67.06245846350403,54.666083842748804,60.98003302416382
56.55802266470557,67.00736640061687,55.882993366877926,61.74365953275063
54.7278901517019,67.1256723881101,56.706176483705576,62.259809398584494
53.40610909365201,66.3100413252326,57.25514936640691,61.98271581144885
53.28922698147682,65.56598022474915,57.05947023138229,61.990720214564185
51.936162112710626,64.65715463458369,56.83257079411,62.24127849938729
52.47093754461248,63.54148028698299,56.41423452991566,62.43756249732308
51.674673206054564,64.16068781710358,56.79713796289087,62.84676096247253
50.73200909633823,63.34343958671774,57.1501328083001,63.144358619533264
50.98857652877959,63.84337074178967,56.34242702056582,63.33127914630347
50.561614423129846,63.55769772632902,56.07681387834968,63.668418023904465
51.804627613035805,63.30017082741762,56.41727980810808,63.830017231883524
53.408785500727745,60.9911306517688,56.13428751905232,64.14608037126709
55.0309054726947,60.22029862658255,56.14129879582154,64.16838101831928
56.51337940077345,59.756618797118975,55.502660143765596,63.53084504736361
58.17966902685203,58.61014959731224,55.44505952930375,62.522437621781776
59.897654731060655,58.32752946437837,55.31737669510525,62.55690091011044
60.70967087947762,56.897605827311345,54.976196571122884,63.026901382486685
61.45533587905838,54.970303812327586,54.8080935006723,63.76460782944639
62.769249253546434,54.078531181841214,54.91294802611026,63.66431825155195
63.75237541741028,51.46461807740469,54.61393202650756,64.4817440698
65.28407665487715,48.56706398982508,54.30834205157381,65.11277448617015
66.2925620707802,48.608092933983116,54.446751468791156,65.00331181269783
66.85890530231535,47.0262916372161,54.29631903404116,64.81049961131
68.27590615906169,46.79413295779868,54.38091168090007,64.39676521233233
69.6512755012881,45.35650506363464,54.14030483238474,64.05801648405884
71.09430806533346,44.47725655101016,54.08077779023151,64.07174727395625
72.78454654932185,42.15274563612503,53.84289420604381,64.40984075899993
74.21864473006214,42.01464193703036,53.663250701008536,64.56248248336115
76.256308031115,40.92166671711539,53.60968313210596,64.45514373862078
78.52412173009515,38.89265614935734,53.57893854664566,64.55398213487906
80.3873800794114,37.28816405920574,53.67395505113812,65.5677606267057
81.62613536134188,38.02634079566178,53.1199369189178,64.58583769578581
83.2812628450479,37.15155711366015,53.24840265463074,64.44519204709377
85.44053760691266,37.69799292565156,53.37994163187781,64.35988878248594
86.6571528039334,38.83589903568314,53.87874859135195,63.87281862785247
88.82241848307424,39.90175380463262,54.35748236978901,63.592396931750386
89.58126718772033,40.89263037327024,55.36006389116091,63.541323115764214
91.14897766755843,42.21342166294419,56.44346922543003,62.714086849892865
93.85281406095976,42.858940820441575,56.69886711733828,62.19500593235903
95.09857308403195,45.62533235955011,56.15118146865484,61.59838008070447
96.76535349785831,46.489166400303176,55.28118265272089,60.603927331229585
98.47163146342658,49.05318228503696,55.1068011600609,60.188358940668266
99.4400525512489,49.95904854153174,55.21262255863502,60.318993981389646
100.07188785268058,51.19242916569037,55.60823845479509,60.620375433267704
101.11870782795395,52.856030227397866,55.585445061865514,60.40033578543864
101.84326703000593,54.89918464953484,55.853611814011586,60.430405725344386
101.78120295105253,57.64508140153555,55.119143170160555,61.00601029263203
103.11884169284167,59.397819203079216,54.007616907285396,62.44432131063844
103.00681197730479,61.185476728177576,52.78767609421855,63.79681692938703
103.16261840064047,63.25403529086309,52.250889297351875,64.48443735284414
103.14340177191889,65.59817554248497,51.929337203232535,64.68960472557696
103.24922299884105,68.14006542676228,51.76754521325541,64.57018042577232
104.2985721990479,70.3461722229448,51.24131080209953,64.11782095938383
104.76909035197535,72.99320985179753,51.69150984780711,64.70343014992055
104.0048188247182,74.853639693975,51.96652812204799,65.97962551927655
105.52564839683012,76.28370093350225,52.10725728348821,66.95273973455802
104.46126731630233,77.63139933277921,52.09380753048127,67.9555851235041
106.05862991099123,80.39008687915958,51.93268219461911,68.03104450339957
105.21456648810451,83.11009538436302,52.35323091539253,69.30227016877396
105.2573654710684,85.69465862312953,51.63083790551944,68.70545509260813
106.10998018566517,88.81107576933402,50.83639033667749,70.09545405215226
105.34727313652573,91.90239841813748,50.44000572890168,71.98725638638129
105.93934638121365,94.83221738679086,50.530273302025805,72.52700199399642
105.89770394785812,96.92491340277542,50.72520672830721,72.82392502550387
105.6370305135688,99.4089305559975,51.89813440743271,74.91324850714561
105.43923559929057,101.67486416770254,51.994545158840744,74.69516302201681
105.38375166450837,103.5653544401289,52.285429410241065,74.31475620763283
105.00740557474431,104.67453578755027,52.8502096024645,75.2429999581026
105.30751814690981,105.88741296005576,52.27644319836786,74.92936719512286
104.63825455931674,107.78927313353125,52.8494827026556,74.12177111575
104.162003533802,108.45633447129998,53.75469776638039,74.46344494900158
104.36956840654108,110.84559848202841,54.8486927767616,73.160075618951
104.0740139930889,114.20747706797212,55.138547331205004,70.17774300761046
103.07531128245932,118.73193662084114,55.85416869484696,66.63984074757555
102.78284613111768,122.08890365345886,55.925274534639655,63.80093719991824
102.53626800177591,125.244583479542,55.707386481799745,61.62855459853317
102.85445060397515,126.17260375267975,55.501517493221556,60.04523438917177
101.5834987800921,127.18365390904762,55.7469886458705,60.61451896413132
102.69661066229142,131.0606393313692,54.98829417834686,58.791059594097504
100.69442621895622,131.50382554548727,55.51524607282974,59.345513581877015
100.5887112086591,134.6266613268084,55.70561896451771,58.838535256539416
99.05261206055718,136.57510739433684,56.010803710916875,59.78130376601385
98.37034514285085,138.70592810955083,56.06801027582172,60.50658555335927
98.57398849605846,143.3042150562999,55.423022153390875,59.67576483368924
98.1166895907326,144.06287040701625,55.7265359796676,60.07230300920969
97.44525737366399,145.64234496329965,56.318439110093905,59.77329347183817
96.6896293969461,148.3269687087164,55.93716271489685,59.65203182084844
96.09000216351583,149.9484558950491,56.02630975988241,58.697357008729895
95.40701269456969,149.65591641264024,56.44708300929814,59.274837096594496
96.56089679242807,150.3816806250818,56.19635216709698,59.26114436507075
95.9719251216944,149.9446166706795,56.29025009840808,61.68152166352382
93.7162040349441,152.6593028054197,56.55572059222119,61.874463847168414
95.08350915049081,152.0123701099608,56.63800489237775,62.305002211718985
94.84992803178203,152.58271760222863,56.03654835538126,62.3928075933943
94.69508990926954,153.4044761079491,55.855273062320286,63.300956841718985
93.70367039748831,154.0228219866697,56.00278493744524,63.72466547490281
93.22226064381798,153.91035785703446,56.198621412559355,64.63976402225919
90.64699125177313,154.5943288473119,56.39013004528187,64.77899367256369
89.14564330754568,155.51686907297486,57.99974426869769,64.97773646342529
87.42650885866342,156.24933787607608,58.746469587360636,64.31065041972286
86.59518852644982,157.8194362894372,59.212424460772226,63.889203593000616
86.35691700276601,158.00077909196912,59.508517068686714,64.68716251918676
84.45190900842121,156.9307144867286,59.58879672925132,64.04360032341782
83.6070727689521,155.5006440527265,59.891964081236424,64.50780613282828
81.07020529050794,150.85154412262798,59.7463539453513,64.03488782896277
82.67541551580007,149.52313962266788,60.3268880846108,65.93939275173456
79.98495224797968,145.93054986529808,59.839620040173465,65.37332104577105
79.4719099222826,141.71762257032177,59.96252170816918,65.4981349863096
79.64379342913188,139.9101119031673,59.92254192591594,65.34170246319668
78.47752928043509,134.54535457319008,60.83836795280168,66.01788765537766
79.54988089587219,130.20163759505294,62.69381730981811,65.85394221712068
79.7103803270208,123.16696222520581,64.43412826197402,67.71139415310401
78.65842950666477,119.62346492542426,65.31677746127983,69.16365364524523
79.50250284411355,116.16296724872976,66.06240764185102,70.39775935019675
80.10055967830442,113.38913022883779,66.35015017464114,71.73568607552754
81.13090624114307,110.74940527932704,65.841245379042,74.16622850384593
82.03706358511496,106.69255790862627,66.71148684344196,76.82078628235685
82.71115782476372,102.54945931566932,67.32872194812883,78.74165754053635
84.00256990965096,99.04590486333933,65.73182917483872,80.23839046863384
85.58483013906752,96.43125177103158,64.5602591554587,82.12416027629621
87.04447911232091,96.32664373282502,63.81909231246756,82.72250599138121
87.65684202153174,95.12165325829575,61.654058876858386,79.7964884052835
89.57926591235753,93.85906345159131,61.30991299950369,81.53196464955175
90.6404026586324,92.13124009830591,60.10005405773521,82.08294827018506
91.81035811914919,90.68508516662729,57.834880685529754,78.12766291869855
95.00871067236969,90.81974426864468,58.424930950182485,78.28705565216376
95.77707470862354,90.33037372092521,58.74052831712791,77.51076134721208
97.35893613504365,89.79105541408778,58.47448002483457,75.85126929877757
98.9986751666132,89.28756830224438,58.343561532007996,76.66802745801122
99.98597131901167,89.02361466804669,57.39777782096105,77.63996548812537
102.13316746331094,90.40209600900532,55.862754428846884,77.64377551128624
104.97757893312297,91.32447403598437,55.896221528285295,77.55524504326566
104.74876827782623,90.96125974337865,54.46913824903503,77.9672510210552
106.84222378899844,91.62141995549126,54.69470281262814,78.32152166128309
107.6488683444822,91.26650589663126,55.57646985400436,77.12815153681562
108.88071434926339,91.61239547026327,56.22633375264511,76.69882356142661
110.69086306910552,91.7150810757318,56.979724057101464,77.01563862978641
110.78936551518912,90.75620730393746,57.756229907121764,74.97098382962507
114.8775437849372,90.98939453637568,59.520303055125595,73.3446667377955
116.32760841475661,90.41147978149934,61.0474504068149,72.39777407957945
118.25610703008671,88.85863989177403,60.45793974842033,69.63812793129567
121.3958672122827,87.88378481672021,59.555219921137734,67.41852655796583
122.69754132265223,88.46147569018876,57.95725805293773,65.18471463524746
125.78753433302208,87.05482544776898,56.64992217868242,64.40400572067298
128.3278103392846,87.18995751825514,56.66180791029799,65.85000439708348
128.93898055206904,86.68454517090404,55.65617280699474,65.61040184569191
131.80644134503365,86.91264004088163,55.75361816442488,66.95960151003364
135.6643725134893,85.97931390615136,54.50035653552142,67.02835644062696
136.9521139251723,87.78003646767192,53.02339971313195,65.18364044356241
141.56946568544421,86.76206010460082,52.307342432822516,63.34506619216555
144.65132372691613,86.49302996655642,51.15905298562087,59.79294702489498
146.2864873695111,86.43085407196116,51.3542713547278,58.5542159283433
147.83660099434937,88.03999724028019,53.172867347238764,59.67101259951775
148.82187719515628,88.43134728082534,53.07259997980465,59.40024489147433
151.61827018122852,89.54800531221596,52.78450150766014,59.66892773006027
151.58670611679142,91.8153962412497,53.11874780059684,60.969717161055286
153.5498279839204,93.93697675091022,53.1324454725889,63.159661610484264
153.2058156117947,96.3554686585052,52.99081933793407,62.932754699591165
155.18316921879273,100.22922993390048,52.495554262609886,62.00710104528498
154.997481082695,101.0447332852679,52.21617369886782,63.55393552907358
155.24981643852436,104.67129563150357,52.10887237197471,63.665190719414746
156.87089883561148,107.93498699458179,51.182335629558274,61.20183387216455
158.99755465345282,109.83135144755369,50.76450373020373,60.07983555704108
160.95574123451314,114.42599401182395,50.11586128097374,58.59506397830523
160.81796321531925,115.25724492248384,48.72921639162713,58.01570729858702
162.51784077562849,114.84321362197652,49.10405843897739,56.067601076359466
163.7790629376957,113.11277650019338,49.4235178013664,56.93065122324606
165.4620434111411,115.02980588679254,49.501572357405294,55.06972172250866
165.11522057342907,112.01253798824513,50.01768202208717,55.974039013744125
166.2663423458118,110.7181422264709,49.80732690505609,55.21576938006601
167.3371264189585,107.5748310759822,50.755190521458005,55.86080537733246
167.37549645532758,103.19804787059157,50.334853036610454,58.27536727151218
166.86970683587407,99.52290156670287,49.85506875012686,61.31441109999268
168.92753159574212,95.15057674539788,48.762933024336064,64.42142646525892
169.95373463605253,90.77166996265694,48.47224569371524,66.95798758933455
170.50573041052166,86.31830095693972,48.63854833423011,68.69747401385493
172.37066979844604,83.32936737755469,47.82483777127195,70.49486021559373
172.64886045858873,81.36677739645617,47.71411990313502,73.23089222857205
171.56938633602593,79.92065660688368,48.52835684454969,75.02181544834202
170.29637191344986,77.79868139597156,48.84164338013154,76.55040332133814
169.0095323261226,74.71421083063171,48.58211637802821,72.50472958385377
168.9745574079992,72.28418231938655,48.52589128751718,68.55185936025035
168.92322216340526,69.52715033259967,49.064200204439466,67.31335985726159
170.4303356361219,66.552981307869,48.708618888889006,66.55268301414482
171.26372561484743,63.364101041073226,48.141234683391076,66.96813275672073
173.27126121390108,59.9947215339338,47.90260696672911,66.94428801123397
170.04485653024201,58.03440641497183,49.445473707094095,68.59431888392352
172.28184857759322,55.60890501295812,48.84944981746979,68.83680118013845
172.90605595625118,53.0001084208855,49.27599233554452,69.39947187893212
171.77646880959006,52.249621343219786,48.98778808882769,69.51201829988855
172.56160476760695,49.46836708683962,49.030766905215785,68.53207686147701
169.0904064376544,48.56818984221776,50.974216421566204,68.08609346009573
168.51945232077748,50.214946397621155,50.9930930391091,67.72940896257019
163.82683021669587,49.76056823235986,52.98664413203794,66.83460694348341
165.27444802575337,51.691392311038435,52.253685735602645,67.12029765331376
162.81754507456424,53.784433023212614,52.34095355204339,67.66762992525446
163.04821230692716,54.564221603767606,51.995494331458175,66.78986123582416
158.45307521108722,55.84715903321037,53.50740853778649,65.99725603025895
156.02499513006927,57.12992420040622,53.96087399767394,65.60978050543756
154.54922105827197,58.78940639893281,53.65560146255764,64.42523078123594
153.66300082876737,59.855752031117134,53.78982781023869,63.267896572531356
152.836439459685,62.60783902414087,52.58395701812998,62.29199712261669
151.99227280446004,64.1493331570581,51.94564543111899,61.84731452084476
151.50077879845264,65.29355070978315,51.21563600661035,61.05015138805089
149.81565594125482,66.44581401618237,50.6873221506935,60.065937275252466
148.3733523206946,66.84743506784521,49.90226691622799,59.96217332134083
146.75094402573944,66.7079155029162,48.91403602078675,59.1380935547145
144.144985783342,66.65616497764631,48.91135289620664,58.164827637480826
141.38083612404745,66.06413144312742,48.949768791944166,58.00358831003423
140.48999171096932,65.81397868386998,48.699383643491046,57.789935088314735
137.5228970168671,65.77041286452014,48.95631167915647,57.431967850061284
133.64646046150122,67.2555303316081,49.0848256590288,56.99989514733066
130.10657592584425,67.8015829135691,49.78237732311621,58.071028508799294
126.35758521174577,70.36197308386146,50.37980027963344,58.90616552661303
123.24954733365978,71.26691150004332,50.967625913735134,59.70926476846804
122.96949794841773,72.66028505239574,51.45896858070361,60.40106380634134
121.93470780364238,73.0552723766047,52.27789274232461,61.825749802454666
121.26438826005935,71.89918948851823,53.03061068691255,61.73200127198696
124.90806241970911,71.65615387123026,52.43871219671459,60.86748656906292
128.45159973201086,70.41134070890557,51.5209490955486,60.15301133121229
131.43001476097135,69.92485279203821,50.896928485869836,58.96290122744702
136.03213229537883,69.2347410491846,50.776738827211084,59.055923785419836
137.52413849021474,70.4342007778373,52.39891235062523,59.815741510731634
139.6364868367377,71.20697519224736,52.929525716173046,60.48180156863029
141.81394459447543,72.10684677022377,52.75280233936947,60.6595364400212
142.41040407134903,72.40702963671117,53.15425899597383,60.31007097560109
143.36729427433437,70.27634039863825,54.14729316519842,61.452491932215686
147.13734161100706,69.9208719751739,53.046804204743665,62.003715034027195
145.1307499396096,70.24701193095154,52.1138052965621,61.572061953526585
144.27437065463369,68.24349028755402,51.64173415459982,61.49898133895445
142.26143954742236,70.093235553849,51.98970940613184,61.0824497907395
138.45238571655455,69.91167349059893,53.69682158446902,61.829698673099
135.80193249943858,70.84239392634292,53.75882115834938,61.854549305517274
134.67656839024264,72.32600594686542,53.44518780447566,62.284206367987906
133.42382670235344,73.83902664654143,52.44447611189467,61.30771025672183
130.75007007245998,75.31604563874558,52.63883690586132,61.54973245297758
129.01053367454156,77.2490431278403,52.598775180213764,61.38748808513973
126.74394804319891,78.52215375208034,52.102222321805286,60.944629873769
124.16618327546671,79.41011150745615,51.498505031097835,60.47471411887677
120.82475804581787,81.9756038899038,52.995411886879886,60.693247176247105
114.47296629414303,82.3819853552398,55.49376467733892,61.42296471432509
112.33241260975058,82.71775567645992,56.368713598858214,63.601170775986404
110.05652687258177,85.55454035632168,56.455305629836474,66.2316327883332
107.87350432358556,87.9367849106718,56.64521852568045,68.42748608685952
107.16405617718362,89.74073510028275,55.055676708132765,69.86090650841888
106.67739427563058,92.68173826593986,53.13308071143415,72.37352297983904
106.64495590300523,94.64782092689188,52.984975278950486,72.41810326340375
107.30442699334517,97.49704405949235,53.632631609012776,73.22707276968717
106.75121627686715,100.11378330263597,53.042001040015684,74.0401641076187
107.4315932492925,103.09012421293161,53.168582300243116,74.64342100773054
107.36234878732105,105.06874172735579,54.410953060123504,74.24075140856968
108.19400558210303,107.92535405236863,54.294331365090805,73.83865346752836
109.32840908780435,109.7766775710551,54.625896668141294,74.37669856882731
108.4769725149703,112.5334062392082,53.57126248959065,72.79860500205235
107.78717527943343,112.16355880006995,54.46428469503941,73.48577912837573
105.9518713291028,115.39895464512585,53.84036744921626,71.16992518240454
107.12429532363575,113.50435178219449,53.94327336640038,71.35648503424383
106.12766577715738,113.88387748131407,54.225961170294624,70.81571061354373
104.84799680524984,113.61873098926421,54.91341190707847,70.0836134609247
104.66114222200636,117.79198596340132,53.999798075518534,68.58665185249423
105.65263868628897,119.84798652694182,53.289876436015824,65.80761276154604
107.08947875854437,122.11150909938901,52.43053955322377,63.76831480903447
104.04329558438856,119.15772758454071,54.44813783512913,63.9294483953717
103.37842554984628,121.54059108840576,53.4103547108543,62.78234321381347
102.42243662962439,121.79608568771637,52.739095856962166,62.75592737945007
100.53676091152013,121.7216967592079,52.11031606758475,62.98809451869357
100.35316843317605,121.93372102858898,52.2807236805229,63.226185872509554
101.56317946249263,119.24565058430835,53.75706392657723,64.81022776204738
98.77733933465649,115.9314865245652,53.629815349241724,66.86535947040086
98.2907915950247,112.8558734797869,55.21246893397405,68.83071825038715
98.38906341784326,109.54865897179369,55.74358642114943,68.80578874586575
98.13644136616938,108.2116048104653,55.271291461997166,68.33925680973344
98.0336387760262,107.20370226978636,54.22515714033043,67.16252649070071
97.80813498277689,104.22732932469891,52.61471758327435,63.3514021416178
97.75280374707319,100.56878642252595,53.708107105463014,64.89231912272155
98.19787316183724,98.26969458097952,55.267873671442715,68.1305174542519
97.20382921643944,96.60129871597903,56.964381362042985,70.66536826628415
97.7469334614238,94.0601975190571,55.7603750205118,69.34434190036237
98.17648789373905,92.8021508739231,55.64645963732657,69.14905518574757
99.50996400974059,90.50414369784671,55.62020869926883,67.38023189141595
97.47086842564033,85.74132965719855,55.46355184500841,67.05596068072008
99.03642909386534,84.89560650205738,55.12355294508183,66.66072181033836
98.68173060784663,81.58112646688122,55.27633980969736,67.35798022053446
98.2943311322341,79.48000311108737,55.363791348813024,68.31533862645807
99.57474507919027,77.8570570784158,56.05741902130697,68.72855857266056
98.58812273154305,75.45651484803265,55.73563503007796,68.27756783811438
98.68608629036639,73.28488244682408,55.194935573564095,67.41929455459402
98.56898572192102,71.27059837256908,54.87551732568919,66.96464737107277
98.18446306173885,68.88100961224255,55.253037377498856,66.3861741348899
98.64416554865373,66.48972471362804,56.056258136090975,66.10751041161112
97.11541155431937,65.00392530975446,56.69335596850971,66.825630215452
97.53924647364546,63.45613356788789,57.33741586618563,67.1626535185211
95.58332259245142,61.8822866961567,57.85462556705027,67.63601559694442
93.88524338716559,60.654476767770916,58.307729778403214,66.72479890586442
92.45891263355026,59.44063800359468,58.8414825942276,67.09772789906064
90.79481959035445,58.852267410072514,59.21144724507235,67.04621286051903
88.42617066067794,57.917234282161495,59.58679136907381,66.5846445948567
86.7322632714444,56.68483059191171,59.18479596687683,66.67461982203595
84.70257387348428,55.550127832701435,57.67061214072673,66.45728522815182
84.01345328985396,54.71823668144457,55.17020645740147,65.94646120742335
83.81586010862758,53.08948596833617,53.888192502471405,66.29615623715578
83.71949227434192,52.46801716758076,53.12128766811303,66.73689352128379
82.52429541223209,52.21996485694801,53.036537959715496,66.57259775192429
81.23982385745563,52.1330926063736,52.94558421868249,66.47650582729186
80.70323723755949,52.93230740097859,53.09241163327945,66.66033331816001
80.05178934015868,52.81996921244365,53.39442241831546,65.50915520304238
79.88697030828354,54.114497711384914,54.212173885386065,65.2025536494958
78.36118362562743,54.099920958402116,54.77198699679202,65.1775079367114
77.88734989494442,56.99835323990147,56.39567984878304,65.19349432586112
76.7880164180473,58.589683348685355,56.21757678304601,65.94751013368398
76.39969278368163,59.46236612861824,57.46155498439455,66.52564616073226
75.31286652566698,61.42427716882038,57.834517803158235,66.29486302075767
75.4105470371926,61.120728454309535,57.05743070588822,66.39068420466218
73.5386345762385,62.26704255637689,58.81343214146833,65.14189450150403
72.59824421535653,63.24148421144338,57.92758078315412,64.19147005367574
70.46720423367171,65.46453675961214,59.054528910586285,62.87630062628352
70.83094033489729,67.87687738118129,57.33345014075228,62.73007092123119
70.00742351276807,69.0625762377793,56.5870206502451,63.02005016116016
67.76904908578099,71.37336877976024,56.36870114484427,62.45585338286233
67.92833394943008,73.41336114162173,57.17513141754608,61.75268445503778
67.73944993315364,74.28319236586057,56.517712682520845,61.366674960661655
68.26296951166616,75.96586038931777,55.93110748545676,61.21302409441134
68.76872546813658,77.27814628509215,55.57036766724247,58.857357942511015
69.19045294849398,79.95837029709591,55.621443956527656,57.4960096499488
69.8892844092469,81.60516910365229,55.03597585924057,56.53001823800792
70.27685338487021,84.56150522700614,55.55154835721272,56.2936612989174
71.10336762818253,84.24606484920432,56.04465329343964,55.92435894905232
72.16201067372738,83.06990802612026,55.9945974269593,56.029831164556356
73.59364371088392,80.02352090386917,56.049300102646214,56.24588116589448
75.27527292902437,76.89322673642313,56.5643070472247,57.47337318730999
76.93222011884225,72.32769618405148,57.34759589512798,58.722827236389236
79.1436508442905,70.34198280682544,57.54340204677055,59.00628096838037
81.42081798568113,69.32376276181839,57.50292274445806,59.568828846480415
83.03169428946713,67.23765604636428,57.65388131852668,61.03108133988863
85.39496297772233,65.95884012076108,57.98099384436003,61.341993830743455
87.96347147331544,64.21961572506625,58.51095378188476,61.61850780768
90.3393415202584,61.938749929712024,59.89303326807695,61.91131849995095
92.56343046312026,60.129220868878285,60.9520270132126,62.81496829642312
94.00448200430019,58.283337058326424,61.15078025409493,64.62131416459715
96.88514438788351,56.32943967740408,60.77403800645954,66.44141666569965
97.93571965289044,54.90263948928188,60.868627222539445,66.87114314057686
98.08158026678447,54.13692166275354,59.982042103149816,66.78792425261793
98.01896771988402,53.686221331131435,59.78239231902102,66.36797481820588
99.04863254972341,52.83464422617786,59.828897620279754,66.37134570291772
99.09214934944099,52.70277799916203,59.615078742524275,66.53925296163688
99.34740661950988,51.69781111316263,58.87737609203491,66.57707980004193
99.38602228787656,51.07020420659333,58.095661723075025,65.39860831044615
99.84870257574414,49.443144233405135,57.781430908082015,65.06067198240848
98.68222237231201,49.58087225146076,57.14704512354004,64.20208606348473
98.61681833176235,47.30766826467625,56.848165704639364,63.83849037494438
96.93210309754218,45.90053806279987,57.055303692610956,63.92667655994714
97.2514305268966,44.7029884007392,57.28768154874585,63.636610478795035
97.56059909403942,42.52182412136554,57.42824028848365,63.54695844672204
95.5125819042583,41.733769470247225,57.54769690925684,63.1304224852868
95.11785607037395,40.78579888471336,56.756765276244295,62.771160409284214
94.79625117466306,39.94256472610731,55.501201874306695,62.33497858001194
94.13264353244325,39.3497724178769,54.579027510308805,62.01253707342589
92.96777533986904,39.11343798338119,53.69956589741035,61.47725611331575
91.34251380906477,39.18055742609154,53.16774032620641,61.13244593883254
89.7288884034069,39.60946229441923,52.742128588694,60.648964815458406
89.05869969098912,39.72267187529381,52.24723990024834,60.33889697206863
85.99325683733025,39.18141658367195,52.361630856589485,60.49223885414048
84.74800382913246,38.83562386048966,52.44390323040697,60.569398641325364
83.11784258065586,37.410318180439006,52.44757289532889,60.55196800923918
82.36366274633747,36.700599586000045,52.281478828614134,60.851699997921784
79.53432305877912,34.404180969743976,52.28001721251988,61.472338744105805
80.073168826765,31.20139736547874,52.357782219516864,62.886252510253456
79.12933864898079,27.386045056637585,52.544057077038424,64.80769809473264
77.15631766162562,24.9352777457067,52.88920793846751,66.33418694022723
75.1113816849053,22.335441195531637,53.01205413507223,67.68249590483516
74.61634970949325,21.134938053666986,53.096844648396306,67.62158812606447
73.24053372284862,21.127855668093247,53.11977789121683,67.27999423021976
71.56167684854904,19.024219273414353,54.013532899581605,67.74285173637442
69.67986150534733,19.279815033369687,55.11000355180533,67.24166998208875
68.32108125960794,18.865034917878347,55.9929387991435,66.89799718084487
67.55854088217154,19.73465519202798,56.55831801593035,66.32248343918623
67.34017300209686,20.802491163482316,56.7595038493219,65.90608029510568
67.09532087201518,20.733914102212623,56.97743381749309,66.20171220084819
67.32081239005495,20.547683894679537,56.5401684327807,66.65217554560186
68.14047273830516,20.7562842675802,56.52419978706155,67.58070844237866
69.10712914590093,21.045187235835428,56.84006299726064,68.38345670508696
68.93407189269288,24.388103095181187,56.30734754762206,67.84829026959856
70.59940430539085,27.832114629374573,55.64840513433549,66.97245897367273
71.78080106927885,31.430861617547016,55.65578982921574,65.2450730295544
73.81141283706094,35.92245403942354,54.3014907321281,62.208741823496666
75.47551474294642,38.04262922416229,53.04585772113842,61.61267856339417
77.10726293025348,42.32031363941488,51.93435414437584,60.23948441550618
77.76168660486577,45.04352086546761,51.39473286937002,59.283136491721024
78.86016685268316,46.984570334466795,51.29449783760242,58.69450984376172
79.7095887234188,47.84108557804628,50.83451518011552,58.33555955679806
81.33869509682117,49.386869964508804,50.75486078292016,57.96432769793552
83.41795089871144,50.28751529921709,50.57504790960836,57.758984294143936
84.27969191505056,51.048628747043885,50.20453218552386,57.27449238384192
86.90070183783743,50.817600385057695,50.52048047959856,57.42615482070492
88.36207274887181,50.047712353015896,50.71498719268607,58.001728003929145
90.82488963299988,49.08829018610839,50.50007730138305,58.15438276254885
92.75593839123039,47.250727559012134,51.36242131324235,58.56055660072574
95.47386063696007,46.81772846291008,51.68091031787672,58.921351545859515
97.78388320888695,44.33200681243791,51.79266143867143,58.983096360475734
100.45198809277515,44.059364640039306,51.98053004003563,59.382277799999514
103.27199531456303,41.80517894499113,51.61981247145988,59.315972676423996
104.68618153489854,40.49997359770641,50.83562948391388,58.77399384462625
106.66682542156312,39.90875145113489,50.36179898597533,58.43123061823803
109.65543204389547,38.04071502495997,50.531070116310616,58.02210083386912
112.82440678299683,36.15652756328844,50.076802889084455,57.74567595252468
115.42109376342114,35.3183917179175,50.00368344483739,58.05848328779781
118.06620753891667,35.115588441904784,49.73803780302602,58.30376574314356
120.17675432615825,34.389390089951384,49.42049342287882,58.44601230056598
122.60193935678645,33.37885807231311,49.210031198536484,58.40802482217066
123.5541109676692,33.06189745604897,49.22243602364598,58.725021005870815
126.00393855686326,32.383476567011655,49.09179329642974,58.82070860914075
128.5537109820535,31.837909381601392,48.918426424564885,58.892174400859716
129.48880167931551,32.002171729090264,48.94335611402522,58.9021812000226
132.81364354829034,32.43878793728003,49.52070789853648,58.56618022895556
133.42677527202872,31.831954574652137,49.20241869422382,58.22938613878166
136.37726751552367,32.62624453195152,48.86517016914799,57.855283763245396
139.56597600375733,32.60370624318729,48.2488768499072,57.12941002339104
140.12258037633725,33.63176699748363,47.42209083423954,56.54940850991555
141.91715558535577,35.33919686998739,46.76079686151499,55.262127500259595
144.51213984487362,35.279671445164425,46.68519296650274,54.15179297392896
146.4618241515585,37.71507075376788,46.66491370860177,52.11609262332361
147.68687367364686,37.72260541019293,47.510941983760944,52.28351842766102
149.18397073822442,38.212185730963554,48.068810842887125,51.97937609666664
150.90275778958656,38.40616784128821,48.47849626164721,52.20518140726734
151.81668505557758,37.144927395500794,48.134101202321375,53.68847772852966
154.15337265553933,39.92533716785367,48.22567961567913,52.470340068589536
155.0296354685572,36.646388436328785,48.46984283241687,55.30182761952993
155.2856177980697,37.20513363316946,47.99579626421217,56.41616400807514
157.08882909029066,38.496816730113586,48.47869863094213,56.68999080735095
157.61643133669736,38.99653988650678,47.75729540765999,57.45906866448644
158.55927227405212,40.43972192218828,47.257370979239525,57.34400586265469
159.43500092875456,42.565381101936026,46.997139866123675,56.92448987132326
161.64582672821126,43.54833789323726,47.55629271056965,56.76774987270517
162.49045804223204,46.063270214046526,48.430262504403146,57.249100441047574
162.8340991797641,47.799407138080724,49.05548022933898,58.065141412315114
163.51815996697135,49.212225034325506,49.38604334730729,58.45825561982555
163.9902321218562,51.16511866826491,49.624119496522006,59.14386849843112
165.56688467839345,53.6340123199407,50.79034868520529,60.5603445007436
165.32292080434334,54.31744883729955,48.583894719438305,60.83228067012747
165.7803893793929,55.76431850707001,48.35133061621421,61.21408454347717
167.228769016103,56.767916845568465,48.02846965822371,61.11162724636307
166.7293712425781,58.41006723774277,47.58033527363287,61.80423991416289
165.05546184461454,59.00467295074796,48.18396766819279,62.67423258971502
164.6260657832342,59.07552878381583,48.383946314390975,62.87350908275897
162.90788312826453,59.88136868657391,48.78379734210376,63.34006108876624
161.70415298384376,60.377780245460514,49.651600038171864,62.78081646220398
160.3199657869824,59.59351310892684,49.856299505136725,62.36287002238068
158.7690133171268,59.418576012500225,50.50218027492609,61.92192695449174
156.9228714995641,59.11552786828038,51.126531781145204,61.4642720222283
155.9090952844911,58.60088158443366,51.55069065660374,61.50568006843737
154.9810402532471,57.989722094411206,51.873048277685484,61.50483925844321
154.07063279048663,57.220468144550765,52.24241667000332,61.54191283199222
151.11434010981557,57.986691717650324,52.849276933689175,62.07175206274623
148.98364708307867,58.18371320831909,54.67438369028797,61.995732763049325
147.12722010105057,58.62651648050523,54.98742686332855,62.01698657023954
143.8046801879785,59.435414356890675,54.24017270509768,61.7693690401249
143.7342252610416,59.55815366487667,51.38140299354183,61.23714726009042
140.2938812927922,59.15453915545275,50.196249255235905,61.948184872688245
138.19943084641795,59.859967397000105,50.429919435093765,61.514165547796665
135.12891890316394,60.122779049529086,50.80101534308622,61.636567755434015
131.97291868513412,59.418567044890594,50.81165469516142,61.144250187562555
129.5568283274951,60.38773733982342,52.03130184110352,60.45349870902504
126.11480049092478,60.147018446115084,52.91081039510355,60.83520505112921
123.25493858623678,61.212362965652176,53.79084304237019,60.639528829437836
118.4654958095857,62.02359810955846,54.85910847848484,60.69651715978933
115.10425860911381,64.33771871019704,54.908334588413,60.81070759913716
111.39514579897319,64.87676255549727,54.682212064163,61.931182530607046
109.56912977856837,65.65813275310316,53.91993746434764,62.57010229164525
106.98071207443674,65.79234931781215,52.82220622222027,63.43252853722724
106.68044777214769,65.97106338810534,51.85294112562649,63.902538751133086
103.66139175534866,67.54545369029319,52.824158627974555,65.2357222580855
101.41936932510858,68.3008539683435,53.82831457243909,65.83686017854737
98.36484371186538,69.07333281281902,53.606204299902046,65.36685366147135
96.64337820716162,71.99106194247429,54.00203142747364,64.68289991876235
94.28270296411124,72.95618164941992,54.92673579541034,63.91065000682423
92.37711247545403,74.00142794046953,55.12210256374037,63.20773066691251
89.42852561205717,74.08177108030837,54.00467362940127,61.83065949953951
89.32600646779458,75.5606187771001,53.414667972613955,60.78029747997947
87.86418124452751,75.0795954127392,52.87365777461684,60.41089279268566
88.36826483207162,75.94255446170709,53.99523608292708,61.21421053459365
88.59515284069523,75.6654146682845,54.27885630591422,61.49970655210288
88.5277626738967,77.52763713276454,54.54779191294878,62.5501639668928
88.81169660867891,79.37420779113197,54.14084323283749,63.84934747925952
89.84035298031566,80.88852049700729,54.58624655401712,65.79693361536042
90.16276712076453,84.27210821369002,54.74969158854907,66.25152942222935
90.31730138397049,88.64957053905638,56.33542897034028,66.93988785255128
91.35877554612904,94.23351346435447,56.35323443020285,66.57314946289262
90.54483958395167,99.56970241716976,56.719402863346644,68.49540656702764
91.28425562823577,103.20016050714015,57.72752451013004,68.58245181286813
91.46984616588122,107.18309020074956,58.39951054909694,71.69853212291494
92.00876089632317,107.45764188718182,58.99907976985365,75.32496585942542
91.88608807358776,108.32523073700547,59.666025757121346,76.23569270079375
92.79758297581823,110.9169205642423,59.88206793508229,75.92764873967944
92.62192359977792,113.25979629790714,59.87172286880356,74.05778472352164
92.42665328217556,116.33869073062733,59.18111726377388,71.59250074089377
92.2858846013003,120.9220833572391,58.69086507474316,68.48021988220147
92.3513140750248,125.6627356894303,58.47115419858321,65.4657426103972
93.25237824838172,127.00937797259246,58.274372531556864,63.64852615930725
93.12158477178704,126.53715785463756,58.02987122791028,63.38056405146708
93.66910222636608,124.11625533764894,58.00383656289283,64.39317597020994
92.71222646503895,116.37955359016146,59.11908039511742,68.33670275620052
93.00998110024472,111.47677660509665,59.50814448896371,73.47326563746296
92.95701300138022,108.40786786449624,59.572820921067695,76.22509679053876
92.30501639989576,103.1304810113201,59.76344132130222,77.86272572150042
90.60109232193774,96.4051472720303,58.68264201628077,77.51700648133001
89.36992209700776,91.22019758236415,55.71038163606259,73.17294712042795
88.9311833636194,86.15469964186207,53.95117087041744,69.61558850924462
89.1612332333302,81.96264204284633,53.068967249159925,67.42163974243235
88.4374310460902,77.85563308821675,53.452454191999294,67.93909393098838
88.27937243760984,74.63118450421963,53.45276025173345,66.66823401890449
88.1241288454709,71.954010083661,53.066958373511305,66.16496262076393
87.42151248952493,70.08803616184795,53.07509635884075,66.20904425345252
88.23844685972816,68.73504920984055,54.4291121399187,65.33315475414702
89.20652452897929,67.24221291594098,54.98505274868205,64.83222455874304
91.0202739421778,66.0223244845115,56.42133566056627,64.19068733468794
92.6542392846669,64.44802824940814,57.41706159179902,63.59266725606655
95.57631335311473,63.8969013892996,58.192435549629934,63.26485200655705
98.77598817585641,63.33924539208218,58.44755062582625,63.37532696485909
102.15655754552182,63.35188425638758,58.916209249776685,63.34946940226391
103.64785246626741,64.16705472663861,62.031718163168314,63.150555463714966
106.2353417830011,64.59807553976574,61.525394925208715,62.591446576718496
109.93740123651547,65.53717595699746,61.728606340445616,62.477970473700395
111.82326282152684,66.05761929099518,60.95941612940726,60.957789982462785
114.22531863980733,66.42748921058273,60.47810417546347,60.99179281906892
117.85142154657203,67.80934570551797,60.06668815685593,60.40773681162032
120.25013293973345,67.71619427962635,58.71837730900966,59.71688817414574
123.03206163197807,67.32085957591156,56.631372341512616,59.62743062845034
124.10113384219918,67.64144334246028,56.27067848259382,59.85984402797007
123.89804132066195,66.59766169011965,56.20052990750425,60.02891978382319
124.23527418192836,66.13967220277308,56.3235037601667,60.07826057492257
122.68490097019783,66.72231607693907,57.83213287405746,60.78695048772344
120.35841327852111,65.97241106143485,58.009384990809345,61.0642873742006
119.40007270015539,65.42414334464048,57.11120103523608,61.51383489275028
115.74291941598372,65.161409219585,58.44725137799348,62.28506119950189
113.19523796802196,65.28033096645842,58.27521925438579,62.63136992743473
110.40598327385266,66.35975498533074,57.70651184584939,63.42412101078385
108.8625300824349,66.03811553792758,56.58911830192707,63.57588379230889
107.12554296104585,65.95888096503454,55.60593922439268,63.901955477157486
104.60858848363311,65.76989304528797,55.03938431203065,64.8929379084475
101.46636558270224,66.4080736725032,54.57796524572834,65.11955211788423
99.71361263523752,67.63186282492086,54.4217890117515,64.92969476031452
96.9168476495399,68.20580811320785,54.50181495482646,64.28204832436555
94.6953397937985,69.48179222781505,54.611227761035806,64.31191298089335
92.3421793663785,71.19508060755346,54.87351785415706,64.5638487946587
90.53413373741765,73.04948568579869,54.80726658278189,64.55553912644952
89.27856453099167,73.59521994770694,54.311584316922904,63.484151169039265
87.62302268540506,74.35681274426464,53.73979447293989,61.81646484350196
87.09967632209295,75.34539215010754,53.67792091538442,61.77311340486304
85.50938320410484,76.58640225178983,53.235216135735655,61.32153448567814
84.62552154198153,78.1936562308444,52.685800788107244,61.49067826096744
84.82610543308869,80.24233198822634,52.24396833304139,62.08972262022702
84.9974011332133,82.20171524861397,52.61638852947184,63.39345976156115
84.85377008765676,84.44425113173857,53.62211070359275,63.96124444062443
85.8309422698439,86.97277181796358,54.83631492320283,64.38067401544002
85.90275014432288,90.40303285038972,55.86300251897141,62.87822995351743
85.88235034472375,95.94684828604342,55.71572228418531,61.787669394710036
86.22930279749701,98.9589870773636,56.53663366281849,60.90468819878841
86.54486933980031,104.54694237717493,57.10574166707906,61.01886243803295
87.8780056395655,106.12024031699102,59.74646064469712,62.88345125078358
88.90052486297196,108.51189082821409,60.19582222229826,63.627036214665566
89.66065405687603,112.83328087892988,60.28791429835732,65.91855176753086
90.544163405952,114.22058748277135,60.47879660118193,69.82133724148856
91.32159987493596,111.1877955681923,60.95117586047965,72.8702584729904
92.73543669218074,111.68199154131591,60.65115115177132,75.21377570643068
92.7907485386291,111.02419423130135,59.191772576062114,75.81608297294417
93.41454087429892,111.45868124382828,60.53830411565997,75.75484820570281
93.99170291066159,109.7083972029176,60.051643617153395,75.01478518400856
95.4690739104166,109.55412141981387,59.10172339498711,74.640231281466
97.07372181600743,107.85377467293448,59.28534140216482,75.4429023142873
101.14902188339785,105.8753376635466,59.513616999805855,76.84569918462554
104.09790815045383,105.86538890431517,60.32629368444389,76.26678078511966
105.15215424104572,105.88114886231963,58.546384266932,76.75732507809512
106.53260681591922,102.60919591834971,57.50712828710685,76.71590381759744
106.64437576933652,99.4631173442095,56.063436571678515,78.17725041900289
106.53757390260742,95.70933392008743,56.45849782466799,80.54242224771576
107.38444311224134,91.44290826373313,57.50755725696264,82.02092175378372
107.24030122725223,88.11450814721833,57.18133907381585,81.62825299267271
107.22529723434411,87.11475683622118,54.980512098694575,78.08341357365138
107.08297126922483,84.53789500105421,52.802609097292546,73.28291361117284
108.3965925562245,80.83178227414862,52.855145576027546,68.9547826196715
106.46002027831709,79.13856480367727,53.10687594727208,68.12237600787985
104.82357433771637,78.07724815473455,53.35663550425477,68.29788100986684
102.92838000151532,76.24821557707651,53.476934454977176,67.55036755190169
101.26752286898008,75.16495630717048,53.80299747493047,66.57713084269028
99.3421666089752,74.18792695174844,54.04593716779177,66.24987851837813
97.58147676892166,73.38496637781411,54.69817622289887,66.0270185383171
96.33278106092395,72.2132557224567,55.46317628147241,65.95796426309442
93.41937681311498,70.4985059756716,57.39833743822318,65.70231361018023
92.26940914359892,69.27893329396652,57.34918220108342,65.11989830464509
90.78549111433674,67.2513008474164,57.193498362146855,65.69423668407345
90.3826265401529,65.58309064738219,56.92770956617858,65.57319858804811
89.64465300284567,64.8598821887509,56.61415163591023,65.26818117913882
90.91326047741228,62.17945793059918,57.00297733619105,66.88598770325477
90.92047193015169,61.8098283073292,56.95667882036068,67.08137793124004
93.19682337961882,60.404492380857306,56.181182342324846,66.25581931543383
94.67428758673638,59.88225555717824,56.06072658433974,66.10649108290914
95.58231903429989,60.341447299710836,56.22528502710336,66.22837554217989
96.76573360757826,60.65629691487206,56.37244819011693,66.31759415853713
98.27211706223599,61.53307584526112,55.729706915567064,65.94588749404807
99.4573937043221,60.90514732012151,55.726020696824534,66.63745926600699
101.34996332635102,60.635163679448205,55.70589610120422,66.60085794383797
103.07344708467477,59.94848861215904,55.627321528892665,66.70936127665848
103.25842351438365,60.05223208578602,56.08840809818581,67.3197149055764
104.96516238468516,58.77963149901707,55.66495110953593,67.76523041016898
105.33577649378125,58.123633958990084,56.07377782298438,68.30659560741046
107.642674691857,58.908588027565415,55.99864719831726,68.13221054154886
108.26085269727255,58.207010802127584,56.12937187596272,68.32827270726827
109.68219596693001,59.2101405644837,56.45573746067123,67.27268151751697
110.38089571813087,58.80271687268143,56.18164423268357,66.97711630346527
111.73926864907341,58.43845120593353,55.94181182294693,66.72328679711731
112.85638652329482,59.195443781860185,55.85848549833226,65.414135629639
114.98877531030212,58.43660992715082,54.80025089306763,64.32725011640149
116.71606434461182,58.66034958181656,54.10275290257323,63.12627654437468
118.81667913476461,58.992492598518226,51.74480029980671,61.64074722483854
118.79365875280041,59.11885235991153,51.32376953053199,61.45722631045037
120.33591722837384,60.017626476934105,51.444452774697616,60.55378208031148
121.99582510909283,58.8723692445679,51.30118120271277,59.62151822473139
123.44417129783542,59.470130735589194,51.07740142288385,58.413605105970056
125.9007542412979,57.873194959361484,48.175588075021395,57.59662765940204
128.6663499595899,57.58991158016926,46.67912564234363,57.32173323614587
127.02570495874743,57.616414735301944,46.508984369614524,57.06105480673987
128.42430935967369,56.798442880009624,45.87139776014483,57.017814557363565
128.3961620784134,57.458349628166076,45.97223272793883,57.19461360987879
129.5488320093113,57.465277331984055,45.75070939446333,56.92528029696938
130.55862976484613,58.18792238681121,44.77122923983897,56.948526564268214
131.48973115582447,58.00520225024541,44.07054074010888,56.237810221188866
130.87968414487156,58.39203527400894,44.06791747685846,56.54559558967743
132.0519360027727,58.24062197524423,44.12133246222807,56.59810175263654
132.83270589838963,58.36379080195628,43.18666950204883,56.090106384368696
133.80257649940012,59.417620235082865,43.43667134202007,56.42855347514677
134.80027496170177,60.00922043987277,42.2585656771824,55.65428861244196
135.8335295731537,60.39822625867932,41.617395199395716,56.918330197485105
135.49327710627253,62.774152466581604,40.60628026011119,57.72951183929773
135.8319121725591,63.85887986865457,39.06542370175677,58.87934719628461
134.30727023513586,68.1475720614647,39.732688533634516,59.38156791320341
130.01054946054302,73.91465517408787,42.9742929246171,61.050435135222685
126.68146187676923,78.52921321527572,47.08000837536779,63.92329354015169
122.23069969603704,82.21671306358894,51.96804396730093,66.71612526442367
111.78284019065106,86.49585878879557,58.9323207173307,66.74532771049478
109.94872193308788,93.37604538269449,61.65773191507424,65.92925994261883
108.74871422956423,94.91645077795954,63.76181836704342,64.04363958177622
110.6704855514555,99.26618299286429,60.926057705682766,63.87096958556049
109.98427157368272,97.74418595610985,60.18288507529082,68.79858487488968
112.79742846927104,100.33892809548578,57.22609643059853,71.6310427348097
111.01719581637488,102.73462903990688,56.778108367250255,70.08365940065501
111.62338719863676,105.0453141764235,56.137213029484286,69.28000763348112
107.87135048223661,106.65040517250802,54.57442244861274,70.0588698307652
113.73219537672546,106.1455792849647,52.80759716158815,67.33757983339092
111.89716181297999,105.36304229808714,52.17787486036815,68.07254516456791
112.09581796196949,102.46556080983356,52.7415610975454,68.68057271627038
109.24603377872685,100.30844714263364,55.04342438590567,71.24771447938117
104.09520802332531,99.44903371106221,56.17843466135717,72.81203084447715
102.98910901759515,94.22847396299584,59.37622837594249,68.66500031619583
98.80078016306938,91.89139757137718,64.57716587015031,70.66486721076124
101.13182282804908,87.71820212845361,65.55540036440965,71.92248246184278
100.67899775550472,84.66074819226625,65.36717843918586,72.89591084202999
102.91492279426745,84.57528119811909,64.22647460189478,71.43326939087119
100.41452922074336,81.7990948669629,61.85494729581795,69.3775182738867
101.96385885707593,78.27707794876709,62.97036883369968,65.20174925383301
105.25336399226822,74.36850526459199,59.38116569222139,63.21637387023007
112.15795164098276,68.4844341645852,56.703307533464184,61.81920234954056
112.49219510612153,66.4437990890735,53.31283573990537,61.23811898493896
114.30455576663067,64.28441500497806,51.622852578066784,60.20698786113762
116.42214649339367,59.391862095706685,48.86914695461891,57.67603838182882
114.31024604084106,59.3094866119158,48.79178513999757,56.34504655155902
112.32629997733838,59.25421712301895,48.949984884190414,54.792499591852724
109.73095035430947,58.34381055641894,50.10578727966232,54.633606914505876
108.6309260419301,58.16349366027913,50.344349088014816,54.69216245971517
105.18923382117842,56.27962290987804,50.705394662330676,54.76724648981423
102.06807043020518,55.44629777230402,51.43977161517559,55.261090978829465
94.50530322372963,54.29810871079093,55.17277367949388,56.38325950712908
81.93956488344232,54.576264171925416,62.010381341513806,57.52660983974292
73.76667331495199,53.166676289299154,68.3187194101351,59.07518623976107
67.25997438005845,51.24040483585419,71.66250058070341,59.98778774040099
64.32881448625128,51.45375198830125,71.9332065987865,60.006466970663126
62.92741140300909,51.978114839416534,71.07771808753651,60.18952227429194
60.75021422798889,52.31682660080212,70.3534991563269,60.28526159331763
60.022979750078875,51.459286429027905,68.82841488949069,60.451757952491064
58.988263261070514,52.65134864400193,68.27116940071053,60.278113258871144
56.57418364008108,53.45191108501361,67.31096804698628,59.623216404191524
54.09385286044719,53.38128586129261,66.59473446465249,59.52998504011009
54.050867848770075,54.71849031326212,66.2467140094911,60.665848352967934
52.91905428745719,54.31691125668674,65.26572748465593,60.260739254204644
52.85954204127083,55.20045314723738,64.79519814402084,59.872470170368985
52.51921757269612,55.46972073340203,64.35850699327963,59.40954229784438
52.47723478830707,55.59900252178448,63.88203249858117,59.03962007850136
52.37824433610514,55.265457865832204,62.54032529263347,58.81854105544496
51.49444152490101,55.49591438318367,62.614708869143286,59.08014694164048
51.55611109799559,56.05138339316058,62.83704233037601,59.64866753985072
51.377427561539285,56.144875407522875,63.91268638082768,60.595670937883945
53.037581331160006,57.2020397746067,64.22897552127374,60.79620731602097
55.21914462697353,57.22481223138246,64.67926445699044,60.53768022473509
57.13259671412942,58.07186087256522,65.69653752877241,61.07632525193988
60.04531454106158,58.12519538767128,66.80811359365809,61.848867647508996
60.745339887232575,58.691679511113406,67.98261734467548,62.29268162718726
61.912437973792294,61.37582572217176,69.86393630827479,61.382244429679915
63.637545237018166,62.26022959652393,70.24645493611992,60.93893716925683
65.98474385026111,63.37762411287431,72.86519857877464,60.73637469905607
69.81322980411335,65.31664480889624,75.40961216911704,60.3091389710747
72.33549226221501,66.44496620609746,76.78287289744499,60.566107016516
75.25637226946178,66.89407805587511,77.15653646693582,60.80270997711697
78.88014166654543,69.02370795267838,77.0383616864404,60.83654100382293
81.67176285528365,70.05045844182986,77.34046476794832,60.30601976184809
85.52322271181174,70.69891986286905,77.52191395137652,60.48578149008222
87.74352508269912,70.97038875406486,78.26917542053926,61.14740303386248
96.81823527742041,71.23959929738176,74.8882181658623,62.47577271871304
103.19038998924793,70.61922886025401,74.9228699238479,62.66475578046854
109.3964588091814,70.70740374757415,73.77770005741846,62.54236108395326
115.31679820958294,71.28369476787452,71.72651100270912,62.07056517616502
116.62251256415931,70.28967544088906,70.83145192246262,61.36503083208906
118.71897267500204,70.8211344406699,70.48759175937093,61.38115335987115
123.54974107331205,72.59096335772023,67.88120022642279,60.42172623866111
130.49082360187845,71.63329060236504,64.12104444663373,60.26349386851212
140.25834125811485,72.26488600920902,59.94260703455157,57.15667512513663
146.29933649021018,76.78958678865523,58.437368279345236,56.25172852229892
152.38977477307884,76.14393680270084,55.379157118881395,58.990126272528
152.18252229359703,78.65066058800794,54.08562374776688,61.389947744882555
155.11119541522655,80.11476652055096,51.54842215782817,66.07341495694496
154.96013838770364,80.58344931383563,51.85332857127241,67.56924639185999
156.3954719815578,86.89003426569353,55.74579920094694,68.61376081431607
153.95763617010113,90.42597794424842,56.195979490852466,72.75656461931568
148.7446809826704,92.85692008462516,60.540423190909195,78.28652604168718
144.3208971497255,95.18302221971463,65.58833875718959,83.67915209377387
136.49375547931191,101.70278215596616,72.55680056481364,86.05219935994269
130.63986143832577,103.2555534271969,77.70950441827034,89.31714021591868
127.89754076157611,103.06872050141882,81.8259206741134,90.8106180791936
124.84561052876575,104.67541668710298,85.62622279012474,92.72503332501279
120.53928433925759,106.5980948026298,90.04255558906294,93.60932186934977
118.29153765727087,106.9260101778688,90.96605798623952,89.97314443918427
122.73777133143889,111.67024102856644,88.01310479805971,86.23272961278902
120.04522905420605,116.62991361575311,89.2150838837754,82.19103946771253
118.69719000696468,120.45016504956273,85.05847032786752,79.4326166782183
125.06038347219759,130.5235024969801,79.21987026263608,76.94008607049298
129.02416537881078,132.18542729789397,73.18421318769097,76.17602040421208
130.79970733144754,135.93615834890892,68.02418152851118,73.73666157366654
126.90218871385818,138.71346981892876,63.53812135158053,68.49780401448625
129.296747749395,146.39426338458395,64.82389341722563,63.92335677575397
130.106618510199,149.65380581721945,62.031971719836335,59.082341978842365
134.17865573065387,148.11501074209698,61.967929627559414,57.05180834979039
133.7248066724144,145.15918034363804,60.96457122548374,56.50063955686455
132.38841993205543,142.1110911734209,61.587494242334444,57.353394435384764
130.0394065040511,141.18368435617373,61.959623881546236,57.32158087261345
131.59173118386275,138.42259324083147,61.54273392133703,58.74424528103234
129.9420086605158,138.5534543067373,61.95250001295277,58.22106379863477
134.09165374117887,134.35203087003882,61.92208497369693,60.24579787906299
134.856312990393,131.99739695780337,61.21799230534677,61.794497466229174
133.96300869675704,126.62242834949853,59.323234925821836,63.20634569358107
130.01639508591853,121.84870975527676,57.908463490272304,63.55386222772775
129.2628893013889,123.72879056530095,54.57756917554255,61.663512619398084
128.64165710038975,115.63744839130479,58.21532776699392,61.520665961531066
127.70765648317442,107.38705354296394,62.3948982152918,65.30211056543929
127.10304794353567,101.99919597055656,63.80888824378805,68.56702248759782
129.75166075991427,102.21039613221868,67.14087403681206,74.97659237911733
133.04291757698127,98.59839444579478,67.29102641830306,81.86575688477762
136.99064959782766,95.48273763928518,65.73912927114155,87.75151996068746
136.2193030685317,92.1547203306861,63.822349673483444,88.91652674585434
137.31437766761798,91.69956112140405,62.636564488982806,88.53845405113722
135.1822118118523,90.24250731312654,61.30104268488911,89.06739931417661
138.2986228602452,90.47327323020568,59.882032843962776,87.34390458939333
133.86255948506863,85.69262926220681,58.59494938923771,85.3842269492192
131.63409156827214,82.48629701347575,57.976293181815095,84.63960384902506
129.97813929159344,81.55918830871488,59.75960276446937,82.97230636596868
126.95476787412589,81.19955757394854,59.02665199588885,81.89600509136075
129.74719266318937,81.15021710960086,56.63388005448061,77.17589939896234
128.37541132094242,81.41479124011347,55.6536573385839,72.82045719262462
125.46473282212084,83.48704715263543,53.8809286428677,71.93882378554946
120.20897230404103,83.24480614697761,53.30652743781637,71.2054865829979
116.58058406777263,85.86299951664333,54.03975959882973,69.07552989737742
110.35110085096395,88.99930915247967,54.26538863010336,66.24782639718912
108.68778779234599,89.78303047641444,54.41685910769084,66.00507552178051
106.31350889732448,91.03708570865338,52.95251101394477,63.94813693230261
102.92226791069123,92.07279425153874,51.63231659560974,61.2115587137194
100.592097408392,94.03644677997508,53.747674690051966,58.30274730919045
98.53646474187023,95.05395924815146,52.07678975454078,56.61978841287677
96.7850932782662,96.25870527153953,54.13106161241289,54.37542698133501
94.819716750807,97.1928797577209,54.291337372409444,54.77990515740974
93.32624260873011,97.17030813725694,55.274379406563206,56.80846209462674
90.29228490332883,97.13899734404846,54.812463884748574,58.81854767030152
91.7497299256135,97.63273958967049,56.084478747405825,60.9860314407762
86.77084269132969,95.61470393852792,54.225434978668744,62.18351021376445
87.66155921463081,94.60095546815073,54.2449510287462,61.525902784401666
89.53622312913647,95.17120979521653,54.49576052883643,60.6519499164029
87.75407420341556,97.17827636828561,52.33273294082513,59.199843747803776
89.71832666331463,97.08681485119939,52.48542003762854,59.489181576898076
91.59511126407287,100.10864876166437,52.59151575310425,58.521166832140004
89.20751243875671,99.80276837972059,51.600493310963145,60.00035923665256
88.23431021147249,99.50703254260036,48.427680846586284,60.69858139917429
89.62194185814663,98.00514383099718,47.72736872511299,59.61758099034937
89.58499040901312,97.0024948054897,47.40019435287221,60.20429993980186
92.0608735728296,99.45579356249243,47.303469529145474,60.42511331446828
90.86673738529959,100.94818082729303,47.43202205557271,60.459305459671754
92.55242174212601,100.142194221978,49.32466091027922,60.577962019911176
90.15467002889355,100.27450248180918,51.20489639240822,59.46056229712383
88.709767855704,98.47846352989285,51.46542827784981,59.7663395417768
90.61261091351581,95.49956722088953,56.55911044835901,57.67419014318189
85.89345883870052,96.91364810686727,60.308815965177075,56.09315971888266
85.9329534662201,96.66449488188101,62.74125554314573,55.145482282136406
84.4371664743071,94.33067130865425,62.764201597284234,55.400318149293085
81.19918995159229,92.55311322978176,61.036861796034174,56.699223979889595
81.42926316259468,92.40003575437579,62.79151334766222,58.366859643592164
81.0827916626616,89.46851531959358,64.89075212389555,61.12476745651597
78.80817667158894,86.12380299624748,64.1113535660018,63.007963465512866
80.08993650985224,86.38122877062962,69.30915591095959,64.60233432885795
80.47948305364739,85.50874966252451,72.58288875110368,64.14099371694319
79.53534281400496,84.99229839374699,74.70813822452915,63.38150733848257
77.76523876405724,83.05497597730731,75.7547244982527,63.14155866550257
78.67035288007953,83.55165881547825,76.4919511001925,61.90850793056694
78.15928755169858,83.05105098148891,76.98997287023565,60.36260445792061
77.51999283301411,82.50121844929268,76.36768340135458,57.89934227621934
76.21118851294611,82.9802664491514,73.81167753953746,55.87615228236125
76.90711933004653,82.72292184333112,72.29826439166477,53.93631268540807
78.70673642226781,80.49234732545621,69.34191350800344,52.93571550533759
81.1436637887974,77.24284035010292,66.63502044486614,53.42662703905197
83.3515034699085,75.42441302310144,63.099757952761124,53.72591150262525
85.3260659245189,73.60660094898714,63.18717784334501,55.29677735007262
89.01827960464564,71.26790954820464,62.62968529754464,56.839211421168855
90.78937744526257,68.50787014097446,60.89054442588112,59.39899360476984
93.68599318618617,66.55276450513841,59.00833894501048,60.689545452613785
95.55023699131296,64.76571652594042,57.50320948905377,62.75582891100979
97.44858948570459,61.44618858192122,56.51604429519239,64.98921463303256
98.64700947813344,59.94588099458245,56.26471212283468,66.58116891903822
100.09444010641026,57.26147138038631,56.28530191608573,68.308752795868
100.60522291341903,54.38536384969841,56.448504978825994,69.89559310138443
101.6119142966827,52.887734672279414,56.586016377337714,70.0476812902068
103.23431641766769,50.92765257697725,56.207453590445866,70.41653017319393
103.43279154983347,48.52516543274726,55.80662759369243,69.78589655149767
103.9915679754701,46.56359836710451,55.16293643675511,68.82487540934567
105.27044854620046,46.15269390248349,55.33691052478658,67.73660438253302
106.26168661101009,44.7658816996427,55.005847359034505,65.93250051673023
107.03361426165863,44.684021759260524,55.64557054894837,66.27075042679145
107.50817318055286,44.57916320070128,56.21293220334739,66.01925538570681
108.14692872076284,42.74186071894396,56.463375224489944,65.31120043711208
108.51675637118196,42.844327244258324,57.10853132501891,66.06029265503804
110.04003720270575,42.903680333189754,57.12755193736194,65.3865632838158
110.23213143432874,42.8507903095736,57.27578840087378,66.01437702245437
111.39495871742754,42.64454834834852,57.23600724776211,65.58005918709202
111.9495386207231,43.835987231124705,58.47004812476474,65.76602907778965
114.22337332735293,42.288223201765575,57.964981250567575,64.99011243435947
113.59944497148666,42.87637385240458,58.0259483138626,64.70164377468302
115.51583850496398,42.67483492210607,58.382477042806414,64.3338628706316
116.99931391013325,43.1915913774817,57.438689074264744,64.1330525965991
117.90365602877979,42.714177889762254,56.2266692656826,63.696598444108304
118.88501885642178,42.680129083374695,55.51749890825019,63.52238648657092
120.19225036258261,44.30120933280237,55.86421753655353,64.31144547013744
121.45055876956681,45.385361921688386,56.80881288078827,65.21078250427948
122.3227848473334,46.18620249266253,56.407591926426946,66.10348612795619
124.93303277616349,47.13973252215197,55.702156493571465,66.36422697229763
125.314505879563,48.89897014632275,56.691972127592734,65.88753028840918
127.70976591495359,49.64906909943936,57.07956790153813,65.39351219174628
130.07508320853896,49.811173192238094,54.663645838781434,65.62682964091444
127.98418312037641,49.87644833083817,54.90675582955967,65.56028998383147
127.09957819555655,49.33561456296263,54.17436350634786,65.04660534673098
126.14216703485657,48.818442000770574,52.577818029896235,64.56024429435729
124.7767503681358,49.89409324034655,51.113872920954975,64.50768143922878
122.42969628612755,50.52008023679483,50.90734631934647,65.41571110844158
120.3736198813819,51.24737617725384,50.523237532158085,66.41335921775794
118.18381420441364,51.68719452780376,51.012330697618054,65.05835020220498
115.60975704375267,53.198891506988616,52.16969184511187,66.29859760125714
113.7551480305579,53.8296284775674,53.378772542399815,66.33589074994333
112.19568876837147,54.33201860844088,54.3364667015383,65.65893031241511
109.18772003250362,53.69779475286903,54.85206847991465,66.33455880969163
106.10883274712667,55.574562338746524,55.910187899301356,68.83155769555383
102.30645743056635,56.831972131317315,56.99784868867199,69.49778364263881
99.36487228295869,56.88138875243835,57.80780731396545,71.20357686524049
96.34658337215171,57.96810954604506,58.45307349007156,70.15684426240206
93.91139557384432,58.89664677067087,59.32575316383482,69.84734671744732
91.14527962398063,61.15606074726756,60.2631364307497,69.83919991659769
89.7124319182981,62.9698847705227,59.87703130500538,69.49918004391554
88.83203991979212,64.02026528322648,58.93014318287668,69.11713850092987
88.60325382416971,65.01381557058767,57.85847953427778,68.44381966448874
85.8526653274032,66.60610660534951,57.89052505808423,68.45558769262128
85.59808721033376,67.17465835804302,56.91355153148092,67.30455291282021
83.69115744537842,68.19209468672351,57.229318410024405,66.76072334627955
82.85300176161226,70.72162115007205,56.149037980681726,65.17951465786372
82.4107841339074,73.49464965836128,56.46241305542739,63.896336059254004
81.52704658827722,74.92453026797419,57.43664473848462,62.67828321405162
81.60163163133896,76.71750992237766,57.76650907618927,62.0626913368853
80.88064258042232,78.0667711236162,58.29819359892099,62.12402611214257
82.07380819921667,79.79558115429793,57.879315364261956,62.10256327734163
81.33530862490858,81.72040092712976,58.66252789178441,61.46865249144361
82.18221265387473,83.089727482629,58.89416539049272,61.69401915583575
83.99813619418806,83.7995689775164,59.40582722099887,60.973921126998455
84.65529071978625,84.30589491183079,59.52233482019312,61.359035371650904
86.53018050242426,84.88923137545423,59.18013276956553,61.930201189521235
87.62279703607871,84.43840474563878,59.57503886241291,62.47421895110526
89.0366740275972,84.4994596312101,59.62150668113374,62.44202922390791
89.1393964028099,85.73480679333437,59.44638114457554,62.22936102270627
91.00147802922362,85.72523424272077,58.90826830678712,62.02232509366003
91.222211746623,86.16636536114474,58.960926238199306,62.130465078491774
92.10554750792377,85.9818446596352,58.349284012472765,61.79772425494835
94.0174674773203,84.87774851634873,56.988105816843785,61.76800150245879
94.94329232744133,85.40500311226958,56.96285687343766,61.87860766706238
94.73761237823702,84.62031972214058,56.83777878356503,61.23349690825792
96.2638561833946,83.68025436034077,55.68356082657018,62.38457794924034
97.4633255485574,82.83514503947623,55.20545949858831,62.6026743985866
97.49974617797832,81.70853928214534,55.09874372802774,63.22220366227182
99.03365669956763,80.72835230284343,54.35814741629442,64.52106333864909
98.86655670033846,77.31664849470704,54.13260925557309,65.46626660921872
100.74925830681124,75.45501943840691,53.36310142836972,65.74679095717057
100.00848825817393,74.1333346349642,53.560507614511515,65.49662113534504
100.11895204918565,71.78775170928829,53.78110835280057,65.95373242126718
100.0963956403522,70.58379178327371,54.22215622906123,67.2420844022026
100.77671529109446,68.99258953502695,53.918142293787646,67.30489051002421
102.4192131584987,67.20943050637258,53.41976765272915,67.02332343549702
104.77906172590144,66.84405537823358,52.79789461460335,66.35394246618908
107.31388485605157,67.65850448596791,52.95706915508437,66.58240509056417
108.44498835041615,67.99407559854073,53.527946272800506,67.12152897869979
109.56754028973546,68.92984737231211,54.7270867789275,66.70892402978984
111.18366609012469,70.42754256160791,56.31150082756311,66.20323396858106
112.05312648333395,71.37085745219993,57.748681725714896,66.7324672245064
111.97132437874976,72.56172775678704,58.652199875313,67.39163542880874
113.90607974326522,73.22725220376196,60.05218987870393,67.18528135907763
113.68099913943138,73.26157341819919,60.45839051508257,67.52868727004694
114.74538629050485,72.97195958323,60.456294679732494,66.97894765482906
115.37535170661589,73.64738582112822,60.31757966782292,66.75639107747011
115.82784363954067,73.64260434264948,60.07047849240304,67.12331487427136
116.08090252767718,73.5924717935648,59.73795995929406,66.74814662283134
116.60146245841248,73.17983272121373,59.91346912614379,66.67887825874442
119.29451962595216,73.32125153977593,59.142406060595675,65.23574704251845
121.64353319510089,74.08031762813273,57.54588038714198,63.450692868734535
125.14356711041638,77.35504053074857,58.07069964147191,63.90120128713567
127.00819037175454,79.87504313861346,57.993339105123745,63.82892373253869
130.6494936748832,84.10308979975585,58.543038407069574,63.29266073251954
137.60671846800886,85.66807895024871,59.755480910661944,62.23400201161196
144.32913874932902,88.70971196244031,58.622499478881004,61.26095022062718
149.94284977663037,92.70603658368329,57.87868948482518,66.55423542638343
153.57125652689305,95.37230865529885,60.99058936320606,69.42536559955855
159.3267590297121,97.63377537154963,62.31179871303678,67.4785124893226
163.31945878644444,99.30165925486776,62.320387236681434,67.14350766213947
169.3332815789451,101.10665691846275,61.91264521613322,64.51382849705888
173.064756489792,105.14844031400285,59.71062068740821,62.73900804386929
175.65286187962897,107.78031768750873,56.51071300832015,58.99655456638878
179.51575958164722,107.43282957725643,55.47255493338528,58.43324526443247
179.62063216204433,108.13612833041063,54.93593599329413,57.76846904718654
182.62765541242413,108.32758189371795,53.018370815776706,59.80348489420473
183.1923509203155,108.98786607994069,52.48128021503304,61.5686709162905
184.39673560500785,111.29043556865446,49.614884502874915,60.71048018105046
183.9970978983808,110.4917334001027,48.738989017691544,59.37929565096648
184.6229784533739,109.43283471566482,47.800368776845986,59.54305249249847
181.84316273670788,110.31145126101431,48.89088399924048,59.57071625238544
183.3650783198553,110.63994170997245,48.54985739837535,59.792275393531675
181.39388030616666,113.18339171367542,48.599644783174476,58.9310528763601
182.06952704688297,110.02642840438465,49.31797715623405,58.91467248810571
181.9236855380052,109.78997249631844,52.117838884927096,59.568721389199055
181.2850049929168,108.55063853157847,51.98904152783824,59.57981424543682
179.61367572391524,107.2787018616697,51.9097792894742,60.53202803935591
181.44484117512147,107.07917266368887,49.87972682944455,60.46540345191913
181.77528835377586,106.71629510237486,49.7303833754561,59.384228032554965
181.37639437375725,107.93223552249127,50.47978571537611,57.27993813470496
180.28427406146187,109.53362118824577,50.517129977662194,57.979922540500645
181.03528188744087,107.43023030739681,50.04175617140734,59.044934893018876
181.9755973270917,107.93145975600325,49.02320109776976,60.11144572236851
181.71873156260216,109.07020510477975,49.35042444803784,60.76196405801865
182.20650260645616,108.59642851486336,49.45253433786893,60.56878542632798
181.770408023934,109.79078716589936,50.7044537275226,59.99761878343567
181.37735479222428,109.63542867340296,50.824102061059264,59.93423603698315
181.8084574878824,109.48807646562001,51.0609719871258,58.912854637119345
181.16940359868022,111.07670132246294,51.04623308584266,58.963067691988186
181.47533952068386,111.17790716808612,51.092503331679154,59.653524042734
180.614111752415,109.84217844855108,50.406236944388766,60.989928991569705
182.12437807939054,109.5076509614718,50.75778986172672,59.93699910244702
182.14996395588744,110.3050251388843,50.98377875326418,59.56861488336419
181.81421126104252,109.54029185168181,52.31051180408685,59.689374792730106
181.48317804336978,110.02069676649168,52.91139049529167,59.83900807834475
180.23064230158687,111.17007772196845,52.8787880286622,60.312432446688106
181.4103829487293,109.53481323372151,51.453846529299184,60.81092773177575
181.62493815030018,110.32908600673986,51.428865154477755,61.01725828437185
183.7501927541163,110.64603861906775,50.11645103961891,60.88747293276295
184.77851645966086,109.59042210806348,51.16974320372515,59.19996938250587
181.8155402709925,110.33500020732733,52.935813989265,60.25073017616565
182.1746402947379,110.29156627760803,53.62514568005541,60.423321912557384
180.66252572163017,111.30383029536253,54.193472726661554,59.99013298837649
181.54788230443472,111.57408891629865,53.312835244646195,61.349426537519875
181.001688071701,111.61913676528818,52.808971268707374,61.959785551454914
182.6005851347193,111.58875842208923,51.487626727631735,62.89654931793093
183.95323722145423,110.11404002427773,51.10182633834157,63.210182890897684
183.3041189875136,110.77440063545995,52.33635736188687,61.339290770095715
182.61344899619314,111.01508919645613,53.48310872148092,60.327563916658036
182.3644482284127,110.88965393867542,53.47662417305739,60.61784788436789
182.64410765604657,110.95443891937879,53.85729250040687,59.85963107237525
182.4182786416605,111.11528305795679,53.838232145389966,60.19971647685988
183.2348051184173,110.72100336555279,54.1407260668763,59.797220563816296
182.0166636437955,110.91920908997733,54.335920148932416,59.705115145240654
183.2930270708208,109.86382967912336,53.90724724995995,58.75073419644078
182.23662559563877,110.61904832792096,54.86526504407403,59.34080654240026
182.16137511855464,111.74579678908387,54.21272644746104,58.44422795503539
182.96201027852788,111.10959590201288,53.80089399372551,58.39671395769298
183.06049535347938,110.8014964752359,54.03059010358808,58.96896749874697
181.99800555008096,111.07407326507402,53.808081307064626,58.60514936828946
181.85369140129163,111.54087993102581,53.889373178862044,59.08463723267492
183.07159088786045,110.10058964696103,52.294898058263456,59.59551260060919
181.85559455533394,111.91209575729607,53.02327744206649,59.301327284235995
