152.0,102.0,40,67
150.85986925691705,102.64339154431022,38.32715174495496,66.61708654028583
151.7315184197474,104.43087354467463,37.75897854136455,66.91194981006481
153.3342929808157,105.50741992116664,37.06598740262646,66.49286584614327
153.95450971056263,106.7145825158497,36.95076756617943,66.29449829837873
155.7590765881741,107.50634692964927,36.667286887128355,66.28100731257646
154.8491012809964,108.54905451595965,36.67664485011661,66.31886789679163
151.83598762465124,109.47494238114068,35.94209945772876,65.57152331877333
147.71875697793558,111.68200601753819,35.49601875897256,64.7345139659002
144.34471670268508,113.14017365445707,35.863835027247056,63.84361509342962
141.10442501736617,113.32317758104718,35.918942323666094,63.81441449122596
136.4308968804161,110.41990532331783,36.75682806533967,64.40141554965338
133.21569643278158,108.04473136312234,36.578998369788415,63.61750748859909
133.6687457910894,108.55381922846709,36.64506762192275,63.65896310556583
136.83119024820564,106.53269625561633,37.17294665202621,64.6566686459939
138.85341253190148,103.98102965029726,37.78885669889237,65.83820315057736
141.95937504494407,102.49295469184437,37.923657136674365,66.22095401963156
151.08443396553477,102.91913515986089,38.84336961775858,67.5608690845751
157.25905013451796,103.84183096230696,37.89561127881566,67.89461566327671
162.78209177450478,106.4208718344781,38.6021372517717,68.29425791795784
170.54895291487728,108.83939410820841,40.1083777395814,69.3300008460832
180.71757674888224,111.01587479115095,41.41512726395429,69.78204741476841
184.80182095448936,113.56192893607857,41.90842779316971,71.13989029678817
188.18441131702227,110.60012026602158,43.09739440697108,74.81001337420685
187.17158593284327,108.48965375678557,44.30489942337594,77.41778721299137
191.98332182426077,108.62872180650471,46.21333376847066,79.79313927273276
188.58585121776088,108.98099992493223,46.25955671975169,81.60945705931522
183.2556453319048,108.45884148763972,46.72749412622949,82.672511726869
181.05679142998005,106.78974402668814,47.33282827285241,82.93494676107684
178.76293537484065,103.50048711532908,49.158363869459336,84.68442005645122
175.59682208296854,101.76403731414246,50.74062097078165,85.60812532288696
169.63068356560612,95.41423109121229,52.26774663831903,88.17449802265355
160.68939714816315,90.39414784806422,53.14958705132993,89.59967427457468
155.58264498786255,89.97593074631415,52.43349542466552,88.22422493315295
148.37362129956384,92.59835143761609,52.4524339145442,87.99390991773657
139.78893425302923,89.17958267111345,52.630017236129056,88.76195892535124
133.41079371731004,86.42425519383883,53.59451974311428,89.72522008107234
126.39363014607913,85.26796471559157,53.66394210041986,90.0598347289731
120.19460579413727,83.00592707265882,52.85993391953796,92.12828257343236
113.02904573582299,82.84597312658032,52.89469783499463,92.76383377613624
107.27974941296476,86.70998873172105,53.075480422117344,93.14362116937039
103.0821213011739,89.81544485450306,52.94214167499595,92.83438128708765
100.18287783727511,92.81315445522324,52.43105829029352,91.8944125251004
99.98613800481039,95.19729772586993,52.538283072410465,91.84933155021328
100.85932922532722,97.7085541527904,52.83535766262682,90.01181625496608
100.9694653015724,99.21011542768426,53.65954962146457,89.49767685947523
104.06869299236678,101.121165789419,55.03058276526643,91.79547970045887
105.77026622964922,102.21904488327374,56.450220714529685,94.31245954985877
102.19712173083244,103.90884284293286,57.02497650903824,94.96762315202491
103.44336534570013,102.19988780352367,56.940509298834115,95.41870583826517
99.6409555796698,97.4798294024563,57.6037089578479,95.54543763063427
96.9647688657713,91.3965281104874,57.01177696572301,96.72531536105645
101.26838977508382,90.86718159456524,56.059442373660474,95.17774618586954
105.57087422400448,92.82535752855085,55.57791707933478,94.71448880032017
104.50635183201975,91.85907896671311,55.68852924611676,94.80180056266752
106.8978095457224,94.32523714530481,55.35214702183646,93.9184038832185
107.19869826937052,93.4301528884736,54.78921845149333,93.19444275820905
112.20924330703107,93.38135737348719,54.47128389375036,92.06342661044751
119.01464682815836,94.837210284078,54.78284013274577,91.77873494942213
129.67984597022297,94.05844620158285,57.046802200179044,93.99086516519365
140.82957176250787,93.06051839317142,59.182378691781146,89.51116536209466
143.46971103006555,92.46613764962562,60.93695123088452,85.77695321637376
141.32431814638085,89.8715144734671,62.45426898067579,87.18427818197203
140.62238087452283,88.90335607233108,62.01143331931369,90.73283863658784
147.74874319969683,85.87004303070475,61.45157976271572,90.49932433898113
153.09900752733483,87.13778808599356,60.626020589861554,89.623380126841
155.17380181309701,90.87637765727521,58.29991834646222,86.03600200966834
162.76742119112018,95.48159799558533,54.90119277400963,81.40768413578246
169.60611932365384,100.83728055127426,56.16633190933294,78.59988347752959
175.9538350857371,108.41627435613893,55.579848139072666,79.31585827014402
179.88974124486396,113.60698650350452,57.22240960011584,83.94514564533472
190.7182164361031,103.0671858073338,59.92886253795008,90.21310152986365
201.9319551732337,98.57761613781166,62.136761040251386,100.69517055640793
210.13144187645008,96.45920586284254,61.46715775100607,105.27091932900244
217.6383177450424,95.83987186134061,60.878912605618304,106.12604241013128
221.28026325685218,96.02336789435607,59.06960043942066,107.60084721910036
225.89128693416052,98.5067391774097,59.9487798914446,109.26194278775873
226.59215946953958,96.80915812244152,60.31476553357711,109.85275309105447
226.3301103369242,98.65115514677669,60.661404082010954,110.74987476504037
222.9121016217934,96.77032404088561,60.277878055241345,111.2560132951819
219.05509725579657,95.99531208992767,58.70825641614125,110.08600545881656
217.36407597775872,93.49556537338431,57.34692128667004,107.69524010284076
211.86078407110085,89.01207518121129,57.87645431873581,107.51640749890555
207.8114059569367,92.9782329098554,55.81358945331407,102.03105249083609
202.89751173252873,91.85267867606966,55.11989352713004,99.55407257950131
201.19954956256572,92.42837067899256,54.16858886314983,96.07807309513989
196.53408313980373,92.73465481436354,52.334848857111325,91.88994330096043
192.73505033131732,93.16374422865583,50.14281437642788,87.30871149386022
186.31283640339544,88.69701965898572,51.18102885336538,82.38208372890355
180.1037086770099,84.72376942200101,48.96978296336301,78.62552023802922
172.89793860557842,81.42938522135262,45.73097825759318,76.51033966471664
164.2271970735501,79.80134151609136,43.92066688805606,74.9264917725048
154.70366633102003,78.75759121769241,42.848496195381784,72.80509954703705
147.98691564241972,78.87225881328969,42.04508961359807,70.99095600623312
141.98220975092255,80.25581325912447,40.955593925889254,70.2279059524542
135.82038793038873,80.49057604498162,40.25941639996473,68.87749048816174
131.93753511361058,80.97095550651433,39.886358605786675,68.1442858863854
129.1982689775313,78.8853701525893,39.23108655665615,67.08842107177453
124.15793690119735,80.5226597713465,38.558241187839684,66.1690817024242
116.55080106554863,79.506851939953,37.70747990015275,64.76318210642214
112.37314193752151,81.20340473102351,36.336327208941356,62.657460557484214
109.11214779265703,79.59306797482392,35.466362984021885,60.72804862066464
103.40898941913683,76.43730231960512,36.37823393028103,61.52392441352413
93.8323764414585,70.72038986608526,36.378353196184534,62.97854705005605
86.5084559699539,66.95880294393139,35.86458830423281,62.94729279377784
81.35776388122468,63.500908175947245,35.80406452270688,62.15731755923832
78.08155504668161,60.375964745074,35.97400538515241,62.09906843465668
75.09763670169723,56.84598999186223,35.8879938085196,61.3207305875646
74.79542321683653,53.68279794126247,36.11787854191287,61.26154034794381
70.03287538516295,51.47202630773434,37.05024654412723,60.53745373218757
66.81769213540305,48.48837116695837,37.694709112982956,58.87947409674731
68.1930125673561,48.63314174164868,37.293265636772155,57.99546578428077
70.54026080716103,49.14371296267235,37.68746849798263,57.01344687738967
72.1075480426719,48.72894118927001,38.150947005476525,56.52742340759279
75.24322056638007,50.07754319800811,39.58829641606796,56.37942898484316
79.91070750335517,50.49615646374213,39.73456949035997,56.31344268775011
87.69470720740786,55.48908879971974,39.460576429910844,57.412844129076156
93.43503424359264,55.85256696163638,39.176684442502236,59.84688328864131
101.21771166079213,55.57748012836165,38.04435878290792,57.7172321260892
106.66035919820243,55.11914910194756,38.86035765339982,58.99470350508925
113.00820811389698,53.50335847701386,39.82037576439353,58.77647091218321
121.61135106644045,53.86775724151335,41.761062515556596,59.86072269959048
131.48424012872434,54.46311541790959,42.714487882199755,58.35169274816519
141.55570905397457,55.26406638155641,42.55790867427744,57.997913989816865
151.69558123380924,55.545738324895595,42.394024299959646,58.14515665099005
159.09068019009356,55.4930393730313,42.76224313543789,57.9447073867499
165.52687230004042,57.66075824982205,45.21114797804415,58.87280417906683
176.8203351434789,62.02163685742232,44.38430835073751,60.617309781249105
179.76505258500487,61.037529589687274,42.880615655185586,62.08811831085983
185.95674924696908,61.58035413114514,43.55931034395248,64.79621617618628
190.8297016853088,59.49341395635376,42.69675202489023,68.32683175526122
193.99794550649816,57.75667782146259,42.38283213153494,71.27886542641076
191.69977696520397,54.76845824482271,42.61176809107642,73.1957800435577
187.5517035435435,49.524236812913095,44.33700734162392,75.79620716030662
176.34527643595516,37.55258634005851,47.90368540933966,80.7217621343361
162.47234016399292,23.91547945415465,52.285010223771984,85.33829157997195
151.41244363935215,15.785457166122029,53.12343120274099,85.81092160525594
138.88585327475238,14.730939365568297,56.673712762018695,86.66644768487903
133.7492820249098,19.852068343571204,53.02580423631322,84.77346341051384
131.61615516641479,28.162234816853342,51.16962142986574,79.52309506355894
132.91976014168029,35.07129925004924,50.66952817855348,76.26337684169839
128.8418176659216,36.63824997623745,49.04185905292242,74.3403671129548
125.47580514515883,39.609748396858954,51.67786053487764,75.28427212718053
115.14158829137622,43.47940957120204,53.05346282154443,73.77752424138498
106.08740160733011,44.577338604265385,55.399644417175715,71.22943228853954
97.75451012490112,41.83035936296052,57.37679823164308,67.92050380825864
90.39316367981218,40.43649237917013,57.99663162475065,66.18362534908161
80.16286398843661,36.02947665423491,57.43991228191585,65.65743157922549
71.45153314731158,32.177281882155796,57.15065990166589,65.51300520541497
65.15507503844617,35.15101103366932,56.8912049035764,68.0539197051223
60.22765243608302,33.92709173004778,58.392122495998024,70.9727818719357
50.28673991536599,35.44462707634869,58.38678628254927,71.204343259412
44.9413740956503,28.668029021121498,57.09202903037908,69.5483413718195
36.319666582996426,29.486040695434014,56.3078714238509,69.60991934155385
36.74513732330978,31.478272903884537,52.8840081902945,72.08581259066843
33.530435315443725,28.914633369155062,50.45155002340943,73.58680992184613
33.42697468341013,26.73461441867761,49.3333217513438,73.60196867241041
31.625995933930035,21.55167893470427,48.55396211163212,75.77750150559146
37.822506421841666,17.351166106861427,50.446036350652605,79.22161798158965
45.96820061382379,13.692185330131224,50.15864576942273,80.10546698622193
52.933796727598676,12.124302487364815,49.591863942263586,79.23866919519224
60.38360579503726,12.62312134254013,48.06489595387079,79.31573851609161
67.24525059338136,13.403594872131222,47.42470572241698,78.17672749206568
72.87488207028608,14.922750458672517,47.489569965873144,77.78133013734247
80.37131005066144,17.4634507744547,47.87671888793493,78.18241241593435
87.05054961018254,20.996096104932043,47.61595705404896,77.11727434287029
94.0816326331915,22.47779403057025,48.21190258029668,73.44381074257043
99.98429448552852,27.450013059351477,50.29775319202889,75.24137707953923
106.84790031781672,31.273914156835183,50.022537377061866,73.5624164373062
111.86648760304232,35.51349843467868,50.53123072653256,73.24222920486139
113.78342350251818,39.81374853374172,54.72253592953396,72.85214770790718
120.86470332670535,46.62001712125912,61.43409127139398,77.26152215396614
127.13725382147099,51.3749734886551,69.42234599475333,83.37007865745542
138.60862957847115,61.721393743229555,72.81925512528423,90.14107481822839
151.27507344691392,67.68579680576937,70.20374409738311,88.75902162283626
151.98980120462997,73.7136114958736,66.72131006632598,84.63820669575281
157.2410047002746,77.93098743270191,63.99603320198986,81.3004091677993
160.10895182156906,73.43981085760711,62.50842997502592,83.31617906603576
172.5796344635108,65.96892336342788,63.265764642314295,91.40630000165986
175.2579234994647,68.01760736919145,66.94882890439092,95.2721583084921
174.89596147228423,65.07755270767427,71.31111965797064,98.5369417037921
170.32132990502865,78.50188088100776,77.58138498974739,107.7377238336876
172.2749982926634,86.71907220017337,80.39322546057161,120.603542611372
171.97186461442362,86.14164755176756,86.06971376431679,129.254088929668
174.68448615614787,95.5140393152779,90.40533493868082,128.51217405499108
174.97516150100367,93.57326670340626,90.92106066498484,130.77192362443748
169.0527606659211,103.84741040246361,91.59563528436871,128.8325534626509
162.82539401723116,100.80973646897036,91.83219841573299,133.0557284780749
167.49323563471225,99.56931513402347,86.01980009288019,134.52466929249994
156.78954652812706,96.91611833513852,85.0935906595662,137.3809591305042
147.05372522939845,100.39778589797537,83.33348276874216,135.51152659272114
140.34872424388675,102.7000214924636,82.59123254249992,134.98640110686966
120.91088354377278,97.48408711152695,83.82403064194662,136.4912984331961
104.20043562222381,89.54326710488809,84.71038058660706,141.04899435467695
94.01625151208438,90.39709423239842,81.72764407055782,140.6564035762188
92.30747769061779,91.82235994039188,76.8284497701316,140.09514828327875
90.14561865753498,87.81935417290988,73.42938951598471,135.62783218152398
87.82938097493404,91.23231377996808,73.71759608235848,126.61746472522009
86.9145184676924,85.0648203905587,70.88069512027926,113.77102450208574
85.66063133135012,91.97613107515265,67.99390762538572,104.62094951961657
86.64521205538455,92.80321154097844,65.19744515192622,100.55440455476187
80.53234383425462,94.50582952925284,59.911188185982965,95.6811815176662
80.22852313019254,97.24654484286512,56.31115747496648,94.23319815606663
75.69579342090512,98.52595213864419,53.235717235338214,91.86484376958663
72.74496299411787,98.02891893348738,51.33949600883457,91.75115261154087
76.61284844278022,99.28469503180945,52.118556654478624,93.22013020005298
83.110211483436,97.47385283765213,53.18825318058894,96.12809998875824
89.61031492194192,98.67403222933783,53.51067813951461,95.95497509210558
97.19599330912393,99.61359487231584,56.373104324134935,98.76746967919642
107.19248531426804,102.75123256896121,61.78017524548735,101.38169013551507
116.38143027918096,107.0519240333478,64.79034683909903,100.65802327119502
128.5332232549928,105.18850319377822,65.11563661989722,95.04715743080294
134.52460418995798,104.36471971619467,68.48840453512307,92.40285426878253
142.6610335212467,107.08868145470844,72.27865622410815,91.47345496167688
151.31396197390137,108.38583057943146,76.84136010981447,97.63602316730896
168.15557453726962,96.84642526564282,83.60601095964046,110.9080405819956
191.15610836892102,91.61782403688935,83.22820379438451,117.54285534419006
199.86154981452205,99.44587427409114,84.60058506333874,114.90091502603647
214.68797300970343,98.39447638952294,84.35264589953846,110.86137681079789
224.97795261386662,91.83511700120982,85.07584831230582,111.31710120265848
233.04090823217467,84.43797304318156,82.92634698779906,114.12796016363689
230.1915182709464,81.78410484695839,82.97858150009937,116.31838698577073
219.8921975069589,82.85486822608414,79.3448927058088,120.09055651658174
211.5733242927695,81.75076088911285,76.68872433926566,121.1026041983368
202.67721260497322,81.73108162574539,75.59944747071764,119.88195295944672
187.88206863211124,78.12657423955557,75.84732818987908,122.03988130604512
169.72513689000561,78.6079096023722,73.35168239674658,118.38607898861497
158.25009768198078,83.32867245279898,69.0788909397494,116.43671027018328
149.59597625888318,85.03937491160127,68.6864501921946,115.39192278421933
135.2059344709782,84.44364654250302,66.88138972503576,112.42093445405646
123.495994411136,82.02934323786397,63.680877999017085,104.89514042856892
114.17706920120446,79.66911143987849,60.77728554778638,97.52518044055552
102.8514408633246,83.06647866753751,60.40199193057735,96.61191571179998
80.31069574463635,88.91617918036506,66.63692455076637,107.61863040880112
67.02615957417483,83.11104081999545,71.41748370809566,110.86571743227472
55.003712034313736,84.41927514364771,73.23355798703659,116.11414746661083
49.69437458562915,85.65044075628411,73.69589133167139,116.19179426868178
51.88897901191357,86.09733214610236,77.6301077720713,115.4335400534984
62.53926649586093,89.28467225023448,85.54828280417658,114.26772214992167
73.09974400136676,92.82397913997582,89.49565665058678,117.50792550911086
89.87618268430062,91.62401705037992,92.7911984741722,115.73917903400579
96.84793791900275,96.53941283228271,91.75027589539295,114.98816041941896
108.46302712751913,101.58676699072117,89.97413800570394,110.79616206347953
126.14312077107974,113.05495172013832,87.53793143147333,112.15138806362962
126.73830261542795,119.21600356905228,96.34659118027692,110.90811127009857
136.03922440601207,128.27023160249803,104.07677884910865,105.46573186336335
153.3320714620114,122.93031374779564,104.34865920000064,110.16699091261185
184.4078204262466,122.87961244262655,101.14415223832717,107.65444088623127
203.76345483823744,122.44515410124266,93.12963024051732,103.55103701235842
211.5630657785756,116.750593363762,87.7469916117941,105.81732523536665
218.62759759267482,115.03199886932083,85.79962964375191,105.18246222229583
215.32501169820748,108.74052211536417,80.27067667682724,109.58057075950605
210.59755018991876,99.81910292736566,74.02387850199844,117.99201265112805
198.48333025312903,90.32557176347987,72.45471095370289,129.3811440706965
189.36324512006775,93.39132953792529,70.70681359287232,128.00823447883693
173.32472150309988,107.78150338432604,71.88588109047994,121.38297711806665
160.25587698080056,105.9230601760409,71.06186969562546,118.01493311471506
149.3337119519798,106.4980158524712,66.14792948959507,106.7350473966201
139.63014023398398,103.9449665340112,61.27302946855545,101.55922464682136
129.6274270962542,102.18074842305775,57.97001458190569,97.16813572224387
124.17053812484369,97.86446978715026,53.76465189972667,93.60925622648074
113.98352776530915,93.73058987041206,53.776001720358266,93.88409613808213
99.73137444340378,87.4135410296641,49.75857984854399,90.1538749719218
88.06209320659107,84.37825708704253,51.89093504677878,89.1725019391962
75.74296860289195,83.75365234721069,51.72977629519268,88.73457762979737
69.1148742722434,77.80324414043028,50.74957579633352,87.03477758828006
66.59352394753128,75.44829879033482,53.128000322710875,84.40613679433037
67.33797443707734,72.4516815265772,58.04516623815001,83.3850890952831
70.67165857153314,73.64452349449166,58.33162487353527,80.67384363601667
75.79776462248856,75.3889655116763,58.66284783021818,80.33660144735053
70.99663957054918,74.40480721104194,61.362967807143846,76.3703172185411
